469994.0,471763.5,473243.5,475131.5,476484.5,477971.0,479219.0,481294.0,483028.0,486312.5,487671.5,488016.0,488056.0,488016.0,487671.5,486312.5,483028.0,481294.0,479219.0,477971.0,476484.5,475131.5,473243.5,471763.5
427569.0,428855.5,430044.5,430301.5,429785.5,430472.5,429653.5,429395.5,430134.5,431610.5,431120.0,432086.5,431313.0,432086.5,431120.0,431610.5,430134.5,429395.5,429653.5,430472.5,429785.5,430301.5,430044.5,428855.5
490691.0,491320.0,491046.5,492024.5,491672.5,491680.5,491904.5,491974.5,490889.5,491358.0,492591.0,491550.5,493321.0,491550.5,492591.0,491358.0,490889.5,491974.5,491904.5,491680.5,491672.5,492024.5,491046.5,491320.0
447033.0,446885.5,447382.5,448752.0,447441.5,449709.0,451621.5,451610.5,452108.5,453430.0,452886.0,454419.0,455659.0,454419.0,452886.0,453430.0,452108.5,451610.5,451621.5,449709.0,447441.5,448752.0,447382.5,446885.5
456047.0,457480.0,461495.0,464671.5,470379.5,477684.0,485197.5,491189.5,498310.5,503930.5,508145.5,511024.0,513550.0,511024.0,508145.5,503930.5,498310.5,491189.5,485197.5,477684.0,470379.5,464671.5,461495.0,457480.0
443334.0,443659.5,445138.0,445609.0,445653.0,445035.5,444570.0,444688.0,444449.0,444853.5,444306.0,446887.5,447208.0,446887.5,444306.0,444853.5,444449.0,444688.0,444570.0,445035.5,445653.0,445609.0,445138.0,443659.5
468203.0,469909.5,472067.5,476539.0,480097.0,481825.0,484087.5,485228.0,484971.0,485381.0,486309.5,487247.0,486353.0,487247.0,486309.5,485381.0,484971.0,485228.0,484087.5,481825.0,480097.0,476539.0,472067.5,469909.5
428926.0,430867.0,432210.5,433293.0,432876.0,432329.0,432375.5,432771.0,434717.0,434741.5,434315.0,433922.5,433378.0,433922.5,434315.0,434741.5,434717.0,432771.0,432375.5,432329.0,432876.0,433293.0,432210.5,430867.0
450198.0,453755.5,459403.5,462594.0,463646.0,462840.5,464759.0,468148.5,472012.0,477133.0,476911.0,474902.5,474915.0,474902.5,476911.0,477133.0,472012.0,468148.5,464759.0,462840.5,463646.0,462594.0,459403.5,453755.5
453018.0,453787.0,455201.5,458333.0,459764.5,462951.5,463414.0,467254.0,469493.5,472353.0,473361.0,473131.5,473253.0,473131.5,473361.0,472353.0,469493.5,467254.0,463414.0,462951.5,459764.5,458333.0,455201.5,453787.0
455197.0,456131.0,457807.0,458012.5,459297.0,458754.0,459064.0,457600.0,456775.5,456801.5,457976.0,459647.0,459148.0,459647.0,457976.0,456801.5,456775.5,457600.0,459064.0,458754.0,459297.0,458012.5,457807.0,456131.0
446096.0,447192.5,448799.5,449032.5,450275.0,450418.0,448807.5,447431.5,447087.0,447618.5,448819.5,450063.5,450742.0,450063.5,448819.5,447618.5,447087.0,447431.5,448807.5,450418.0,450275.0,449032.5,448799.5,447192.5
446891.0,448820.5,450866.0,453738.0,453756.0,456697.0,457709.0,457007.0,456561.0,456716.5,456293.5,454730.5,455319.0,454730.5,456293.5,456716.5,456561.0,457007.0,457709.0,456697.0,453756.0,453738.0,450866.0,448820.5
434978.0,435123.5,435671.0,436375.0,435614.5,436333.5,437906.0,436682.5,436376.0,436961.5,436586.0,436607.0,437161.0,436607.0,436586.0,436961.5,436376.0,436682.5,437906.0,436333.5,435614.5,436375.0,435671.0,435123.5
464070.0,466048.5,468979.5,471869.0,472887.0,473238.5,472716.5,473127.5,472216.0,471140.5,471551.5,469995.5,470088.0,469995.5,471551.5,471140.5,472216.0,473127.5,472716.5,473238.5,472887.0,471869.0,468979.5,466048.5
476338.0,477890.0,477651.5,480035.0,480348.0,481789.0,482394.0,483197.0,482835.5,482574.5,481967.0,482292.0,481905.0,482292.0,481967.0,482574.5,482835.5,483197.0,482394.0,481789.0,480348.0,480035.0,477651.5,477890.0
447885.0,450034.5,449721.0,452627.0,450973.0,450750.5,452438.0,451584.5,451731.0,450652.0,452135.0,451639.5,451307.0,451639.5,452135.0,450652.0,451731.0,451584.5,452438.0,450750.5,450973.0,452627.0,449721.0,450034.5
458155.0,460202.0,461457.0,462781.5,463372.5,465123.0,464056.5,463248.5,463021.5,461674.5,460846.5,460326.5,459953.0,460326.5,460846.5,461674.5,463021.5,463248.5,464056.5,465123.0,463372.5,462781.5,461457.0,460202.0
486703.0,487357.0,490631.0,492607.5,491163.5,491686.0,490358.5,488262.0,487905.5,488613.0,488274.0,490921.0,493861.0,490921.0,488274.0,488613.0,487905.5,488262.0,490358.5,491686.0,491163.5,492607.5,490631.0,487357.0
472010.0,473039.5,475011.5,473557.0,473878.5,475403.5,475703.5,475790.0,474570.0,474099.5,475566.0,473579.0,473542.0,473579.0,475566.0,474099.5,474570.0,475790.0,475703.5,475403.5,473878.5,473557.0,475011.5,473039.5
445521.0,446428.0,447969.0,448611.0,450093.5,453129.5,455520.0,457998.0,460353.0,463073.5,464956.5,464495.5,465420.0,464495.5,464956.5,463073.5,460353.0,457998.0,455520.0,453129.5,450093.5,448611.0,447969.0,446428.0
463180.0,464294.5,463144.5,464085.5,464781.0,464407.0,463763.0,464671.0,463274.5,464413.5,464738.0,463666.5,464294.0,463666.5,464738.0,464413.5,463274.5,464671.0,463763.0,464407.0,464781.0,464085.5,463144.5,464294.5
442002.0,442913.0,443521.0,444831.0,447681.5,449852.0,450444.5,452330.0,453523.5,456215.0,457586.0,456865.0,456307.0,456865.0,457586.0,456215.0,453523.5,452330.0,450444.5,449852.0,447681.5,444831.0,443521.0,442913.0
450166.0,449974.5,450983.0,452941.0,454895.0,455751.5,457442.0,458863.0,460527.5,461070.0,462061.0,462432.5,461826.0,462432.5,462061.0,461070.0,460527.5,458863.0,457442.0,455751.5,454895.0,452941.0,450983.0,449974.5
450408.0,451018.0,451043.5,451771.0,452217.5,451909.5,452289.0,452062.5,453044.0,452087.5,452415.0,452137.5,452106.0,452137.5,452415.0,452087.5,453044.0,452062.5,452289.0,451909.5,452217.5,451771.0,451043.5,451018.0
466279.0,466815.0,468394.5,468914.0,468446.0,466475.0,467841.5,468220.0,467570.0,467002.5,466664.0,467810.5,467987.0,467810.5,466664.0,467002.5,467570.0,468220.0,467841.5,466475.0,468446.0,468914.0,468394.5,466815.0
442726.0,445893.0,445206.0,445725.5,444641.0,447498.5,446799.0,447750.5,448854.0,448657.0,447099.5,449636.5,451051.0,449636.5,447099.5,448657.0,448854.0,447750.5,446799.0,447498.5,444641.0,445725.5,445206.0,445893.0
478361.0,480340.0,479947.5,479783.5,482736.0,481396.5,481553.0,482670.0,482865.0,484134.0,483850.0,481686.0,482714.0,481686.0,483850.0,484134.0,482865.0,482670.0,481553.0,481396.5,482736.0,479783.5,479947.5,480340.0
473837.0,475247.0,474647.0,474616.0,474984.0,476104.5,475343.5,476434.5,475374.5,477226.0,476893.5,478008.0,476886.0,478008.0,476893.5,477226.0,475374.5,476434.5,475343.5,476104.5,474984.0,474616.0,474647.0,475247.0
443299.0,445864.5,447655.5,448441.0,447870.0,449714.5,449289.5,449764.5,450648.5,451129.0,449728.5,448984.5,447373.0,448984.5,449728.5,451129.0,450648.5,449764.5,449289.5,449714.5,447870.0,448441.0,447655.5,445864.5
446221.0,447673.0,448961.5,449741.0,449939.0,450957.5,451590.5,452270.0,453676.5,453385.0,453912.5,454112.5,455039.0,454112.5,453912.5,453385.0,453676.5,452270.0,451590.5,450957.5,449939.0,449741.0,448961.5,447673.0
465294.0,467260.0,467553.0,466654.0,468501.5,469919.5,470366.5,470160.0,470834.5,471328.0,468926.0,468786.5,470247.0,468786.5,468926.0,471328.0,470834.5,470160.0,470366.5,469919.5,468501.5,466654.0,467553.0,467260.0
452586.0,456903.5,456848.5,459456.5,457785.5,460890.5,459892.0,460298.0,458902.0,459385.0,457069.0,456368.5,455408.0,456368.5,457069.0,459385.0,458902.0,460298.0,459892.0,460890.5,457785.5,459456.5,456848.5,456903.5
427993.0,428653.5,429985.5,430152.0,430468.0,431331.0,431355.0,431548.5,431076.0,431929.5,432277.0,432552.5,432470.0,432552.5,432277.0,431929.5,431076.0,431548.5,431355.0,431331.0,430468.0,430152.0,429985.5,428653.5
469422.0,471904.5,473880.0,476451.0,477873.5,478696.5,479626.0,480973.0,485776.0,487352.0,488184.5,487026.5,487547.0,487026.5,488184.5,487352.0,485776.0,480973.0,479626.0,478696.5,477873.5,476451.0,473880.0,471904.5
485533.0,484905.5,487254.0,488357.0,489232.5,489735.0,490355.5,490545.0,489677.5,489360.0,487677.0,488275.0,486999.0,488275.0,487677.0,489360.0,489677.5,490545.0,490355.5,489735.0,489232.5,488357.0,487254.0,484905.5
451980.0,454249.0,454821.0,455918.0,454878.0,453659.0,454410.0,452540.0,453169.5,453333.0,452854.5,451681.0,451058.0,451681.0,452854.5,453333.0,453169.5,452540.0,454410.0,453659.0,454878.0,455918.0,454821.0,454249.0
472600.0,474843.5,475872.5,478610.5,481105.0,481578.0,483507.5,484321.0,484732.5,487612.5,488661.0,488958.5,490451.0,488958.5,488661.0,487612.5,484732.5,484321.0,483507.5,481578.0,481105.0,478610.5,475872.5,474843.5
458277.0,461194.5,460881.5,459679.0,462801.5,462967.5,465095.5,465828.5,464956.0,465797.5,467316.0,467248.0,469272.0,467248.0,467316.0,465797.5,464956.0,465828.5,465095.5,462967.5,462801.5,459679.0,460881.5,461194.5
459003.0,461656.5,461629.5,461765.5,463604.5,464230.0,465072.0,464892.0,465806.0,464013.5,463325.5,462918.5,462798.0,462918.5,463325.5,464013.5,465806.0,464892.0,465072.0,464230.0,463604.5,461765.5,461629.5,461656.5
481350.0,482903.5,483400.5,483813.0,485834.5,486983.5,489394.5,491039.0,493268.5,494714.5,492637.5,491647.0,493972.0,491647.0,492637.5,494714.5,493268.5,491039.0,489394.5,486983.5,485834.5,483813.0,483400.5,482903.5
486570.0,488664.5,492647.0,495968.5,498813.5,500826.0,502428.0,503441.5,503390.0,501829.0,499544.0,499796.5,498925.0,499796.5,499544.0,501829.0,503390.0,503441.5,502428.0,500826.0,498813.5,495968.5,492647.0,488664.5
434356.0,437764.5,437305.0,438208.0,437642.5,439609.0,441528.5,442171.0,441971.0,442597.0,445200.5,443938.5,443653.0,443938.5,445200.5,442597.0,441971.0,442171.0,441528.5,439609.0,437642.5,438208.0,437305.0,437764.5
448051.0,449715.5,450780.0,450851.5,452818.5,450989.5,451706.0,452350.0,451248.5,453449.5,451965.0,450760.0,452421.0,450760.0,451965.0,453449.5,451248.5,452350.0,451706.0,450989.5,452818.5,450851.5,450780.0,449715.5
465906.0,472285.5,476246.0,476013.5,475191.0,474726.5,478033.0,478283.0,478445.5,476223.5,476652.0,479234.0,477811.0,479234.0,476652.0,476223.5,478445.5,478283.0,478033.0,474726.5,475191.0,476013.5,476246.0,472285.5
468718.0,469079.5,468155.5,468875.5,470812.0,472613.0,473855.0,472062.0,471858.5,474036.0,474288.5,474294.0,473087.0,474294.0,474288.5,474036.0,471858.5,472062.0,473855.0,472613.0,470812.0,468875.5,468155.5,469079.5
457408.0,458919.0,458955.5,459193.0,459929.0,460205.5,461916.0,462917.5,464004.5,463598.0,463783.0,463369.0,463668.0,463369.0,463783.0,463598.0,464004.5,462917.5,461916.0,460205.5,459929.0,459193.0,458955.5,458919.0
473888.0,475989.0,477933.0,478577.0,480507.5,482643.0,485625.5,486520.5,488968.5,489500.5,489288.5,490719.0,491274.0,490719.0,489288.5,489500.5,488968.5,486520.5,485625.5,482643.0,480507.5,478577.0,477933.0,475989.0
442533.0,442612.0,443553.5,443696.5,444317.0,444866.0,444095.0,444311.5,444162.0,445329.5,444820.0,443990.5,444576.0,443990.5,444820.0,445329.5,444162.0,444311.5,444095.0,444866.0,444317.0,443696.5,443553.5,442612.0
481857.0,483318.5,485521.5,488630.5,487416.5,488545.5,489212.0,490856.5,492832.0,494271.0,495891.0,494139.0,493759.0,494139.0,495891.0,494271.0,492832.0,490856.5,489212.0,488545.5,487416.5,488630.5,485521.5,483318.5
491902.0,495049.5,494117.5,493923.5,494495.5,495501.5,494031.0,496021.0,495107.0,493609.5,494178.0,493692.0,492102.0,493692.0,494178.0,493609.5,495107.0,496021.0,494031.0,495501.5,494495.5,493923.5,494117.5,495049.5
473278.0,473319.0,474845.0,476275.0,476451.5,476959.0,478019.5,476766.0,476208.0,477238.0,477440.0,477134.5,478297.0,477134.5,477440.0,477238.0,476208.0,476766.0,478019.5,476959.0,476451.5,476275.0,474845.0,473319.0
434983.0,434338.5,435396.5,435777.5,435721.5,435109.5,435318.0,435271.5,435007.0,436591.5,436848.0,435423.5,434803.0,435423.5,436848.0,436591.5,435007.0,435271.5,435318.0,435109.5,435721.5,435777.5,435396.5,434338.5
466083.0,466963.0,467858.5,467112.0,467758.0,468357.0,468255.5,469637.0,469012.0,468435.0,469247.5,470421.0,471680.0,470421.0,469247.5,468435.0,469012.0,469637.0,468255.5,468357.0,467758.0,467112.0,467858.5,466963.0
458274.0,458332.5,458947.0,460083.0,460653.0,461255.5,460432.0,460766.0,460438.5,461697.5,462227.5,462833.5,462474.0,462833.5,462227.5,461697.5,460438.5,460766.0,460432.0,461255.5,460653.0,460083.0,458947.0,458332.5
468263.0,469875.5,471179.5,472049.5,473846.0,472848.5,472358.0,474215.0,472811.5,474640.5,474926.5,475627.0,477638.0,475627.0,474926.5,474640.5,472811.5,474215.0,472358.0,472848.5,473846.0,472049.5,471179.5,469875.5
479194.0,481299.5,481917.0,481283.0,482694.5,482193.5,482264.0,480750.0,480862.5,480319.0,480710.5,481057.0,481337.0,481057.0,480710.5,480319.0,480862.5,480750.0,482264.0,482193.5,482694.5,481283.0,481917.0,481299.5
442078.0,444888.0,445014.5,443767.5,445821.5,444251.0,446077.0,446048.5,444701.0,445443.5,444789.0,443934.5,444482.0,443934.5,444789.0,445443.5,444701.0,446048.5,446077.0,444251.0,445821.5,443767.5,445014.5,444888.0
445388.0,445410.5,445884.5,446842.5,448790.0,448649.0,448847.0,450113.0,453502.0,452116.5,452880.5,453154.5,453784.0,453154.5,452880.5,452116.5,453502.0,450113.0,448847.0,448649.0,448790.0,446842.5,445884.5,445410.5
452782.0,455109.5,455337.5,455442.5,457196.0,458072.0,460025.0,459419.0,463334.0,464550.5,464652.0,465530.0,465818.0,465530.0,464652.0,464550.5,463334.0,459419.0,460025.0,458072.0,457196.0,455442.5,455337.5,455109.5
500826.0,503358.5,503977.5,504528.5,505075.0,503830.5,503179.0,503678.0,504306.5,503465.0,502885.0,503390.5,504242.0,503390.5,502885.0,503465.0,504306.5,503678.0,503179.0,503830.5,505075.0,504528.5,503977.5,503358.5
447939.0,450702.0,453283.5,452351.5,453766.5,453787.5,454775.5,456129.0,456811.5,458936.5,459715.5,460742.5,460222.0,460742.5,459715.5,458936.5,456811.5,456129.0,454775.5,453787.5,453766.5,452351.5,453283.5,450702.0
430475.0,433452.0,435156.0,436867.0,440538.0,441995.0,445759.5,448630.0,449907.0,452319.0,452852.5,452836.5,455538.0,452836.5,452852.5,452319.0,449907.0,448630.0,445759.5,441995.0,440538.0,436867.0,435156.0,433452.0
470346.0,472047.0,474923.5,474114.5,476348.0,476482.5,476493.0,479468.0,479665.5,480295.5,482791.0,482388.5,482424.0,482388.5,482791.0,480295.5,479665.5,479468.0,476493.0,476482.5,476348.0,474114.5,474923.5,472047.0
455751.0,457873.5,461493.0,461282.5,461250.0,462415.0,463709.0,463079.5,461800.5,461942.5,462523.0,461818.0,463554.0,461818.0,462523.0,461942.5,461800.5,463079.5,463709.0,462415.0,461250.0,461282.5,461493.0,457873.5
439434.0,441176.5,443797.5,444214.0,443954.5,443358.5,444846.5,445203.5,445703.0,446162.0,445559.5,445818.5,446102.0,445818.5,445559.5,446162.0,445703.0,445203.5,444846.5,443358.5,443954.5,444214.0,443797.5,441176.5
492581.0,493795.5,493525.5,494559.5,494052.0,493878.5,493725.0,493924.0,495194.0,494719.5,493493.5,495481.0,494843.0,495481.0,493493.5,494719.5,495194.0,493924.0,493725.0,493878.5,494052.0,494559.5,493525.5,493795.5
427966.0,428036.5,429681.0,431441.0,433072.0,434647.5,434563.0,436479.5,437275.0,439340.5,440220.5,439721.0,440983.0,439721.0,440220.5,439340.5,437275.0,436479.5,434563.0,434647.5,433072.0,431441.0,429681.0,428036.5
454250.0,455261.5,455800.5,456835.0,457428.5,457372.5,458790.5,459182.5,459468.0,459767.5,459799.0,460656.0,460199.0,460656.0,459799.0,459767.5,459468.0,459182.5,458790.5,457372.5,457428.5,456835.0,455800.5,455261.5
450758.0,452084.5,452767.5,454217.0,457363.0,459849.5,460830.0,462516.0,462278.0,460711.0,459720.0,459849.5,460282.0,459849.5,459720.0,460711.0,462278.0,462516.0,460830.0,459849.5,457363.0,454217.0,452767.5,452084.5
456996.0,458619.5,457918.5,458433.5,458159.0,459383.5,459916.0,461229.5,459803.0,459938.5,459983.0,461662.0,462542.0,461662.0,459983.0,459938.5,459803.0,461229.5,459916.0,459383.5,458159.0,458433.5,457918.5,458619.5
477872.0,480443.5,482451.0,482270.0,481371.5,480582.0,480709.0,483492.5,483075.0,481612.5,481420.0,482945.5,482119.0,482945.5,481420.0,481612.5,483075.0,483492.5,480709.0,480582.0,481371.5,482270.0,482451.0,480443.5
474967.0,476307.5,479010.0,477705.0,479110.0,480067.5,479342.0,480082.5,479823.0,480094.5,479547.0,478784.0,482047.0,478784.0,479547.0,480094.5,479823.0,480082.5,479342.0,480067.5,479110.0,477705.0,479010.0,476307.5
467006.0,468702.5,469399.0,470501.5,471073.5,471343.0,469932.5,468804.0,469999.0,471741.5,471799.5,472167.5,472695.0,472167.5,471799.5,471741.5,469999.0,468804.0,469932.5,471343.0,471073.5,470501.5,469399.0,468702.5
483560.0,485264.0,483634.0,484677.0,483251.0,483962.0,484850.0,484643.5,484821.0,485891.5,486476.5,487749.0,488711.0,487749.0,486476.5,485891.5,484821.0,484643.5,484850.0,483962.0,483251.0,484677.0,483634.0,485264.0
486090.0,487559.5,486616.5,487829.5,489182.0,488527.5,488321.5,489910.5,490900.5,491180.5,491336.5,491435.5,491662.0,491435.5,491336.5,491180.5,490900.5,489910.5,488321.5,488527.5,489182.0,487829.5,486616.5,487559.5
453520.0,455253.0,456404.0,456748.0,456835.5,456340.5,457903.0,459833.5,459316.0,459423.5,457717.0,459263.5,458169.0,459263.5,457717.0,459423.5,459316.0,459833.5,457903.0,456340.5,456835.5,456748.0,456404.0,455253.0
442756.0,443647.5,445224.0,446674.5,446640.0,446636.5,445899.0,444728.5,443634.0,443785.5,443733.0,447159.5,446520.0,447159.5,443733.0,443785.5,443634.0,444728.5,445899.0,446636.5,446640.0,446674.5,445224.0,443647.5
444713.0,447307.0,449400.0,449234.0,449838.0,450526.5,450996.0,451225.0,450945.5,452522.5,452497.0,452164.0,453244.0,452164.0,452497.0,452522.5,450945.5,451225.0,450996.0,450526.5,449838.0,449234.0,449400.0,447307.0
452724.0,454022.5,455518.0,454927.5,454258.0,453601.5,454534.0,454304.5,453890.0,455208.0,455773.5,453442.0,452477.0,453442.0,455773.5,455208.0,453890.0,454304.5,454534.0,453601.5,454258.0,454927.5,455518.0,454022.5
468478.0,470173.0,469814.0,471415.0,471859.0,473012.0,473602.0,473764.0,473970.0,474739.0,476625.5,476193.0,478867.0,476193.0,476625.5,474739.0,473970.0,473764.0,473602.0,473012.0,471859.0,471415.0,469814.0,470173.0
472463.0,474263.5,476559.0,477000.5,478944.5,479495.0,480372.5,481305.5,481548.0,483752.0,483067.0,483411.5,482119.0,483411.5,483067.0,483752.0,481548.0,481305.5,480372.5,479495.0,478944.5,477000.5,476559.0,474263.5
467278.0,468775.0,469716.5,470396.0,471978.0,472625.5,473944.5,475560.0,477875.0,478504.0,480496.5,479989.0,480106.0,479989.0,480496.5,478504.0,477875.0,475560.0,473944.5,472625.5,471978.0,470396.0,469716.5,468775.0
442367.0,445037.0,447219.5,446514.5,448352.5,447628.0,446345.0,444636.0,448073.0,448142.0,447276.0,448397.0,449374.0,448397.0,447276.0,448142.0,448073.0,444636.0,446345.0,447628.0,448352.5,446514.5,447219.5,445037.0
462104.0,465039.5,466127.0,468598.5,467294.0,467507.5,467189.5,465825.0,464235.0,463410.5,465772.5,464074.5,466547.0,464074.5,465772.5,463410.5,464235.0,465825.0,467189.5,467507.5,467294.0,468598.5,466127.0,465039.5
482644.0,485253.5,489105.0,491645.5,494707.0,493162.5,492486.0,488973.5,488947.0,490159.0,493585.5,496608.0,498531.0,496608.0,493585.5,490159.0,488947.0,488973.5,492486.0,493162.5,494707.0,491645.5,489105.0,485253.5
456687.0,459677.0,460010.5,461647.0,462294.0,460849.0,462472.5,460666.5,461576.5,460749.5,459473.0,460681.5,459385.0,460681.5,459473.0,460749.5,461576.5,460666.5,462472.5,460849.0,462294.0,461647.0,460010.5,459677.0
457811.0,457932.5,457309.0,457521.5,457958.5,457602.0,458600.5,459162.0,459579.5,460790.5,457853.5,457280.0,458296.0,457280.0,457853.5,460790.5,459579.5,459162.0,458600.5,457602.0,457958.5,457521.5,457309.0,457932.5
461335.0,463611.5,466161.5,463836.5,466224.0,466447.0,465743.0,466999.0,466652.5,464210.5,465088.0,464923.0,463836.0,464923.0,465088.0,464210.5,466652.5,466999.0,465743.0,466447.0,466224.0,463836.5,466161.5,463611.5
451855.0,452942.5,453735.5,452972.0,453953.0,453663.5,453355.0,454551.5,456889.0,456442.0,457017.0,454932.5,455754.0,454932.5,457017.0,456442.0,456889.0,454551.5,453355.0,453663.5,453953.0,452972.0,453735.5,452942.5
452094.0,451824.5,452245.0,451881.0,452391.5,452776.5,452631.0,452417.5,453680.5,451720.5,453828.5,452934.0,452989.0,452934.0,453828.5,451720.5,453680.5,452417.5,452631.0,452776.5,452391.5,451881.0,452245.0,451824.5
468447.0,469657.5,469568.5,468991.0,470421.0,472932.5,473598.0,472495.0,471986.5,471130.5,470594.5,470855.0,471031.0,470855.0,470594.5,471130.5,471986.5,472495.0,473598.0,472932.5,470421.0,468991.0,469568.5,469657.5
469544.0,470659.0,471214.0,473407.0,476765.5,477566.5,481079.5,482881.5,484367.0,484975.0,485386.5,485666.0,485443.0,485666.0,485386.5,484975.0,484367.0,482881.5,481079.5,477566.5,476765.5,473407.0,471214.0,470659.0
448976.0,450197.0,449963.0,451593.0,451479.0,451734.0,451509.0,451363.0,450357.5,450622.0,450329.5,449756.0,449086.0,449756.0,450329.5,450622.0,450357.5,451363.0,451509.0,451734.0,451479.0,451593.0,449963.0,450197.0
476604.0,477370.0,478722.0,481437.5,480557.5,480615.0,479985.0,479612.5,480552.5,483277.0,484040.5,484474.5,484022.0,484474.5,484040.5,483277.0,480552.5,479612.5,479985.0,480615.0,480557.5,481437.5,478722.0,477370.0
452925.0,455951.0,458089.5,458169.0,459346.5,462371.5,463731.0,465323.5,468910.0,469452.5,470505.5,472749.5,474222.0,472749.5,470505.5,469452.5,468910.0,465323.5,463731.0,462371.5,459346.5,458169.0,458089.5,455951.0
468449.0,469868.5,471792.0,472896.0,472931.0,471989.0,472197.5,472179.5,472797.5,472391.0,471156.0,469540.5,469644.0,469540.5,471156.0,472391.0,472797.5,472179.5,472197.5,471989.0,472931.0,472896.0,471792.0,469868.5
460131.0,460520.0,460727.0,462456.0,463589.5,464336.5,465746.0,465339.5,465140.5,464773.0,463245.5,462671.0,463536.0,462671.0,463245.5,464773.0,465140.5,465339.5,465746.0,464336.5,463589.5,462456.0,460727.0,460520.0
443260.0,445303.5,444349.0,445329.0,444893.5,446071.0,446950.0,447593.5,447971.5,448472.0,450090.5,449645.0,448655.0,449645.0,450090.5,448472.0,447971.5,447593.5,446950.0,446071.0,444893.5,445329.0,444349.0,445303.5
465061.0,465720.5,467644.5,467719.5,468644.0,469686.0,469063.5,470940.5,470767.5,471357.0,470852.5,470512.5,471219.0,470512.5,470852.5,471357.0,470767.5,470940.5,469063.5,469686.0,468644.0,467719.5,467644.5,465720.5
460527.0,462916.0,465242.5,465193.5,464232.5,464837.5,466255.5,465399.0,465319.5,467849.5,469050.0,468197.5,467891.0,468197.5,469050.0,467849.5,465319.5,465399.0,466255.5,464837.5,464232.5,465193.5,465242.5,462916.0
472886.0,474147.5,477670.0,477995.5,478080.0,478267.0,480495.5,479082.0,477073.5,477795.5,477993.5,478241.5,475343.0,478241.5,477993.5,477795.5,477073.5,479082.0,480495.5,478267.0,478080.0,477995.5,477670.0,474147.5
460726.0,462041.5,462013.0,463678.5,464038.0,463567.0,464240.5,465145.0,465535.0,465417.5,466974.0,466194.5,465105.0,466194.5,466974.0,465417.5,465535.0,465145.0,464240.5,463567.0,464038.0,463678.5,462013.0,462041.5
475869.0,478176.0,477589.0,476724.0,477998.5,477767.5,476924.0,476714.0,477123.0,477520.5,478353.0,479120.0,478132.0,479120.0,478353.0,477520.5,477123.0,476714.0,476924.0,477767.5,477998.5,476724.0,477589.0,478176.0
441392.0,443774.0,446828.5,444724.0,442936.0,442736.5,443861.5,445094.0,443190.0,442817.0,442227.5,443233.5,445935.0,443233.5,442227.5,442817.0,443190.0,445094.0,443861.5,442736.5,442936.0,444724.0,446828.5,443774.0
463764.0,465778.0,467146.5,470662.0,470372.0,472134.0,474131.0,471310.0,470616.0,469605.5,469728.0,469356.5,469669.0,469356.5,469728.0,469605.5,470616.0,471310.0,474131.0,472134.0,470372.0,470662.0,467146.5,465778.0
459019.0,461641.0,461786.0,462372.0,462478.0,462815.5,464811.5,464383.5,464478.0,464127.0,464139.0,466418.0,465480.0,466418.0,464139.0,464127.0,464478.0,464383.5,464811.5,462815.5,462478.0,462372.0,461786.0,461641.0
451223.0,452788.5,455419.0,453968.5,452556.5,452477.0,453354.0,453956.5,452780.0,452580.0,454004.0,454826.5,453652.0,454826.5,454004.0,452580.0,452780.0,453956.5,453354.0,452477.0,452556.5,453968.5,455419.0,452788.5
453908.0,455393.0,455714.0,458282.5,459382.0,460965.0,460454.5,460669.5,460457.0,458795.5,456701.5,457883.5,456280.0,457883.5,456701.5,458795.5,460457.0,460669.5,460454.5,460965.0,459382.0,458282.5,455714.0,455393.0
471255.0,474474.0,476728.5,477142.5,477486.0,475610.5,476344.0,478384.0,476824.0,477069.5,476238.0,475330.0,476561.0,475330.0,476238.0,477069.5,476824.0,478384.0,476344.0,475610.5,477486.0,477142.5,476728.5,474474.0
467457.0,467823.0,467675.0,468289.5,468214.0,468383.5,468806.5,468317.0,467701.0,469228.0,469059.0,467813.5,467441.0,467813.5,469059.0,469228.0,467701.0,468317.0,468806.5,468383.5,468214.0,468289.5,467675.0,467823.0
462881.0,462854.5,466126.0,467823.0,469290.0,468258.5,469997.0,472023.5,473434.5,475217.0,476069.5,478631.5,478461.0,478631.5,476069.5,475217.0,473434.5,472023.5,469997.0,468258.5,469290.0,467823.0,466126.0,462854.5
443243.0,445886.0,448949.0,451693.5,451933.0,452247.5,453391.0,453228.0,455095.0,456131.0,455544.0,456186.5,454362.0,456186.5,455544.0,456131.0,455095.0,453228.0,453391.0,452247.5,451933.0,451693.5,448949.0,445886.0
458544.0,458832.0,460517.0,461215.5,460996.5,461376.0,462159.5,463638.0,465196.5,466543.0,466842.5,466935.5,466596.0,466935.5,466842.5,466543.0,465196.5,463638.0,462159.5,461376.0,460996.5,461215.5,460517.0,458832.0
467945.0,468948.0,469049.0,469186.0,469612.0,468586.0,468292.5,469709.0,469656.0,470550.5,471717.5,470939.5,471515.0,470939.5,471717.5,470550.5,469656.0,469709.0,468292.5,468586.0,469612.0,469186.0,469049.0,468948.0
467383.0,466750.5,467898.0,466921.5,467541.0,468565.0,469767.5,472000.0,471863.5,471361.5,470559.0,469878.0,469746.0,469878.0,470559.0,471361.5,471863.5,472000.0,469767.5,468565.0,467541.0,466921.5,467898.0,466750.5
472489.0,476678.0,482256.0,486635.5,488043.5,485452.0,483093.0,479732.0,477015.5,478469.5,481394.0,483629.0,488539.0,483629.0,481394.0,478469.5,477015.5,479732.0,483093.0,485452.0,488043.5,486635.5,482256.0,476678.0
450278.0,451595.0,452959.0,452869.5,454007.0,454375.5,454464.0,455028.0,454791.0,455602.5,454223.0,452476.5,452932.0,452476.5,454223.0,455602.5,454791.0,455028.0,454464.0,454375.5,454007.0,452869.5,452959.0,451595.0
475034.0,475444.0,474905.0,475986.5,476964.5,477974.5,478220.5,479177.0,479737.5,480622.0,480905.0,482599.5,482044.0,482599.5,480905.0,480622.0,479737.5,479177.0,478220.5,477974.5,476964.5,475986.5,474905.0,475444.0
462424.0,464230.5,463792.0,464849.0,466002.0,465367.0,465122.0,464722.0,464638.5,465782.0,464870.5,466229.5,464910.0,466229.5,464870.5,465782.0,464638.5,464722.0,465122.0,465367.0,466002.0,464849.0,463792.0,464230.5
465239.0,466827.5,468729.0,472080.0,472705.0,472406.0,471281.0,471137.5,470523.0,472404.0,474161.5,476016.0,477860.0,476016.0,474161.5,472404.0,470523.0,471137.5,471281.0,472406.0,472705.0,472080.0,468729.0,466827.5
453190.0,454821.5,455531.0,455113.0,455616.5,456728.0,457090.0,457074.5,456806.5,456121.0,457480.0,456224.0,456058.0,456224.0,457480.0,456121.0,456806.5,457074.5,457090.0,456728.0,455616.5,455113.0,455531.0,454821.5
442533.0,444424.0,444952.5,447740.5,446869.0,446153.5,446115.0,445672.0,446997.5,446215.0,446010.5,445502.5,445847.0,445502.5,446010.5,446215.0,446997.5,445672.0,446115.0,446153.5,446869.0,447740.5,444952.5,444424.0
481769.0,484875.5,485706.0,486415.0,486482.5,486803.0,487476.0,486297.0,485247.5,484064.5,483933.5,485588.0,485222.0,485588.0,483933.5,484064.5,485247.5,486297.0,487476.0,486803.0,486482.5,486415.0,485706.0,484875.5
461885.0,463954.0,466326.0,466651.0,468538.5,470152.5,469956.5,469880.5,468723.0,467775.0,466641.5,465642.0,464486.0,465642.0,466641.5,467775.0,468723.0,469880.5,469956.5,470152.5,468538.5,466651.0,466326.0,463954.0
442959.0,446310.5,446057.0,449164.5,450052.5,452556.0,451837.0,450738.5,450282.5,448313.0,446173.5,444535.5,444620.0,444535.5,446173.5,448313.0,450282.5,450738.5,451837.0,452556.0,450052.5,449164.5,446057.0,446310.5
460896.0,460285.5,459970.0,461882.0,461564.5,463829.5,466334.5,468476.5,470141.0,469717.0,471847.5,471741.5,470737.0,471741.5,471847.5,469717.0,470141.0,468476.5,466334.5,463829.5,461564.5,461882.0,459970.0,460285.5
444026.0,446068.0,444995.5,444803.0,445617.5,446568.5,446414.0,445599.5,445221.5,446679.5,446533.5,446561.5,445310.0,446561.5,446533.5,446679.5,445221.5,445599.5,446414.0,446568.5,445617.5,444803.0,444995.5,446068.0
442595.0,444139.0,445159.0,446087.0,447251.0,449199.0,450443.0,450922.0,450760.0,450893.5,450133.5,449950.5,449602.0,449950.5,450133.5,450893.5,450760.0,450922.0,450443.0,449199.0,447251.0,446087.0,445159.0,444139.0
480596.0,482632.5,483575.5,484676.0,485472.5,487320.5,486848.5,486836.0,488239.5,487924.5,488699.5,490428.0,490444.0,490428.0,488699.5,487924.5,488239.5,486836.0,486848.5,487320.5,485472.5,484676.0,483575.5,482632.5
487662.0,490502.0,492043.0,493371.5,494886.0,496467.5,497777.5,496577.0,496508.0,496513.0,496900.0,497722.5,497636.0,497722.5,496900.0,496513.0,496508.0,496577.0,497777.5,496467.5,494886.0,493371.5,492043.0,490502.0
474369.0,478780.5,478725.5,481868.5,484267.5,487157.0,490067.0,492849.5,496086.0,497895.0,499541.0,498212.0,500646.0,498212.0,499541.0,497895.0,496086.0,492849.5,490067.0,487157.0,484267.5,481868.5,478725.5,478780.5
456767.0,456590.5,455870.0,455599.5,456059.5,455526.5,455408.0,455604.5,455429.5,456904.0,456714.0,456211.0,455779.0,456211.0,456714.0,456904.0,455429.5,455604.5,455408.0,455526.5,456059.5,455599.5,455870.0,456590.5
484498.0,486180.5,486182.0,486337.5,485954.5,487443.5,487011.5,486525.0,485209.5,486771.5,486681.0,484586.0,483345.0,484586.0,486681.0,486771.5,485209.5,486525.0,487011.5,487443.5,485954.5,486337.5,486182.0,486180.5
483533.0,485070.5,486533.0,487512.0,488813.0,488916.5,488635.5,490279.0,490008.5,491026.0,490854.5,491310.0,490132.0,491310.0,490854.5,491026.0,490008.5,490279.0,488635.5,488916.5,488813.0,487512.0,486533.0,485070.5
476085.0,476871.0,478529.0,477547.0,478819.0,480572.5,481039.5,481926.0,483686.0,484501.5,485056.0,485548.5,484611.0,485548.5,485056.0,484501.5,483686.0,481926.0,481039.5,480572.5,478819.0,477547.0,478529.0,476871.0
480842.0,481390.5,481910.5,481503.5,483905.5,484493.0,483650.5,483874.5,485378.5,485161.0,484802.0,485492.0,485631.0,485492.0,484802.0,485161.0,485378.5,483874.5,483650.5,484493.0,483905.5,481503.5,481910.5,481390.5
471161.0,473930.0,473086.5,473747.5,475889.5,476316.0,479767.0,480831.0,482165.5,482971.5,484646.0,485741.0,485052.0,485741.0,484646.0,482971.5,482165.5,480831.0,479767.0,476316.0,475889.5,473747.5,473086.5,473930.0
456186.0,456734.5,456697.5,457907.5,457035.0,458970.5,458179.0,458701.5,458691.0,458253.5,459999.5,461349.5,462158.0,461349.5,459999.5,458253.5,458691.0,458701.5,458179.0,458970.5,457035.0,457907.5,456697.5,456734.5
459433.0,459419.0,458629.0,460381.0,460672.5,460917.5,461377.0,462671.0,460800.0,460700.0,460495.0,459983.5,459072.0,459983.5,460495.0,460700.0,460800.0,462671.0,461377.0,460917.5,460672.5,460381.0,458629.0,459419.0
499735.0,501691.5,501694.0,501666.0,503062.5,505145.0,503190.0,503052.0,506285.5,505644.5,504531.0,505706.5,506746.0,505706.5,504531.0,505644.5,506285.5,503052.0,503190.0,505145.0,503062.5,501666.0,501694.0,501691.5
457272.0,458346.0,461207.0,463088.5,462811.5,463310.5,462143.5,462248.0,462334.5,462824.0,462407.0,464778.0,465187.0,464778.0,462407.0,462824.0,462334.5,462248.0,462143.5,463310.5,462811.5,463088.5,461207.0,458346.0
471984.0,472540.0,472354.5,472012.0,472485.0,471854.5,473865.0,473554.0,472654.0,474121.0,474240.5,474666.5,475418.0,474666.5,474240.5,474121.0,472654.0,473554.0,473865.0,471854.5,472485.0,472012.0,472354.5,472540.0
460445.0,460952.5,460705.5,461458.0,463240.5,464138.5,463507.5,465020.5,465404.0,465387.5,466097.5,466167.0,466685.0,466167.0,466097.5,465387.5,465404.0,465020.5,463507.5,464138.5,463240.5,461458.0,460705.5,460952.5
446323.0,448442.5,450265.5,450347.5,450273.5,450449.5,451564.5,451778.0,451131.5,449090.0,447475.0,448016.5,449475.0,448016.5,447475.0,449090.0,451131.5,451778.0,451564.5,450449.5,450273.5,450347.5,450265.5,448442.5
481029.0,481446.5,480675.5,481734.0,479840.5,479775.0,480296.5,480363.5,480348.0,480453.0,479268.0,480243.0,479166.0,480243.0,479268.0,480453.0,480348.0,480363.5,480296.5,479775.0,479840.5,481734.0,480675.5,481446.5
441637.0,443633.0,446478.5,448366.5,450264.5,454837.0,455822.0,454616.0,452517.5,450216.0,446513.0,444202.5,444742.0,444202.5,446513.0,450216.0,452517.5,454616.0,455822.0,454837.0,450264.5,448366.5,446478.5,443633.0
450969.0,452690.5,456078.0,460013.0,463756.5,465592.0,465467.0,465411.5,462913.5,459390.0,457416.5,456894.0,456602.0,456894.0,457416.5,459390.0,462913.5,465411.5,465467.0,465592.0,463756.5,460013.0,456078.0,452690.5
444481.0,446638.5,447929.5,448197.5,449715.5,448945.5,448832.0,448744.5,448114.0,450442.0,450511.0,449540.5,451376.0,449540.5,450511.0,450442.0,448114.0,448744.5,448832.0,448945.5,449715.5,448197.5,447929.5,446638.5
464414.0,465137.0,465811.5,466143.0,467362.0,466687.0,467359.0,467992.5,468996.0,470233.0,471083.0,471242.5,470789.0,471242.5,471083.0,470233.0,468996.0,467992.5,467359.0,466687.0,467362.0,466143.0,465811.5,465137.0
449444.0,450820.0,455321.5,459992.0,466740.5,469179.5,473159.0,475624.5,475025.0,475845.0,472826.0,471762.5,471301.0,471762.5,472826.0,475845.0,475025.0,475624.5,473159.0,469179.5,466740.5,459992.0,455321.5,450820.0
491024.0,492868.0,496054.0,498668.5,500429.0,503399.5,506774.0,507542.0,507763.0,508422.0,508240.0,506612.0,507504.0,506612.0,508240.0,508422.0,507763.0,507542.0,506774.0,503399.5,500429.0,498668.5,496054.0,492868.0
458867.0,461809.5,463003.0,461729.0,462688.0,464683.5,464884.5,464336.0,462170.5,462317.0,461957.5,461384.0,459496.0,461384.0,461957.5,462317.0,462170.5,464336.0,464884.5,464683.5,462688.0,461729.0,463003.0,461809.5
484637.0,487065.0,489878.0,490638.0,491723.0,490258.5,489103.0,489204.0,489610.5,489551.5,487474.5,486613.0,486125.0,486613.0,487474.5,489551.5,489610.5,489204.0,489103.0,490258.5,491723.0,490638.0,489878.0,487065.0
463203.0,466360.5,467005.0,469924.0,471756.5,472830.0,473096.5,475620.5,480656.0,481744.5,482360.0,483601.5,483163.0,483601.5,482360.0,481744.5,480656.0,475620.5,473096.5,472830.0,471756.5,469924.0,467005.0,466360.5
442674.0,444504.0,443693.0,446501.0,447644.5,449569.0,451362.0,451869.0,453442.0,453957.5,452494.0,452731.5,454735.0,452731.5,452494.0,453957.5,453442.0,451869.0,451362.0,449569.0,447644.5,446501.0,443693.0,444504.0
453489.0,455678.0,459977.0,463560.5,467010.5,470266.5,472348.0,470858.0,467633.5,463227.0,460137.0,456142.0,454003.0,456142.0,460137.0,463227.0,467633.5,470858.0,472348.0,470266.5,467010.5,463560.5,459977.0,455678.0
462760.0,463421.0,464572.0,466910.5,468255.0,468132.5,468215.5,467331.5,466434.0,465948.5,466626.0,466720.0,467323.0,466720.0,466626.0,465948.5,466434.0,467331.5,468215.5,468132.5,468255.0,466910.5,464572.0,463421.0
436660.0,438439.0,438936.5,438592.5,436806.5,437391.0,438968.0,437473.5,436382.0,437181.5,438940.5,437607.5,436139.0,437607.5,438940.5,437181.5,436382.0,437473.5,438968.0,437391.0,436806.5,438592.5,438936.5,438439.0
454859.0,455457.5,456960.5,457438.0,458344.5,459901.5,461824.5,464071.5,466531.0,467922.0,469460.5,470056.5,468489.0,470056.5,469460.5,467922.0,466531.0,464071.5,461824.5,459901.5,458344.5,457438.0,456960.5,455457.5
430643.0,431652.0,431859.0,433351.0,431580.5,432435.0,433521.0,432921.0,434325.0,433394.5,433570.0,434052.5,435764.0,434052.5,433570.0,433394.5,434325.0,432921.0,433521.0,432435.0,431580.5,433351.0,431859.0,431652.0
451586.0,452923.0,453781.5,454701.0,455737.0,456603.5,459346.0,458520.5,458686.0,459355.5,459699.5,459594.0,459679.0,459594.0,459699.5,459355.5,458686.0,458520.5,459346.0,456603.5,455737.0,454701.0,453781.5,452923.0
464828.0,466879.5,467634.5,469261.0,469379.0,468714.5,467495.5,466401.0,468363.5,466917.5,467871.0,469636.5,468861.0,469636.5,467871.0,466917.5,468363.5,466401.0,467495.5,468714.5,469379.0,469261.0,467634.5,466879.5
444400.0,446541.5,446496.0,446563.0,445250.0,445810.5,447658.5,446521.5,446395.5,447221.5,447366.5,446504.5,449200.0,446504.5,447366.5,447221.5,446395.5,446521.5,447658.5,445810.5,445250.0,446563.0,446496.0,446541.5
469216.0,470964.5,471657.5,471898.0,472704.5,473858.0,474316.5,473475.5,472852.5,471986.5,473341.0,473314.0,473871.0,473314.0,473341.0,471986.5,472852.5,473475.5,474316.5,473858.0,472704.5,471898.0,471657.5,470964.5
444953.0,445761.0,446783.0,449827.0,451173.5,452892.0,452157.5,453129.0,454246.5,454117.5,455617.0,455042.5,456542.0,455042.5,455617.0,454117.5,454246.5,453129.0,452157.5,452892.0,451173.5,449827.0,446783.0,445761.0
460775.0,460491.5,462269.5,463873.5,464040.0,464287.5,465941.5,465395.0,465586.0,467835.0,469074.5,469249.5,469418.0,469249.5,469074.5,467835.0,465586.0,465395.0,465941.5,464287.5,464040.0,463873.5,462269.5,460491.5
477649.0,478679.0,477806.0,479255.0,479556.0,479550.5,481619.0,480635.0,480572.0,479584.0,478890.0,478714.5,478621.0,478714.5,478890.0,479584.0,480572.0,480635.0,481619.0,479550.5,479556.0,479255.0,477806.0,478679.0
478517.0,480275.0,482822.0,483950.0,483668.0,484563.5,485356.0,484435.5,483697.5,484169.0,486219.0,485103.0,484210.0,485103.0,486219.0,484169.0,483697.5,484435.5,485356.0,484563.5,483668.0,483950.0,482822.0,480275.0
444609.0,448256.0,447137.5,448905.5,449150.5,451602.5,450913.5,453087.0,453195.0,454843.5,454044.5,454719.0,452880.0,454719.0,454044.5,454843.5,453195.0,453087.0,450913.5,451602.5,449150.5,448905.5,447137.5,448256.0
454357.0,456706.0,457911.0,460130.0,462898.5,465351.0,467274.0,468219.5,469666.5,470468.0,469220.0,469559.5,468949.0,469559.5,469220.0,470468.0,469666.5,468219.5,467274.0,465351.0,462898.5,460130.0,457911.0,456706.0
475063.0,478080.5,478827.0,480759.0,485176.0,487136.5,485696.0,487636.5,489280.5,488233.0,488453.0,488162.0,486043.0,488162.0,488453.0,488233.0,489280.5,487636.5,485696.0,487136.5,485176.0,480759.0,478827.0,478080.5
456459.0,459423.5,459814.0,460186.0,461897.5,461274.0,461408.5,461578.5,461227.5,460112.5,460002.0,461042.0,461209.0,461042.0,460002.0,460112.5,461227.5,461578.5,461408.5,461274.0,461897.5,460186.0,459814.0,459423.5
467165.0,467200.0,467499.5,468859.5,468418.5,469107.0,470180.5,469857.0,470483.5,471317.5,470470.5,472134.0,472860.0,472134.0,470470.5,471317.5,470483.5,469857.0,470180.5,469107.0,468418.5,468859.5,467499.5,467200.0
439521.0,441739.0,442138.0,444500.0,444646.0,445045.5,444704.5,444841.5,444876.0,444802.0,444647.5,443128.0,442971.0,443128.0,444647.5,444802.0,444876.0,444841.5,444704.5,445045.5,444646.0,444500.0,442138.0,441739.0
468299.0,469913.0,470888.5,472323.5,474212.5,475476.5,475718.0,477188.5,477836.5,478568.0,478934.0,478823.5,479080.0,478823.5,478934.0,478568.0,477836.5,477188.5,475718.0,475476.5,474212.5,472323.5,470888.5,469913.0
436413.0,437325.5,437420.0,437285.0,440007.0,441273.0,440555.5,441625.5,440674.0,438349.0,438625.5,437142.0,435511.0,437142.0,438625.5,438349.0,440674.0,441625.5,440555.5,441273.0,440007.0,437285.0,437420.0,437325.5
472375.0,474299.0,474921.0,476629.5,476942.0,476745.0,476481.0,478414.5,477203.5,478599.0,478831.0,480475.0,480500.0,480475.0,478831.0,478599.0,477203.5,478414.5,476481.0,476745.0,476942.0,476629.5,474921.0,474299.0
467348.0,469528.0,472478.0,476688.5,480347.5,483693.5,485100.0,488793.0,489975.0,490114.5,487385.0,486074.0,483816.0,486074.0,487385.0,490114.5,489975.0,488793.0,485100.0,483693.5,480347.5,476688.5,472478.0,469528.0
469522.0,470864.5,469589.5,471456.0,472303.5,473921.0,475465.5,475812.0,478129.0,478661.0,479582.0,478021.5,477843.0,478021.5,479582.0,478661.0,478129.0,475812.0,475465.5,473921.0,472303.5,471456.0,469589.5,470864.5
468864.0,469988.5,469137.0,471384.0,472444.0,473160.0,475385.5,475962.5,475875.5,475156.5,476826.5,477659.5,475321.0,477659.5,476826.5,475156.5,475875.5,475962.5,475385.5,473160.0,472444.0,471384.0,469137.0,469988.5
477033.0,478508.5,479032.5,479527.0,479920.0,477850.0,478381.5,477735.5,477678.5,478882.5,478894.5,478544.5,477409.0,478544.5,478894.5,478882.5,477678.5,477735.5,478381.5,477850.0,479920.0,479527.0,479032.5,478508.5
457734.0,457861.5,460809.0,463763.5,466229.5,469091.0,472281.5,473609.0,475177.5,479317.5,481442.5,483827.5,485278.0,483827.5,481442.5,479317.5,475177.5,473609.0,472281.5,469091.0,466229.5,463763.5,460809.0,457861.5
449866.0,450195.0,451241.5,450576.0,451763.0,451542.5,452186.0,452550.5,453355.0,453116.5,453723.0,453087.5,454213.0,453087.5,453723.0,453116.5,453355.0,452550.5,452186.0,451542.5,451763.0,450576.0,451241.5,450195.0
450991.0,451853.0,453333.0,454376.0,455400.0,456463.0,458402.0,458015.0,459766.0,460302.0,462715.0,461857.0,462553.0,461857.0,462715.0,460302.0,459766.0,458015.0,458402.0,456463.0,455400.0,454376.0,453333.0,451853.0
461242.0,464701.5,463919.5,464237.0,465354.5,463923.0,465567.0,465759.0,464651.0,464965.0,464732.5,465364.5,466793.0,465364.5,464732.5,464965.0,464651.0,465759.0,465567.0,463923.0,465354.5,464237.0,463919.5,464701.5
461202.0,462196.0,461792.0,462087.5,463263.5,462800.5,462972.5,462466.0,461952.0,461914.0,462504.5,462239.5,462658.0,462239.5,462504.5,461914.0,461952.0,462466.0,462972.5,462800.5,463263.5,462087.5,461792.0,462196.0
471358.0,472513.5,472789.5,472252.5,474478.0,475209.5,476452.5,476641.5,479637.5,479515.5,480405.0,479944.5,479805.0,479944.5,480405.0,479515.5,479637.5,476641.5,476452.5,475209.5,474478.0,472252.5,472789.5,472513.5
473584.0,473461.5,476284.0,477648.0,477687.5,478225.5,480984.5,480676.0,479817.5,478855.5,480058.5,479433.5,479256.0,479433.5,480058.5,478855.5,479817.5,480676.0,480984.5,478225.5,477687.5,477648.0,476284.0,473461.5
443076.0,443952.0,445003.0,446910.0,447759.5,448294.5,452443.5,453320.0,454291.0,456205.5,457516.0,456555.0,458276.0,456555.0,457516.0,456205.5,454291.0,453320.0,452443.5,448294.5,447759.5,446910.0,445003.0,443952.0
461465.0,464637.5,467866.5,466504.5,464930.0,464843.5,467019.5,467202.0,466291.5,464782.5,465100.5,464939.5,467266.0,464939.5,465100.5,464782.5,466291.5,467202.0,467019.5,464843.5,464930.0,466504.5,467866.5,464637.5
496279.0,500097.5,501460.0,504797.5,508208.0,512677.0,514138.5,516246.0,519316.0,522630.5,526066.5,528467.5,528487.0,528467.5,526066.5,522630.5,519316.0,516246.0,514138.5,512677.0,508208.0,504797.5,501460.0,500097.5
465544.0,466763.5,469456.5,471042.0,469753.5,470948.0,471690.0,472163.0,472702.0,471775.0,472207.0,473653.5,473480.0,473653.5,472207.0,471775.0,472702.0,472163.0,471690.0,470948.0,469753.5,471042.0,469456.5,466763.5
473390.0,475554.5,476582.5,476709.0,477687.5,478397.0,477040.5,476619.5,476146.0,477102.0,478656.0,478614.0,480637.0,478614.0,478656.0,477102.0,476146.0,476619.5,477040.5,478397.0,477687.5,476709.0,476582.5,475554.5
444258.0,443383.5,444970.5,445989.5,446571.0,448085.5,449164.5,449810.5,451492.5,451392.5,452429.0,453077.0,452104.0,453077.0,452429.0,451392.5,451492.5,449810.5,449164.5,448085.5,446571.0,445989.5,444970.5,443383.5
441284.0,444148.5,444868.0,442502.0,443859.0,446315.0,444746.0,443672.0,444316.5,443892.5,443525.5,444043.5,443971.0,444043.5,443525.5,443892.5,444316.5,443672.0,444746.0,446315.0,443859.0,442502.0,444868.0,444148.5
480778.0,482522.5,485340.0,486461.0,486116.5,485634.5,486538.5,488168.5,490567.0,491132.0,490446.0,491405.5,491790.0,491405.5,490446.0,491132.0,490567.0,488168.5,486538.5,485634.5,486116.5,486461.0,485340.0,482522.5
428261.0,432500.0,431545.5,431730.0,430844.5,433660.5,434949.5,434236.0,433706.0,436373.0,434698.0,434488.5,434740.0,434488.5,434698.0,436373.0,433706.0,434236.0,434949.5,433660.5,430844.5,431730.0,431545.5,432500.0
443169.0,445516.5,446315.5,447467.0,448486.5,448518.5,449709.5,448125.5,449258.0,449615.0,450129.0,452018.0,451423.0,452018.0,450129.0,449615.0,449258.0,448125.5,449709.5,448518.5,448486.5,447467.0,446315.5,445516.5
471778.0,472116.5,475968.5,477136.5,475705.0,473115.5,473489.5,473109.5,474322.0,475405.5,474630.5,475007.5,476193.0,475007.5,474630.5,475405.5,474322.0,473109.5,473489.5,473115.5,475705.0,477136.5,475968.5,472116.5
453401.0,453891.5,455617.0,457408.0,460063.5,461529.0,462913.0,461679.5,459196.5,457211.0,455879.0,453875.0,452793.0,453875.0,455879.0,457211.0,459196.5,461679.5,462913.0,461529.0,460063.5,457408.0,455617.0,453891.5
471637.0,472397.5,472582.5,473418.5,473800.5,474504.5,474818.0,474567.0,473323.5,476075.5,475168.5,475556.5,473452.0,475556.5,475168.5,476075.5,473323.5,474567.0,474818.0,474504.5,473800.5,473418.5,472582.5,472397.5
471365.0,471573.5,471499.0,471854.0,473823.0,473806.5,474901.5,475569.5,478022.5,478070.0,478191.0,479702.0,478306.0,479702.0,478191.0,478070.0,478022.5,475569.5,474901.5,473806.5,473823.0,471854.0,471499.0,471573.5
447712.0,449569.5,452664.5,455299.5,457285.0,458680.0,460263.0,460147.5,461510.0,459705.5,459928.5,460723.5,461313.0,460723.5,459928.5,459705.5,461510.0,460147.5,460263.0,458680.0,457285.0,455299.5,452664.5,449569.5
483112.0,485910.0,488338.0,488647.5,488578.5,490422.0,489728.0,490761.0,492587.5,491602.0,490353.0,490049.5,491518.0,490049.5,490353.0,491602.0,492587.5,490761.0,489728.0,490422.0,488578.5,488647.5,488338.0,485910.0
443915.0,445108.0,447496.0,448671.5,449325.5,450231.5,450195.5,450554.0,451571.0,451483.5,450528.0,450684.5,451319.0,450684.5,450528.0,451483.5,451571.0,450554.0,450195.5,450231.5,449325.5,448671.5,447496.0,445108.0
474371.0,476921.5,477875.0,480131.5,480454.0,481630.0,482033.5,480069.5,480374.5,480211.5,478475.0,479495.0,478239.0,479495.0,478475.0,480211.5,480374.5,480069.5,482033.5,481630.0,480454.0,480131.5,477875.0,476921.5
453205.0,453585.0,453415.0,453812.0,453753.0,454629.0,454508.5,454666.0,455838.0,456772.5,456131.5,455665.5,455483.0,455665.5,456131.5,456772.5,455838.0,454666.0,454508.5,454629.0,453753.0,453812.0,453415.0,453585.0
463300.0,463197.0,465386.5,465627.0,464290.0,465138.5,465210.5,465798.0,466831.5,463799.0,462353.5,462981.5,463218.0,462981.5,462353.5,463799.0,466831.5,465798.0,465210.5,465138.5,464290.0,465627.0,465386.5,463197.0
470257.0,471866.5,472575.0,473188.0,474866.0,475112.5,475901.5,476375.5,474467.0,475569.0,474990.5,474122.0,473750.0,474122.0,474990.5,475569.0,474467.0,476375.5,475901.5,475112.5,474866.0,473188.0,472575.0,471866.5
465391.0,468341.5,469418.5,470890.0,471003.5,470927.0,470689.5,471247.5,470633.0,472007.0,472455.0,470694.0,469860.0,470694.0,472455.0,472007.0,470633.0,471247.5,470689.5,470927.0,471003.5,470890.0,469418.5,468341.5
466777.0,468793.0,472428.0,474191.0,472886.5,475550.0,474832.5,475107.5,480255.0,480405.5,481239.0,483045.0,483293.0,483045.0,481239.0,480405.5,480255.0,475107.5,474832.5,475550.0,472886.5,474191.0,472428.0,468793.0
445613.0,445893.5,445828.0,445884.0,447273.5,447824.5,447735.0,447777.5,449235.5,448110.5,447368.0,448272.0,448599.0,448272.0,447368.0,448110.5,449235.5,447777.5,447735.0,447824.5,447273.5,445884.0,445828.0,445893.5
474520.0,474026.0,474801.5,476024.5,477208.0,478664.5,478313.5,479482.5,479972.5,479067.5,478516.0,478386.5,478368.0,478386.5,478516.0,479067.5,479972.5,479482.5,478313.5,478664.5,477208.0,476024.5,474801.5,474026.0
466541.0,468267.5,473320.5,476334.0,476720.5,477193.0,478111.0,479300.5,476740.5,474293.0,471400.5,472093.5,471736.0,472093.5,471400.5,474293.0,476740.5,479300.5,478111.0,477193.0,476720.5,476334.0,473320.5,468267.5
453085.0,452093.5,452556.0,454606.0,455776.0,456462.0,458377.0,459567.0,460987.0,461937.5,463255.5,462984.0,464112.0,462984.0,463255.5,461937.5,460987.0,459567.0,458377.0,456462.0,455776.0,454606.0,452556.0,452093.5
445190.0,444239.5,445712.5,446849.0,447549.5,448093.5,450158.5,451019.0,450761.0,452886.0,452352.0,451657.0,452887.0,451657.0,452352.0,452886.0,450761.0,451019.0,450158.5,448093.5,447549.5,446849.0,445712.5,444239.5
439821.0,440752.0,442764.5,443846.5,442990.5,442825.0,442301.0,441552.5,441276.5,441584.0,441741.0,441846.5,442305.0,441846.5,441741.0,441584.0,441276.5,441552.5,442301.0,442825.0,442990.5,443846.5,442764.5,440752.0
450641.0,452177.0,454260.0,455945.0,456351.0,455304.5,457209.5,458674.0,462408.0,463183.5,463402.5,462133.0,462655.0,462133.0,463402.5,463183.5,462408.0,458674.0,457209.5,455304.5,456351.0,455945.0,454260.0,452177.0
457133.0,458760.5,459428.5,459056.0,459437.5,460660.0,460625.5,459591.0,459776.0,461352.5,460768.5,462330.5,462574.0,462330.5,460768.5,461352.5,459776.0,459591.0,460625.5,460660.0,459437.5,459056.0,459428.5,458760.5
445360.0,445482.5,447056.0,449320.0,447997.5,447105.5,447534.0,447073.0,448779.5,449240.0,448473.5,447288.5,446676.0,447288.5,448473.5,449240.0,448779.5,447073.0,447534.0,447105.5,447997.5,449320.0,447056.0,445482.5
447552.0,448459.5,449789.0,447851.0,448080.0,448749.5,451001.0,449926.0,449585.0,448265.5,448513.5,448716.5,448485.0,448716.5,448513.5,448265.5,449585.0,449926.0,451001.0,448749.5,448080.0,447851.0,449789.0,448459.5
466022.0,467917.5,469643.5,470080.0,471866.0,472753.0,474645.0,475865.0,478591.5,479774.5,480589.0,481159.5,481335.0,481159.5,480589.0,479774.5,478591.5,475865.0,474645.0,472753.0,471866.0,470080.0,469643.5,467917.5
465214.0,467876.5,467213.5,466527.0,466560.5,468010.5,467159.0,468061.0,468088.0,468565.5,468618.5,469059.5,468083.0,469059.5,468618.5,468565.5,468088.0,468061.0,467159.0,468010.5,466560.5,466527.0,467213.5,467876.5
439648.0,441314.5,443105.5,444379.5,445506.0,446288.0,446428.5,446487.0,448236.0,448491.5,448125.0,447389.5,448530.0,447389.5,448125.0,448491.5,448236.0,446487.0,446428.5,446288.0,445506.0,444379.5,443105.5,441314.5
455223.0,456988.0,457177.5,456195.0,458200.0,456943.0,457074.0,459477.5,457753.5,457541.0,459042.0,458910.5,458501.0,458910.5,459042.0,457541.0,457753.5,459477.5,457074.0,456943.0,458200.0,456195.0,457177.5,456988.0
462110.0,462114.5,464298.5,466456.0,466941.5,469517.5,471799.0,473834.0,475757.0,476857.5,475696.5,475748.0,476076.0,475748.0,475696.5,476857.5,475757.0,473834.0,471799.0,469517.5,466941.5,466456.0,464298.5,462114.5
468894.0,468648.0,469448.5,469741.5,471654.5,470683.5,472066.0,473021.5,471417.0,471483.0,471493.0,471403.5,470482.0,471403.5,471493.0,471483.0,471417.0,473021.5,472066.0,470683.5,471654.5,469741.5,469448.5,468648.0
467266.0,471984.0,472564.0,474273.0,474144.0,474026.0,475887.5,474720.0,475268.5,472751.0,472793.5,473108.0,474179.0,473108.0,472793.5,472751.0,475268.5,474720.0,475887.5,474026.0,474144.0,474273.0,472564.0,471984.0
478739.0,480005.5,479481.5,480404.0,480175.0,479285.5,479964.5,479495.5,479185.0,479637.0,481389.5,481175.0,481327.0,481175.0,481389.5,479637.0,479185.0,479495.5,479964.5,479285.5,480175.0,480404.0,479481.5,480005.5
457050.0,461386.5,462795.0,464014.0,465805.5,466691.5,468991.5,468435.5,468781.5,472303.0,474325.0,475193.5,475761.0,475193.5,474325.0,472303.0,468781.5,468435.5,468991.5,466691.5,465805.5,464014.0,462795.0,461386.5
426202.0,429674.0,430212.5,431523.5,431679.5,431397.0,430483.0,430447.0,429906.5,431145.5,430487.0,431351.0,429007.0,431351.0,430487.0,431145.5,429906.5,430447.0,430483.0,431397.0,431679.5,431523.5,430212.5,429674.0
471719.0,474654.5,475887.5,476423.0,476682.5,476364.0,477078.5,477815.5,478082.0,479114.0,478173.0,481541.0,480622.0,481541.0,478173.0,479114.0,478082.0,477815.5,477078.5,476364.0,476682.5,476423.0,475887.5,474654.5
449063.0,451421.5,452337.5,453531.5,451569.5,451942.5,452838.5,454522.5,453180.5,451419.0,450543.5,452058.0,453600.0,452058.0,450543.5,451419.0,453180.5,454522.5,452838.5,451942.5,451569.5,453531.5,452337.5,451421.5
466451.0,468381.5,469749.5,470440.0,472679.0,473008.0,473188.0,474075.0,475354.0,475264.5,478046.0,478842.0,479614.0,478842.0,478046.0,475264.5,475354.0,474075.0,473188.0,473008.0,472679.0,470440.0,469749.5,468381.5
480436.0,482328.5,482642.5,483217.0,485261.0,484573.0,485240.5,484880.0,484659.5,486012.5,485846.0,485605.0,486737.0,485605.0,485846.0,486012.5,484659.5,484880.0,485240.5,484573.0,485261.0,483217.0,482642.5,482328.5
449761.0,450193.0,451447.5,453019.5,453740.0,454859.0,453693.5,455475.0,456139.5,456732.5,457210.5,459171.5,459032.0,459171.5,457210.5,456732.5,456139.5,455475.0,453693.5,454859.0,453740.0,453019.5,451447.5,450193.0
451732.0,452206.5,453343.0,453261.5,455163.5,455580.0,455752.5,457210.0,456834.0,457368.0,457818.0,459327.5,458223.0,459327.5,457818.0,457368.0,456834.0,457210.0,455752.5,455580.0,455163.5,453261.5,453343.0,452206.5
463405.0,464697.5,465868.5,467269.0,468949.0,469538.5,469515.5,469662.0,470085.0,469810.0,471457.0,470881.0,471881.0,470881.0,471457.0,469810.0,470085.0,469662.0,469515.5,469538.5,468949.0,467269.0,465868.5,464697.5
473990.0,474961.5,474963.0,477526.0,477424.5,479895.0,479090.5,481118.0,480453.0,482517.5,481253.0,482562.0,481038.0,482562.0,481253.0,482517.5,480453.0,481118.0,479090.5,479895.0,477424.5,477526.0,474963.0,474961.5
479446.0,480979.5,481621.5,482161.5,483199.5,484891.5,483756.5,484087.0,484736.0,484743.5,483981.0,485275.0,484961.0,485275.0,483981.0,484743.5,484736.0,484087.0,483756.5,484891.5,483199.5,482161.5,481621.5,480979.5
487966.0,490837.0,490643.5,492180.0,493251.5,491503.5,488712.0,489584.0,489646.0,488925.0,492375.0,489029.5,489358.0,489029.5,492375.0,488925.0,489646.0,489584.0,488712.0,491503.5,493251.5,492180.0,490643.5,490837.0
466254.0,468113.5,468367.5,468445.0,469660.0,471620.0,473061.5,471954.5,472957.0,473234.0,472074.5,474021.0,473721.0,474021.0,472074.5,473234.0,472957.0,471954.5,473061.5,471620.0,469660.0,468445.0,468367.5,468113.5
443811.0,445932.0,446541.5,449073.0,451775.5,449494.0,450314.0,448755.0,449022.0,447762.5,449569.0,450891.5,450713.0,450891.5,449569.0,447762.5,449022.0,448755.0,450314.0,449494.0,451775.5,449073.0,446541.5,445932.0
489168.0,491614.0,496161.5,502384.0,506568.0,507641.0,507874.0,508355.5,507298.0,509785.5,512413.0,513290.5,514804.0,513290.5,512413.0,509785.5,507298.0,508355.5,507874.0,507641.0,506568.0,502384.0,496161.5,491614.0
436232.0,436092.5,436620.5,437222.0,437260.0,437018.5,437319.0,436847.5,436557.5,436706.5,437741.5,438175.0,437999.0,438175.0,437741.5,436706.5,436557.5,436847.5,437319.0,437018.5,437260.0,437222.0,436620.5,436092.5
440533.0,439187.0,438587.5,440985.0,441766.0,440891.5,441418.5,440241.5,440962.0,440834.0,438801.5,440451.0,442886.0,440451.0,438801.5,440834.0,440962.0,440241.5,441418.5,440891.5,441766.0,440985.0,438587.5,439187.0
448001.0,449025.0,451647.0,452726.5,452030.5,451960.5,452490.5,452781.5,451582.5,451090.5,450740.5,451482.5,451754.0,451482.5,450740.5,451090.5,451582.5,452781.5,452490.5,451960.5,452030.5,452726.5,451647.0,449025.0
468294.0,470208.5,473360.0,472749.5,473757.5,472351.5,472731.5,471941.0,470965.0,471583.5,471180.0,472540.0,473382.0,472540.0,471180.0,471583.5,470965.0,471941.0,472731.5,472351.5,473757.5,472749.5,473360.0,470208.5
483665.0,483155.5,483845.0,484409.0,485509.5,484051.5,485958.5,485608.0,485519.0,485662.0,486057.0,484126.5,484434.0,484126.5,486057.0,485662.0,485519.0,485608.0,485958.5,484051.5,485509.5,484409.0,483845.0,483155.5
464467.0,465085.0,465516.0,469011.5,470200.0,470750.5,473062.0,475843.0,476993.5,477005.0,478695.5,477954.0,478001.0,477954.0,478695.5,477005.0,476993.5,475843.0,473062.0,470750.5,470200.0,469011.5,465516.0,465085.0
430170.0,432480.5,432084.5,434368.0,433647.0,432723.0,433325.5,433330.5,433439.5,433376.5,433044.5,433454.0,434189.0,433454.0,433044.5,433376.5,433439.5,433330.5,433325.5,432723.0,433647.0,434368.0,432084.5,432480.5
448645.0,450395.5,451362.5,450681.0,451240.5,453501.5,453505.0,453558.0,451529.0,450840.5,451332.5,450500.5,448734.0,450500.5,451332.5,450840.5,451529.0,453558.0,453505.0,453501.5,451240.5,450681.0,451362.5,450395.5
453582.0,455420.5,456153.0,455446.5,455647.5,455130.0,454138.5,455111.5,453870.5,455424.0,454872.5,456185.5,457570.0,456185.5,454872.5,455424.0,453870.5,455111.5,454138.5,455130.0,455647.5,455446.5,456153.0,455420.5
438592.0,440736.5,440183.5,439192.0,440702.0,440078.0,442120.0,441219.5,441949.5,443220.5,442435.0,441985.5,442212.0,441985.5,442435.0,443220.5,441949.5,441219.5,442120.0,440078.0,440702.0,439192.0,440183.5,440736.5
450150.0,450099.0,449026.5,449937.0,450315.0,451048.0,451310.5,452045.0,452919.5,452607.0,452931.5,452096.0,453132.0,452096.0,452931.5,452607.0,452919.5,452045.0,451310.5,451048.0,450315.0,449937.0,449026.5,450099.0
452980.0,455126.5,457094.0,462787.5,465753.5,467720.0,471380.0,472248.5,473816.5,472138.5,471527.0,471645.0,471206.0,471645.0,471527.0,472138.5,473816.5,472248.5,471380.0,467720.0,465753.5,462787.5,457094.0,455126.5
484136.0,485186.5,485458.0,485714.5,486021.0,487414.5,488174.0,487284.5,488303.0,487685.5,490281.0,489908.5,489534.0,489908.5,490281.0,487685.5,488303.0,487284.5,488174.0,487414.5,486021.0,485714.5,485458.0,485186.5
484898.0,485329.0,485171.5,484816.0,485529.0,486043.0,486029.0,485192.0,484993.0,485002.5,484595.0,486234.0,486768.0,486234.0,484595.0,485002.5,484993.0,485192.0,486029.0,486043.0,485529.0,484816.0,485171.5,485329.0
433932.0,436172.5,436787.0,439366.0,440755.5,441880.0,446588.0,446588.0,450242.5,450849.0,451892.5,453206.5,453213.0,453206.5,451892.5,450849.0,450242.5,446588.0,446588.0,441880.0,440755.5,439366.0,436787.0,436172.5
452211.0,453667.0,452303.5,454989.0,454124.5,454319.5,453965.0,454065.0,455787.5,455901.0,454949.5,455937.0,457090.0,455937.0,454949.5,455901.0,455787.5,454065.0,453965.0,454319.5,454124.5,454989.0,452303.5,453667.0
460174.0,462857.0,464165.5,465197.0,466112.0,468666.0,469794.5,471081.0,474317.5,475153.0,476099.0,476308.0,477809.0,476308.0,476099.0,475153.0,474317.5,471081.0,469794.5,468666.0,466112.0,465197.0,464165.5,462857.0
469795.0,471498.0,472350.5,472292.5,472625.0,473336.0,473111.5,473736.0,473368.0,472556.0,472553.5,472330.5,471958.0,472330.5,472553.5,472556.0,473368.0,473736.0,473111.5,473336.0,472625.0,472292.5,472350.5,471498.0
488942.0,491907.0,493284.5,495397.0,497563.5,498094.0,500600.0,503436.0,503340.5,505053.5,507087.0,506441.5,509825.0,506441.5,507087.0,505053.5,503340.5,503436.0,500600.0,498094.0,497563.5,495397.0,493284.5,491907.0
469079.0,470096.0,471094.5,470345.5,469294.0,469240.5,471185.0,471665.0,470524.0,470915.5,471024.5,471074.5,471085.0,471074.5,471024.5,470915.5,470524.0,471665.0,471185.0,469240.5,469294.0,470345.5,471094.5,470096.0
450407.0,452629.0,454381.0,453799.0,454245.0,453228.5,453411.5,455114.5,456222.5,455538.0,454974.0,454444.5,455714.0,454444.5,454974.0,455538.0,456222.5,455114.5,453411.5,453228.5,454245.0,453799.0,454381.0,452629.0
463280.0,463340.0,465053.0,466349.5,465921.5,464723.0,463660.5,462721.0,464513.5,464731.0,464398.5,464783.5,463130.0,464783.5,464398.5,464731.0,464513.5,462721.0,463660.5,464723.0,465921.5,466349.5,465053.0,463340.0
473278.0,474180.0,476785.5,480948.0,481794.5,482058.5,485141.0,488178.0,490231.0,489280.5,488702.0,488364.5,487957.0,488364.5,488702.0,489280.5,490231.0,488178.0,485141.0,482058.5,481794.5,480948.0,476785.5,474180.0
462477.0,464241.5,466890.5,469340.5,469054.5,469966.0,469997.0,470311.5,470533.0,470259.5,471594.0,470476.0,471047.0,470476.0,471594.0,470259.5,470533.0,470311.5,469997.0,469966.0,469054.5,469340.5,466890.5,464241.5
469684.0,470743.0,472776.5,474192.0,475161.5,475426.5,474313.0,476091.5,477112.0,477738.0,476935.0,475169.0,475790.0,475169.0,476935.0,477738.0,477112.0,476091.5,474313.0,475426.5,475161.5,474192.0,472776.5,470743.0
427978.0,430064.5,432665.5,432720.5,433167.5,434222.0,435103.0,434147.5,435314.5,437014.0,436788.5,436700.0,435561.0,436700.0,436788.5,437014.0,435314.5,434147.5,435103.0,434222.0,433167.5,432720.5,432665.5,430064.5
439036.0,440599.5,440108.0,438888.5,440577.0,440984.5,441453.0,440778.5,440412.0,440973.5,440698.0,439236.5,441654.0,439236.5,440698.0,440973.5,440412.0,440778.5,441453.0,440984.5,440577.0,438888.5,440108.0,440599.5
449211.0,449907.0,450299.5,451060.5,452637.5,453497.5,452464.0,452035.5,452527.0,452476.5,453034.5,453947.0,453480.0,453947.0,453034.5,452476.5,452527.0,452035.5,452464.0,453497.5,452637.5,451060.5,450299.5,449907.0
459159.0,462359.0,466554.0,466558.5,466462.5,466704.5,467137.0,467871.5,469361.0,471975.5,470682.0,468556.5,468019.0,468556.5,470682.0,471975.5,469361.0,467871.5,467137.0,466704.5,466462.5,466558.5,466554.0,462359.0
465399.0,468226.5,468437.5,470531.0,471078.0,471836.0,471148.5,472154.0,470536.0,470010.5,470907.5,471319.0,471380.0,471319.0,470907.5,470010.5,470536.0,472154.0,471148.5,471836.0,471078.0,470531.0,468437.5,468226.5
473887.0,475505.5,476239.0,476433.0,474933.0,475749.0,476413.0,475616.0,476607.0,477355.0,477095.0,475481.5,476683.0,475481.5,477095.0,477355.0,476607.0,475616.0,476413.0,475749.0,474933.0,476433.0,476239.0,475505.5
448446.0,450337.0,451371.0,452309.5,453291.0,455850.5,456312.0,454882.5,454358.5,455232.0,456414.5,455722.5,454660.0,455722.5,456414.5,455232.0,454358.5,454882.5,456312.0,455850.5,453291.0,452309.5,451371.0,450337.0
453409.0,455109.5,457151.5,456922.0,459015.0,457771.0,458514.5,458417.0,458511.5,457523.0,458089.5,456775.0,456998.0,456775.0,458089.5,457523.0,458511.5,458417.0,458514.5,457771.0,459015.0,456922.0,457151.5,455109.5
444902.0,445377.0,445026.0,445223.5,445771.0,444911.5,444937.0,445495.5,445003.0,444572.0,445119.5,445570.0,445300.0,445570.0,445119.5,444572.0,445003.0,445495.5,444937.0,444911.5,445771.0,445223.5,445026.0,445377.0
455605.0,456274.0,457162.5,458982.0,459559.0,461228.0,460659.0,460331.5,459875.0,460014.0,458982.5,459923.5,458613.0,459923.5,458982.5,460014.0,459875.0,460331.5,460659.0,461228.0,459559.0,458982.0,457162.5,456274.0
445950.0,448458.5,449753.5,450790.5,453147.0,454463.0,453939.5,455131.0,454630.5,453239.5,452665.0,451503.5,450079.0,451503.5,452665.0,453239.5,454630.5,455131.0,453939.5,454463.0,453147.0,450790.5,449753.5,448458.5
464529.0,466370.5,467722.0,470210.0,470511.0,472387.0,470712.5,473405.5,472334.0,472818.0,471374.5,471923.5,469086.0,471923.5,471374.5,472818.0,472334.0,473405.5,470712.5,472387.0,470511.0,470210.0,467722.0,466370.5
481183.0,482315.5,483580.0,484739.5,484702.0,486206.0,488567.5,491755.5,494109.5,495828.5,496541.0,497527.0,497341.0,497527.0,496541.0,495828.5,494109.5,491755.5,488567.5,486206.0,484702.0,484739.5,483580.0,482315.5
449416.0,450112.0,452152.5,454816.0,454754.0,456043.0,456061.0,454376.0,454472.5,452604.0,453089.5,452113.5,452180.0,452113.5,453089.5,452604.0,454472.5,454376.0,456061.0,456043.0,454754.0,454816.0,452152.5,450112.0
473046.0,474047.0,473306.0,474281.5,474064.5,474741.5,474573.0,475369.0,476467.5,475307.0,475974.5,475316.0,476315.0,475316.0,475974.5,475307.0,476467.5,475369.0,474573.0,474741.5,474064.5,474281.5,473306.0,474047.0
473181.0,473136.0,474210.0,475566.0,475078.5,475763.5,476471.0,475953.5,475146.5,474020.0,474043.5,475448.5,476131.0,475448.5,474043.5,474020.0,475146.5,475953.5,476471.0,475763.5,475078.5,475566.0,474210.0,473136.0
453505.0,457284.5,458223.0,461709.0,464004.5,466614.0,467565.5,467929.5,470210.5,471170.0,475163.0,475492.0,478348.0,475492.0,475163.0,471170.0,470210.5,467929.5,467565.5,466614.0,464004.5,461709.0,458223.0,457284.5
465406.0,466786.5,466962.0,467689.0,470647.5,470701.5,471828.5,472809.5,474255.5,476781.5,476580.0,476907.0,478041.0,476907.0,476580.0,476781.5,474255.5,472809.5,471828.5,470701.5,470647.5,467689.0,466962.0,466786.5
471118.0,472520.0,473365.0,473941.5,475417.0,476246.0,477262.5,477020.5,477749.5,477439.5,478600.5,477724.5,476453.0,477724.5,478600.5,477439.5,477749.5,477020.5,477262.5,476246.0,475417.0,473941.5,473365.0,472520.0
448938.0,449778.0,450253.0,449188.5,449065.5,450477.0,450354.0,448778.5,449224.0,449470.5,449023.5,449687.5,451084.0,449687.5,449023.5,449470.5,449224.0,448778.5,450354.0,450477.0,449065.5,449188.5,450253.0,449778.0
474019.0,475544.5,479180.0,481120.0,481759.0,481361.5,481798.0,480379.0,481642.0,481603.5,482166.5,482018.5,480724.0,482018.5,482166.5,481603.5,481642.0,480379.0,481798.0,481361.5,481759.0,481120.0,479180.0,475544.5
440289.0,441418.5,443646.0,445931.0,446358.5,444636.0,443502.5,443501.5,443327.5,444292.0,443875.0,445146.0,444878.0,445146.0,443875.0,444292.0,443327.5,443501.5,443502.5,444636.0,446358.5,445931.0,443646.0,441418.5
469762.0,471501.5,473171.0,476531.0,477828.5,476525.0,475132.0,473733.0,474307.5,475607.0,477594.0,479354.5,480256.0,479354.5,477594.0,475607.0,474307.5,473733.0,475132.0,476525.0,477828.5,476531.0,473171.0,471501.5
440459.0,440091.5,440781.0,441765.5,441692.5,441913.0,442361.5,442071.5,442579.5,442493.5,441850.0,442150.5,442623.0,442150.5,441850.0,442493.5,442579.5,442071.5,442361.5,441913.0,441692.5,441765.5,440781.0,440091.5
453273.0,454087.0,454440.0,456635.5,458649.0,460512.0,461441.0,462820.5,464970.0,465547.0,467449.0,468334.0,468215.0,468334.0,467449.0,465547.0,464970.0,462820.5,461441.0,460512.0,458649.0,456635.5,454440.0,454087.0
468667.0,468654.0,469858.0,474140.0,474837.0,475864.5,473756.5,473448.5,471944.0,473878.0,475110.0,476760.0,477870.0,476760.0,475110.0,473878.0,471944.0,473448.5,473756.5,475864.5,474837.0,474140.0,469858.0,468654.0
470414.0,470447.5,471270.0,471500.5,471390.5,472055.0,472044.5,473883.0,472860.5,473275.5,474281.0,474006.5,475985.0,474006.5,474281.0,473275.5,472860.5,473883.0,472044.5,472055.0,471390.5,471500.5,471270.0,470447.5
449646.0,448780.5,451129.5,451929.5,452393.5,451991.0,452873.0,453494.5,455263.5,455639.5,456492.5,456836.0,456924.0,456836.0,456492.5,455639.5,455263.5,453494.5,452873.0,451991.0,452393.5,451929.5,451129.5,448780.5
446125.0,447501.5,445642.5,448229.5,447451.5,449489.0,450942.0,448554.5,449040.0,449257.0,450268.5,451811.0,452311.0,451811.0,450268.5,449257.0,449040.0,448554.5,450942.0,449489.0,447451.5,448229.5,445642.5,447501.5
475499.0,477645.5,478301.5,479527.5,480508.5,481863.0,481938.5,481108.0,481189.0,479176.5,479474.0,478947.5,479758.0,478947.5,479474.0,479176.5,481189.0,481108.0,481938.5,481863.0,480508.5,479527.5,478301.5,477645.5
438326.0,439871.0,440574.0,441456.5,444204.5,445337.0,445173.0,443969.5,443539.5,442947.5,442355.0,442296.5,440802.0,442296.5,442355.0,442947.5,443539.5,443969.5,445173.0,445337.0,444204.5,441456.5,440574.0,439871.0
462657.0,462422.0,463053.5,465771.5,467701.5,469455.5,470018.0,469668.0,470223.5,467783.0,466580.5,466445.0,466207.0,466445.0,466580.5,467783.0,470223.5,469668.0,470018.0,469455.5,467701.5,465771.5,463053.5,462422.0
464148.0,466165.5,467742.5,466577.0,469376.5,467911.5,469143.5,469851.5,470839.5,470903.0,472450.5,470675.5,471495.0,470675.5,472450.5,470903.0,470839.5,469851.5,469143.5,467911.5,469376.5,466577.0,467742.5,466165.5
469050.0,469737.5,471359.5,472534.5,474803.5,474910.5,477212.0,479174.0,481626.5,480847.0,482742.5,483752.0,483193.0,483752.0,482742.5,480847.0,481626.5,479174.0,477212.0,474910.5,474803.5,472534.5,471359.5,469737.5
465782.0,467455.0,467024.0,467363.0,467051.5,467682.5,468244.0,468283.0,469367.5,470735.0,469507.0,470227.0,469541.0,470227.0,469507.0,470735.0,469367.5,468283.0,468244.0,467682.5,467051.5,467363.0,467024.0,467455.0
459867.0,460241.0,459605.5,459482.0,459674.5,459053.0,459963.5,460615.0,459923.0,459055.0,460197.0,460968.0,461858.0,460968.0,460197.0,459055.0,459923.0,460615.0,459963.5,459053.0,459674.5,459482.0,459605.5,460241.0
466451.0,468294.5,469618.0,471955.5,470980.5,472038.0,472225.0,473074.5,473740.5,473107.5,472172.0,471138.0,471901.0,471138.0,472172.0,473107.5,473740.5,473074.5,472225.0,472038.0,470980.5,471955.5,469618.0,468294.5
433336.0,434441.5,434885.5,436278.5,439222.0,441040.0,442238.0,442923.0,441935.5,443205.5,443199.0,442460.0,442681.0,442460.0,443199.0,443205.5,441935.5,442923.0,442238.0,441040.0,439222.0,436278.5,434885.5,434441.5
468108.0,472085.5,473429.5,472711.5,471124.5,472901.5,472705.5,475811.0,475933.0,475546.5,473362.5,474799.0,474024.0,474799.0,473362.5,475546.5,475933.0,475811.0,472705.5,472901.5,471124.5,472711.5,473429.5,472085.5
463414.0,467735.0,469393.5,469162.0,470914.0,472399.0,475227.0,478021.0,478483.0,480665.5,479915.5,480942.0,479399.0,480942.0,479915.5,480665.5,478483.0,478021.0,475227.0,472399.0,470914.0,469162.0,469393.5,467735.0
464678.0,467915.5,469210.0,470974.5,474012.0,476220.5,477311.5,479825.5,479598.5,479985.0,482040.0,481167.0,481672.0,481167.0,482040.0,479985.0,479598.5,479825.5,477311.5,476220.5,474012.0,470974.5,469210.0,467915.5
485761.0,488847.5,490980.0,495644.0,495220.0,494364.5,493151.5,492021.0,492858.0,492359.0,496726.5,498604.0,501455.0,498604.0,496726.5,492359.0,492858.0,492021.0,493151.5,494364.5,495220.0,495644.0,490980.0,488847.5
457879.0,459171.5,459723.5,462442.5,462114.0,463158.0,464036.5,463249.0,463363.0,465726.0,463769.0,464603.0,465137.0,464603.0,463769.0,465726.0,463363.0,463249.0,464036.5,463158.0,462114.0,462442.5,459723.5,459171.5
431896.0,432947.0,436379.0,437703.5,438891.0,440463.5,442344.0,440250.0,438872.5,437953.5,436355.0,437966.5,435085.0,437966.5,436355.0,437953.5,438872.5,440250.0,442344.0,440463.5,438891.0,437703.5,436379.0,432947.0
440089.0,444579.5,445964.5,451168.5,454800.5,457073.5,461027.0,461684.0,462918.5,462453.5,463470.0,465139.5,464719.0,465139.5,463470.0,462453.5,462918.5,461684.0,461027.0,457073.5,454800.5,451168.5,445964.5,444579.5
481443.0,484229.5,488649.5,492654.5,495270.5,497271.5,496834.5,494113.5,492047.0,492073.5,491307.0,491874.5,490226.0,491874.5,491307.0,492073.5,492047.0,494113.5,496834.5,497271.5,495270.5,492654.5,488649.5,484229.5
437565.0,442071.5,444528.5,444588.0,444169.0,444839.5,444268.5,442520.5,441909.0,444388.5,447627.0,445386.0,444227.0,445386.0,447627.0,444388.5,441909.0,442520.5,444268.5,444839.5,444169.0,444588.0,444528.5,442071.5
447034.0,448317.5,450013.5,448677.5,449121.5,448632.0,450103.0,450171.5,449503.5,451426.5,450617.5,450099.0,448582.0,450099.0,450617.5,451426.5,449503.5,450171.5,450103.0,448632.0,449121.5,448677.5,450013.5,448317.5
473677.0,476191.0,479900.5,481254.0,483401.0,485059.0,484816.5,484087.5,482637.5,482686.0,480310.0,481422.0,481289.0,481422.0,480310.0,482686.0,482637.5,484087.5,484816.5,485059.0,483401.0,481254.0,479900.5,476191.0
432374.0,435149.0,435148.5,437663.0,436486.5,435946.5,433279.0,432314.0,433124.5,433527.0,434314.5,436359.5,434602.0,436359.5,434314.5,433527.0,433124.5,432314.0,433279.0,435946.5,436486.5,437663.0,435148.5,435149.0
461715.0,463334.5,463606.5,463085.5,466848.5,465592.0,468638.5,469000.5,467852.0,466775.5,467934.0,464198.0,465530.0,464198.0,467934.0,466775.5,467852.0,469000.5,468638.5,465592.0,466848.5,463085.5,463606.5,463334.5
469860.0,470050.0,472458.5,473785.5,473040.0,474151.0,476321.5,476617.0,476908.0,477201.5,478033.0,476468.0,475600.0,476468.0,478033.0,477201.5,476908.0,476617.0,476321.5,474151.0,473040.0,473785.5,472458.5,470050.0
464151.0,464913.0,466601.0,469258.0,469777.5,468650.5,471650.0,472121.0,470201.5,469281.5,467844.0,470239.5,467604.0,470239.5,467844.0,469281.5,470201.5,472121.0,471650.0,468650.5,469777.5,469258.0,466601.0,464913.0
509348.0,513461.5,514864.5,516644.0,518904.5,520567.5,522701.5,519284.0,521239.0,519064.0,517206.5,517988.5,516689.0,517988.5,517206.5,519064.0,521239.0,519284.0,522701.5,520567.5,518904.5,516644.0,514864.5,513461.5
462929.0,464551.5,466141.5,465833.5,465521.5,467230.5,469540.5,470168.0,471461.0,471857.0,472670.5,472822.5,473975.0,472822.5,472670.5,471857.0,471461.0,470168.0,469540.5,467230.5,465521.5,465833.5,466141.5,464551.5
445299.0,446392.0,448033.5,452094.5,455904.0,459593.0,461708.5,462641.0,464292.0,465979.5,467863.5,468773.0,469680.0,468773.0,467863.5,465979.5,464292.0,462641.0,461708.5,459593.0,455904.0,452094.5,448033.5,446392.0
446681.0,450587.0,448713.5,449773.5,449340.5,449093.0,448929.0,449109.5,449019.0,449033.0,450322.5,447478.0,450346.0,447478.0,450322.5,449033.0,449019.0,449109.5,448929.0,449093.0,449340.5,449773.5,448713.5,450587.0
454009.0,454991.5,457827.5,458268.5,458304.0,457503.0,459293.0,459057.0,460121.5,459035.0,459354.0,460341.0,461319.0,460341.0,459354.0,459035.0,460121.5,459057.0,459293.0,457503.0,458304.0,458268.5,457827.5,454991.5
466927.0,467661.0,468502.5,467899.5,469235.5,470177.0,470196.0,470506.0,471227.5,471461.0,471072.0,471695.5,471598.0,471695.5,471072.0,471461.0,471227.5,470506.0,470196.0,470177.0,469235.5,467899.5,468502.5,467661.0
471198.0,474136.5,477051.0,479932.5,482455.0,482797.0,482979.0,482152.0,482202.5,481132.0,480029.5,477647.0,478222.0,477647.0,480029.5,481132.0,482202.5,482152.0,482979.0,482797.0,482455.0,479932.5,477051.0,474136.5
486167.0,488678.5,488559.0,488748.0,490129.0,491831.0,490265.0,491206.5,491954.5,491079.0,492145.5,491303.0,489971.0,491303.0,492145.5,491079.0,491954.5,491206.5,490265.0,491831.0,490129.0,488748.0,488559.0,488678.5
462088.0,464593.5,465838.0,466215.0,468853.5,470279.5,469439.0,469449.0,470118.0,470419.5,470775.5,469025.5,467688.0,469025.5,470775.5,470419.5,470118.0,469449.0,469439.0,470279.5,468853.5,466215.0,465838.0,464593.5
463329.0,465029.5,467153.0,467761.5,468795.5,472709.5,476341.5,477086.5,479672.5,482087.5,482592.5,484505.5,485793.0,484505.5,482592.5,482087.5,479672.5,477086.5,476341.5,472709.5,468795.5,467761.5,467153.0,465029.5
434074.0,434719.5,436756.0,439757.0,443500.0,446079.0,447666.5,449196.5,451327.5,453278.5,456221.0,458674.5,460570.0,458674.5,456221.0,453278.5,451327.5,449196.5,447666.5,446079.0,443500.0,439757.0,436756.0,434719.5
496260.0,496606.5,498613.5,499893.0,498988.5,500404.0,501661.0,501595.0,502425.0,500127.0,498939.0,500494.5,498820.0,500494.5,498939.0,500127.0,502425.0,501595.0,501661.0,500404.0,498988.5,499893.0,498613.5,496606.5
463452.0,462688.0,463125.5,463439.0,464211.5,465515.5,465227.0,468059.5,469791.5,470580.5,471090.0,471587.5,473887.0,471587.5,471090.0,470580.5,469791.5,468059.5,465227.0,465515.5,464211.5,463439.0,463125.5,462688.0
469000.0,468682.0,469690.5,470416.5,472437.5,471692.5,472374.0,472859.5,474866.5,473870.0,475039.0,474806.5,477003.0,474806.5,475039.0,473870.0,474866.5,472859.5,472374.0,471692.5,472437.5,470416.5,469690.5,468682.0
435023.0,436771.0,437800.5,437281.5,437603.5,438396.5,439081.5,441220.5,440567.5,441078.5,441646.5,442132.5,443331.0,442132.5,441646.5,441078.5,440567.5,441220.5,439081.5,438396.5,437603.5,437281.5,437800.5,436771.0
465050.0,466556.5,468596.0,471145.5,473620.0,475353.5,475505.0,475287.5,474100.5,473075.5,472052.5,470344.5,469624.0,470344.5,472052.5,473075.5,474100.5,475287.5,475505.0,475353.5,473620.0,471145.5,468596.0,466556.5
462828.0,464650.0,466990.5,468935.5,471277.0,472325.0,472673.5,474018.0,474648.0,473037.0,471997.5,471276.0,469948.0,471276.0,471997.5,473037.0,474648.0,474018.0,472673.5,472325.0,471277.0,468935.5,466990.5,464650.0
471632.0,475959.5,475543.0,480359.5,482248.5,484065.0,486207.5,489254.5,490798.0,494777.5,498199.5,499009.0,499745.0,499009.0,498199.5,494777.5,490798.0,489254.5,486207.5,484065.0,482248.5,480359.5,475543.0,475959.5
460240.0,461517.5,461814.0,465114.5,467336.5,469327.0,471569.0,472776.5,475268.5,475915.0,476709.5,476053.5,476253.0,476053.5,476709.5,475915.0,475268.5,472776.5,471569.0,469327.0,467336.5,465114.5,461814.0,461517.5
454247.0,454995.0,456894.0,457260.5,458327.0,459565.0,460936.0,461317.5,464227.5,465001.0,463717.0,465167.0,467760.0,465167.0,463717.0,465001.0,464227.5,461317.5,460936.0,459565.0,458327.0,457260.5,456894.0,454995.0
446299.0,448085.5,449086.5,447960.0,448766.5,450561.5,450454.5,449973.0,451117.0,451771.0,452098.0,451892.0,452002.0,451892.0,452098.0,451771.0,451117.0,449973.0,450454.5,450561.5,448766.5,447960.0,449086.5,448085.5
466187.0,467526.5,467096.5,468145.5,468087.0,468417.5,468798.0,468820.0,468887.0,468310.5,468917.5,468792.0,469669.0,468792.0,468917.5,468310.5,468887.0,468820.0,468798.0,468417.5,468087.0,468145.5,467096.5,467526.5
488202.0,489047.0,488330.0,488514.0,488187.5,491081.0,492139.5,492366.5,493465.0,494670.5,493005.5,493446.5,492558.0,493446.5,493005.5,494670.5,493465.0,492366.5,492139.5,491081.0,488187.5,488514.0,488330.0,489047.0
451577.0,452479.0,455195.0,458933.0,461893.5,464537.5,464970.5,465043.5,463343.5,459957.0,456347.5,453585.5,452454.0,453585.5,456347.5,459957.0,463343.5,465043.5,464970.5,464537.5,461893.5,458933.0,455195.0,452479.0
474130.0,474279.0,475438.5,476343.5,476869.5,476904.5,477835.0,475770.5,476699.5,476878.0,478291.0,479349.5,477993.0,479349.5,478291.0,476878.0,476699.5,475770.5,477835.0,476904.5,476869.5,476343.5,475438.5,474279.0
476939.0,477196.5,478541.5,478840.0,479599.5,479967.5,478992.5,479605.5,479799.5,478810.5,478987.0,479340.5,478862.0,479340.5,478987.0,478810.5,479799.5,479605.5,478992.5,479967.5,479599.5,478840.0,478541.5,477196.5
459855.0,459396.0,460524.0,461018.5,463037.5,464657.5,466146.5,467649.5,468930.0,469633.5,471160.5,471257.0,471516.0,471257.0,471160.5,469633.5,468930.0,467649.5,466146.5,464657.5,463037.5,461018.5,460524.0,459396.0
477446.0,479726.0,482057.0,484114.0,487163.5,485941.0,485438.0,484880.0,483726.5,484071.5,486075.5,488343.5,489333.0,488343.5,486075.5,484071.5,483726.5,484880.0,485438.0,485941.0,487163.5,484114.0,482057.0,479726.0
476883.0,478611.0,478854.5,480644.5,483106.0,482428.0,484332.5,484907.0,484293.0,485784.0,487422.0,489072.0,490078.0,489072.0,487422.0,485784.0,484293.0,484907.0,484332.5,482428.0,483106.0,480644.5,478854.5,478611.0
450709.0,452820.0,453735.0,455032.5,455352.5,457377.0,459437.5,459230.0,460244.5,460533.5,461433.0,461076.0,460620.0,461076.0,461433.0,460533.5,460244.5,459230.0,459437.5,457377.0,455352.5,455032.5,453735.0,452820.0
472877.0,474538.5,473324.0,473511.5,473617.0,473375.0,474337.5,475940.5,476401.5,474918.0,475994.0,475651.5,474803.0,475651.5,475994.0,474918.0,476401.5,475940.5,474337.5,473375.0,473617.0,473511.5,473324.0,474538.5
458641.0,460917.5,464298.0,465934.5,467532.0,468856.5,470183.0,469026.0,468794.0,471349.0,472817.0,472426.5,473611.0,472426.5,472817.0,471349.0,468794.0,469026.0,470183.0,468856.5,467532.0,465934.5,464298.0,460917.5
452988.0,452841.0,454519.5,455302.0,457209.5,460266.5,461961.0,463549.0,464145.5,465904.5,466680.5,466629.0,466692.0,466629.0,466680.5,465904.5,464145.5,463549.0,461961.0,460266.5,457209.5,455302.0,454519.5,452841.0
460774.0,462280.5,462049.0,464490.0,464772.5,467014.0,466785.0,466852.0,468221.5,466745.5,467292.5,467173.5,465658.0,467173.5,467292.5,466745.5,468221.5,466852.0,466785.0,467014.0,464772.5,464490.0,462049.0,462280.5
454610.0,456421.0,456435.0,457137.5,457155.0,458785.0,460614.5,461821.5,463357.5,463865.0,465590.0,465017.0,465320.0,465017.0,465590.0,463865.0,463357.5,461821.5,460614.5,458785.0,457155.0,457137.5,456435.0,456421.0
446355.0,448326.5,450332.0,452427.5,453449.0,454197.0,454466.0,453768.0,453832.0,455777.5,456976.5,458665.5,459106.0,458665.5,456976.5,455777.5,453832.0,453768.0,454466.0,454197.0,453449.0,452427.5,450332.0,448326.5
474253.0,475506.5,475787.0,474387.0,474751.5,476010.5,476253.0,476232.5,476067.0,476780.0,476767.0,476215.5,476136.0,476215.5,476767.0,476780.0,476067.0,476232.5,476253.0,476010.5,474751.5,474387.0,475787.0,475506.5
442277.0,444264.5,445308.0,447759.5,445974.0,447725.5,449730.5,450537.5,450791.0,450068.5,449798.5,449818.0,452028.0,449818.0,449798.5,450068.5,450791.0,450537.5,449730.5,447725.5,445974.0,447759.5,445308.0,444264.5
454990.0,457507.5,458592.5,461749.0,464586.5,466745.0,468538.0,470421.5,471889.0,472238.5,472484.5,472276.5,472185.0,472276.5,472484.5,472238.5,471889.0,470421.5,468538.0,466745.0,464586.5,461749.0,458592.5,457507.5
462377.0,464114.5,467150.0,469180.5,473313.0,477844.0,483376.5,485848.5,486458.0,486268.0,488824.0,488661.0,487827.0,488661.0,488824.0,486268.0,486458.0,485848.5,483376.5,477844.0,473313.0,469180.5,467150.0,464114.5
436723.0,439430.0,440944.5,442501.5,441331.0,441007.5,442227.5,442356.0,442056.0,440907.0,442146.5,440146.0,439222.0,440146.0,442146.5,440907.0,442056.0,442356.0,442227.5,441007.5,441331.0,442501.5,440944.5,439430.0
466110.0,466931.0,468907.5,468886.0,469596.5,467921.0,470263.0,470536.5,471102.0,473333.5,474658.5,473112.0,473115.0,473112.0,474658.5,473333.5,471102.0,470536.5,470263.0,467921.0,469596.5,468886.0,468907.5,466931.0
480813.0,480252.0,482442.0,486786.5,488822.0,490584.0,493812.5,494173.0,493378.0,493773.5,491859.5,491359.5,492346.0,491359.5,491859.5,493773.5,493378.0,494173.0,493812.5,490584.0,488822.0,486786.5,482442.0,480252.0
464111.0,465294.0,465483.0,466651.5,466168.0,467776.0,467655.0,467470.5,468021.5,469454.5,469390.0,469703.5,470014.0,469703.5,469390.0,469454.5,468021.5,467470.5,467655.0,467776.0,466168.0,466651.5,465483.0,465294.0
453975.0,458458.0,459894.5,462551.0,465647.5,465066.0,464532.0,463535.5,462480.0,460867.0,461378.5,462464.5,460882.0,462464.5,461378.5,460867.0,462480.0,463535.5,464532.0,465066.0,465647.5,462551.0,459894.5,458458.0
469585.0,471289.5,473586.0,473944.0,474187.0,475006.5,477210.5,476955.5,476811.5,475669.0,476288.5,477439.5,477144.0,477439.5,476288.5,475669.0,476811.5,476955.5,477210.5,475006.5,474187.0,473944.0,473586.0,471289.5
448556.0,452050.0,453302.5,454135.5,456286.0,455829.0,458059.0,458622.0,458429.5,459461.0,459979.5,458740.5,459511.0,458740.5,459979.5,459461.0,458429.5,458622.0,458059.0,455829.0,456286.0,454135.5,453302.5,452050.0
440323.0,439595.0,440780.5,441866.0,441539.0,442135.0,441392.0,442384.5,442368.5,441726.0,441687.0,441402.5,440993.0,441402.5,441687.0,441726.0,442368.5,442384.5,441392.0,442135.0,441539.0,441866.0,440780.5,439595.0
492221.0,491266.0,492368.5,492118.0,493998.5,494641.5,494934.5,493925.5,492368.5,491518.5,491099.0,489201.0,490290.0,489201.0,491099.0,491518.5,492368.5,493925.5,494934.5,494641.5,493998.5,492118.0,492368.5,491266.0
463198.0,464088.5,465342.5,465942.0,467145.5,467472.0,466786.5,467228.5,467723.0,464996.0,466009.0,465269.0,463949.0,465269.0,466009.0,464996.0,467723.0,467228.5,466786.5,467472.0,467145.5,465942.0,465342.5,464088.5
456540.0,458305.5,460648.5,462558.0,464835.0,464185.5,464959.5,464913.5,462432.0,462715.5,460378.0,458223.0,457934.0,458223.0,460378.0,462715.5,462432.0,464913.5,464959.5,464185.5,464835.0,462558.0,460648.5,458305.5
460854.0,461220.0,463418.5,463390.0,463471.5,464643.5,464783.5,466140.5,465424.0,463270.5,463832.5,464334.0,465381.0,464334.0,463832.5,463270.5,465424.0,466140.5,464783.5,464643.5,463471.5,463390.0,463418.5,461220.0
439980.0,440487.0,439897.0,439870.5,440842.0,441350.5,442208.0,441618.5,442568.5,442264.0,442765.0,443242.5,442001.0,443242.5,442765.0,442264.0,442568.5,441618.5,442208.0,441350.5,440842.0,439870.5,439897.0,440487.0
453754.0,455264.5,456057.0,455658.0,458819.5,459599.0,461586.0,460125.5,460490.5,460915.5,459341.5,458869.5,459653.0,458869.5,459341.5,460915.5,460490.5,460125.5,461586.0,459599.0,458819.5,455658.0,456057.0,455264.5
505909.0,506288.0,506392.5,506576.0,506494.0,507858.0,507507.0,509273.0,508100.5,506599.0,507722.0,507508.0,506809.0,507508.0,507722.0,506599.0,508100.5,509273.0,507507.0,507858.0,506494.0,506576.0,506392.5,506288.0
448845.0,450068.0,452507.0,455255.5,457522.5,458516.0,459329.0,459172.5,458740.0,459116.0,458010.0,458532.0,458120.0,458532.0,458010.0,459116.0,458740.0,459172.5,459329.0,458516.0,457522.5,455255.5,452507.0,450068.0
480295.0,481296.0,482531.5,484185.5,484496.5,483252.0,483046.5,481206.5,480099.0,481509.5,482433.5,482817.5,481831.0,482817.5,482433.5,481509.5,480099.0,481206.5,483046.5,483252.0,484496.5,484185.5,482531.5,481296.0
451534.0,454526.0,454255.5,453444.5,455319.5,455987.5,456620.0,455868.5,456836.0,457049.5,455503.0,456470.0,457940.0,456470.0,455503.0,457049.5,456836.0,455868.5,456620.0,455987.5,455319.5,453444.5,454255.5,454526.0
454171.0,454339.5,454333.0,454662.0,454356.5,454401.5,455886.5,455758.0,456143.0,456298.0,456209.5,456689.0,455804.0,456689.0,456209.5,456298.0,456143.0,455758.0,455886.5,454401.5,454356.5,454662.0,454333.0,454339.5
473400.0,477205.0,478371.0,479744.0,480881.0,483916.5,483118.5,486795.5,486684.0,487696.5,489756.5,492008.5,488936.0,492008.5,489756.5,487696.5,486684.0,486795.5,483118.5,483916.5,480881.0,479744.0,478371.0,477205.0
450783.0,451709.5,452652.5,452535.5,453016.5,454387.0,453481.5,452356.0,451871.5,451765.5,452886.5,453443.5,453698.0,453443.5,452886.5,451765.5,451871.5,452356.0,453481.5,454387.0,453016.5,452535.5,452652.5,451709.5
434030.0,435776.0,437802.5,440602.5,443112.0,444824.0,445620.0,444803.0,444784.0,444591.5,442943.5,443166.5,442687.0,443166.5,442943.5,444591.5,444784.0,444803.0,445620.0,444824.0,443112.0,440602.5,437802.5,435776.0
471901.0,472733.5,472933.0,472950.0,473211.0,473450.5,474649.0,474202.5,473947.5,474244.5,473677.5,472667.0,474545.0,472667.0,473677.5,474244.5,473947.5,474202.5,474649.0,473450.5,473211.0,472950.0,472933.0,472733.5
464102.0,468731.0,470234.5,470099.5,472552.0,474145.5,474264.5,476768.0,478642.0,480234.0,481068.5,481466.5,479508.0,481466.5,481068.5,480234.0,478642.0,476768.0,474264.5,474145.5,472552.0,470099.5,470234.5,468731.0
442852.0,443726.5,446280.5,448292.5,451366.5,453759.0,453057.0,451971.5,450034.5,447373.5,446974.5,445941.0,445010.0,445941.0,446974.5,447373.5,450034.5,451971.5,453057.0,453759.0,451366.5,448292.5,446280.5,443726.5
456846.0,456753.5,459334.5,457724.0,455790.0,456305.0,458006.0,457134.0,455214.0,456007.0,456926.0,456642.5,455919.0,456642.5,456926.0,456007.0,455214.0,457134.0,458006.0,456305.0,455790.0,457724.0,459334.5,456753.5
464948.0,467390.0,466714.5,466122.0,466551.5,467145.0,468313.5,470998.0,470543.0,470928.5,470034.0,469376.5,469747.0,469376.5,470034.0,470928.5,470543.0,470998.0,468313.5,467145.0,466551.5,466122.0,466714.5,467390.0
449620.0,451908.5,453808.0,453728.5,454116.5,452307.0,452213.5,453465.0,453680.0,455596.5,454506.0,451654.5,451286.0,451654.5,454506.0,455596.5,453680.0,453465.0,452213.5,452307.0,454116.5,453728.5,453808.0,451908.5
449702.0,450903.5,453013.5,455414.5,458243.5,461520.0,466076.0,468217.5,471091.5,473086.5,473319.5,474532.0,473934.0,474532.0,473319.5,473086.5,471091.5,468217.5,466076.0,461520.0,458243.5,455414.5,453013.5,450903.5
470395.0,471140.0,471554.5,472847.5,474769.0,475136.5,475367.5,474873.5,474551.0,473125.5,471920.5,472185.0,472840.0,472185.0,471920.5,473125.5,474551.0,474873.5,475367.5,475136.5,474769.0,472847.5,471554.5,471140.0
451689.0,452715.0,453367.0,454099.0,454872.5,453819.0,453505.0,454836.5,454300.0,453837.5,452970.0,452907.0,453190.0,452907.0,452970.0,453837.5,454300.0,454836.5,453505.0,453819.0,454872.5,454099.0,453367.0,452715.0
483751.0,484314.0,484407.5,485151.5,486208.5,485536.5,487341.0,487775.5,489411.5,486994.0,486035.5,487131.5,488167.0,487131.5,486035.5,486994.0,489411.5,487775.5,487341.0,485536.5,486208.5,485151.5,484407.5,484314.0
471770.0,476184.5,478754.0,477898.0,477200.5,477910.0,478373.0,479217.0,480426.0,481542.0,481195.0,482974.5,483345.0,482974.5,481195.0,481542.0,480426.0,479217.0,478373.0,477910.0,477200.5,477898.0,478754.0,476184.5
449789.0,452588.0,454571.5,455013.0,454980.0,457746.0,461359.5,463297.0,464026.5,465238.0,467147.0,467453.0,469096.0,467453.0,467147.0,465238.0,464026.5,463297.0,461359.5,457746.0,454980.0,455013.0,454571.5,452588.0
434219.0,437472.5,438477.5,438516.5,439221.5,440742.5,441571.5,439649.5,437928.0,436410.5,438768.0,437552.5,435150.0,437552.5,438768.0,436410.5,437928.0,439649.5,441571.5,440742.5,439221.5,438516.5,438477.5,437472.5
447261.0,448863.5,449571.5,450599.5,448203.0,450959.0,452045.0,451951.0,451252.5,453675.5,453416.0,453449.5,451767.0,453449.5,453416.0,453675.5,451252.5,451951.0,452045.0,450959.0,448203.0,450599.5,449571.5,448863.5
452623.0,456376.0,455618.0,458748.5,458850.5,457977.0,457878.0,458634.0,457310.0,457459.0,456379.5,458364.0,456678.0,458364.0,456379.5,457459.0,457310.0,458634.0,457878.0,457977.0,458850.5,458748.5,455618.0,456376.0
453930.0,457685.5,457960.5,458988.5,460338.0,460347.0,459225.0,458332.0,459535.0,461003.5,461186.5,462005.5,462520.0,462005.5,461186.5,461003.5,459535.0,458332.0,459225.0,460347.0,460338.0,458988.5,457960.5,457685.5
493745.0,493471.5,495371.0,497582.5,499487.5,501435.5,502784.5,504347.5,504752.0,504604.0,504874.0,504044.0,504759.0,504044.0,504874.0,504604.0,504752.0,504347.5,502784.5,501435.5,499487.5,497582.5,495371.0,493471.5
442915.0,443134.0,444020.0,445127.0,443609.0,443559.5,444156.5,445399.0,443772.0,442202.0,444215.0,444467.0,445275.0,444467.0,444215.0,442202.0,443772.0,445399.0,444156.5,443559.5,443609.0,445127.0,444020.0,443134.0
445391.0,446437.0,447509.0,448507.5,450993.5,451461.0,454338.5,455528.0,457820.0,459466.0,458743.0,458199.0,457820.0,458199.0,458743.0,459466.0,457820.0,455528.0,454338.5,451461.0,450993.5,448507.5,447509.0,446437.0
460414.0,460867.5,460958.5,462235.5,465194.0,465104.0,467176.0,467962.0,467173.5,467538.5,467808.5,466337.0,467226.0,466337.0,467808.5,467538.5,467173.5,467962.0,467176.0,465104.0,465194.0,462235.5,460958.5,460867.5
452013.0,454730.0,457251.0,459365.0,461979.0,463107.5,465552.5,464559.5,463960.5,460769.0,458739.0,458217.0,456863.0,458217.0,458739.0,460769.0,463960.5,464559.5,465552.5,463107.5,461979.0,459365.0,457251.0,454730.0
449545.0,450948.0,453947.0,456045.5,457765.5,461727.5,462939.0,463206.5,464158.5,461594.5,458556.5,456931.0,456604.0,456931.0,458556.5,461594.5,464158.5,463206.5,462939.0,461727.5,457765.5,456045.5,453947.0,450948.0
455881.0,459627.0,461839.5,460747.5,463736.0,464420.5,467169.5,472185.5,472743.5,473019.5,475351.0,477071.0,478268.0,477071.0,475351.0,473019.5,472743.5,472185.5,467169.5,464420.5,463736.0,460747.5,461839.5,459627.0
437520.0,437088.0,438813.0,439806.5,438861.0,440560.5,438954.0,439732.5,438198.5,440231.0,441784.5,440571.5,441438.0,440571.5,441784.5,440231.0,438198.5,439732.5,438954.0,440560.5,438861.0,439806.5,438813.0,437088.0
456233.0,457258.5,458718.5,460167.5,462030.0,462416.0,464386.5,462754.5,463445.0,465254.0,467477.0,467429.5,469813.0,467429.5,467477.0,465254.0,463445.0,462754.5,464386.5,462416.0,462030.0,460167.5,458718.5,457258.5
451736.0,453067.0,455727.5,455826.0,453425.5,453855.5,455333.5,456706.0,454908.5,453118.5,453108.5,454721.0,456749.0,454721.0,453108.5,453118.5,454908.5,456706.0,455333.5,453855.5,453425.5,455826.0,455727.5,453067.0
434403.0,434119.5,433114.0,433778.0,435164.0,435866.0,434152.5,435674.5,436366.0,435588.5,435689.5,435452.5,436043.0,435452.5,435689.5,435588.5,436366.0,435674.5,434152.5,435866.0,435164.0,433778.0,433114.0,434119.5
454257.0,455491.5,457037.5,458752.0,460479.5,463535.0,464857.5,462946.5,461499.0,461994.0,462102.5,462254.0,463051.0,462254.0,462102.5,461994.0,461499.0,462946.5,464857.5,463535.0,460479.5,458752.0,457037.5,455491.5
458043.0,459371.5,460959.0,462630.0,461957.5,461484.0,462261.0,462706.0,462054.0,460863.5,461483.0,462296.0,462084.0,462296.0,461483.0,460863.5,462054.0,462706.0,462261.0,461484.0,461957.5,462630.0,460959.0,459371.5
427928.0,430476.5,431557.5,432745.5,432703.5,434156.5,434430.5,433481.5,432777.5,433142.5,432996.0,431566.5,431096.0,431566.5,432996.0,433142.5,432777.5,433481.5,434430.5,434156.5,432703.5,432745.5,431557.5,430476.5
463441.0,465135.5,467574.5,468494.0,469358.0,473238.5,474388.5,474376.0,476166.5,475923.5,475446.0,474160.5,474304.0,474160.5,475446.0,475923.5,476166.5,474376.0,474388.5,473238.5,469358.0,468494.0,467574.5,465135.5
446390.0,448186.0,450746.5,456069.0,460961.0,464721.0,468429.0,471058.0,473192.0,474303.0,475189.5,475683.0,475966.0,475683.0,475189.5,474303.0,473192.0,471058.0,468429.0,464721.0,460961.0,456069.0,450746.5,448186.0
481017.0,481428.5,483819.5,484519.5,485240.5,486866.5,488298.0,491169.0,491603.5,493343.0,495771.0,495059.5,493870.0,495059.5,495771.0,493343.0,491603.5,491169.0,488298.0,486866.5,485240.5,484519.5,483819.5,481428.5
496369.0,499626.5,502058.0,501063.5,502536.5,501698.0,498964.0,500148.0,502845.0,503675.0,503777.5,504335.5,502564.0,504335.5,503777.5,503675.0,502845.0,500148.0,498964.0,501698.0,502536.5,501063.5,502058.0,499626.5
458958.0,461157.5,460526.0,461577.5,464014.0,465069.0,467997.0,469588.0,470924.0,473213.0,473993.5,474201.0,474585.0,474201.0,473993.5,473213.0,470924.0,469588.0,467997.0,465069.0,464014.0,461577.5,460526.0,461157.5
454311.0,455320.0,455920.0,456422.5,455949.5,456631.0,458349.5,457645.0,458944.0,459573.0,459489.0,459137.5,460503.0,459137.5,459489.0,459573.0,458944.0,457645.0,458349.5,456631.0,455949.5,456422.5,455920.0,455320.0
455215.0,456887.5,458976.5,460666.0,461929.5,462075.5,461553.5,463218.0,464331.5,464716.5,465799.0,465820.0,465630.0,465820.0,465799.0,464716.5,464331.5,463218.0,461553.5,462075.5,461929.5,460666.0,458976.5,456887.5
452203.0,453577.0,453444.0,452933.0,454596.5,452310.0,454755.0,453705.0,454620.5,453270.0,453895.5,454299.0,452770.0,454299.0,453895.5,453270.0,454620.5,453705.0,454755.0,452310.0,454596.5,452933.0,453444.0,453577.0
481983.0,481961.5,483914.5,483940.0,485257.5,485721.0,487346.5,488688.0,489072.5,491056.5,492585.5,491494.5,491803.0,491494.5,492585.5,491056.5,489072.5,488688.0,487346.5,485721.0,485257.5,483940.0,483914.5,481961.5
464857.0,466078.0,467578.5,467537.0,468434.5,468726.0,469485.5,470835.5,472023.5,472174.0,471801.5,470043.5,470884.0,470043.5,471801.5,472174.0,472023.5,470835.5,469485.5,468726.0,468434.5,467537.0,467578.5,466078.0
470039.0,471293.0,471113.0,472689.0,472033.0,472319.5,472834.5,473342.5,473507.5,472774.5,470419.5,472209.0,472193.0,472209.0,470419.5,472774.5,473507.5,473342.5,472834.5,472319.5,472033.0,472689.0,471113.0,471293.0
437441.0,437752.5,438208.0,437863.0,439360.0,438498.0,439626.0,441299.0,441831.0,442772.0,442674.5,442841.5,444940.0,442841.5,442674.5,442772.0,441831.0,441299.0,439626.0,438498.0,439360.0,437863.0,438208.0,437752.5
455655.0,456530.0,456996.0,456009.5,457430.0,456953.5,456477.0,457081.5,455608.0,456722.5,456985.5,457413.0,458332.0,457413.0,456985.5,456722.5,455608.0,457081.5,456477.0,456953.5,457430.0,456009.5,456996.0,456530.0
469139.0,470874.0,472713.5,473264.0,472692.5,472793.5,473887.0,472768.5,471696.5,471819.0,473017.0,472216.5,472533.0,472216.5,473017.0,471819.0,471696.5,472768.5,473887.0,472793.5,472692.5,473264.0,472713.5,470874.0
474415.0,474378.5,474826.5,475840.5,476994.5,477068.5,478513.0,477959.5,478698.0,477919.0,477859.5,479024.0,479402.0,479024.0,477859.5,477919.0,478698.0,477959.5,478513.0,477068.5,476994.5,475840.5,474826.5,474378.5
449233.0,448802.5,449433.0,450661.5,451523.0,451646.5,448794.0,449475.0,449480.5,448256.5,449506.5,448733.5,450022.0,448733.5,449506.5,448256.5,449480.5,449475.0,448794.0,451646.5,451523.0,450661.5,449433.0,448802.5
474585.0,475192.0,477598.5,479223.0,479921.0,481843.5,482015.0,482262.0,483891.0,484842.0,486928.5,488961.5,489699.0,488961.5,486928.5,484842.0,483891.0,482262.0,482015.0,481843.5,479921.0,479223.0,477598.5,475192.0
467807.0,469464.5,470420.0,470448.0,474426.5,475830.0,475480.0,477608.0,476999.5,474476.5,474992.0,475051.5,473620.0,475051.5,474992.0,474476.5,476999.5,477608.0,475480.0,475830.0,474426.5,470448.0,470420.0,469464.5
439442.0,440411.5,441090.5,441057.0,441272.0,443459.5,442457.0,443171.5,442917.5,442328.0,441912.5,441703.5,441493.0,441703.5,441912.5,442328.0,442917.5,443171.5,442457.0,443459.5,441272.0,441057.0,441090.5,440411.5
442909.0,445587.0,445093.0,444250.0,443594.0,444703.0,444683.0,443452.5,443930.5,443463.5,444960.5,444293.5,443618.0,444293.5,444960.5,443463.5,443930.5,443452.5,444683.0,444703.0,443594.0,444250.0,445093.0,445587.0
446653.0,448332.5,449112.5,449649.5,451784.0,452277.5,455604.5,455586.0,457088.0,458967.0,459067.5,458802.0,458981.0,458802.0,459067.5,458967.0,457088.0,455586.0,455604.5,452277.5,451784.0,449649.5,449112.5,448332.5
447425.0,451109.0,453585.5,455637.0,456729.0,456223.5,453787.0,454204.5,453957.0,454927.0,457234.5,459125.0,458761.0,459125.0,457234.5,454927.0,453957.0,454204.5,453787.0,456223.5,456729.0,455637.0,453585.5,451109.0
455582.0,454414.5,458814.5,461138.0,461553.5,462802.5,462240.0,465097.0,466995.0,468557.5,468667.5,469716.5,469269.0,469716.5,468667.5,468557.5,466995.0,465097.0,462240.0,462802.5,461553.5,461138.0,458814.5,454414.5
447425.0,448075.0,449199.0,451219.5,452564.5,454881.0,456538.0,457417.5,457371.5,458631.5,457945.0,457827.5,458675.0,457827.5,457945.0,458631.5,457371.5,457417.5,456538.0,454881.0,452564.5,451219.5,449199.0,448075.0
449149.0,450908.0,452104.5,453201.0,452487.5,451203.5,451449.0,452526.0,453326.0,452182.0,451938.5,452562.5,453546.0,452562.5,451938.5,452182.0,453326.0,452526.0,451449.0,451203.5,452487.5,453201.0,452104.5,450908.0
464934.0,466564.5,469177.5,471013.0,473825.0,476628.5,477168.5,480622.0,483052.5,483617.0,484756.0,484029.0,483599.0,484029.0,484756.0,483617.0,483052.5,480622.0,477168.5,476628.5,473825.0,471013.0,469177.5,466564.5
455953.0,455487.5,457812.5,459377.5,460587.5,462944.5,463267.5,464733.5,466022.5,467608.0,468281.5,469763.0,470816.0,469763.0,468281.5,467608.0,466022.5,464733.5,463267.5,462944.5,460587.5,459377.5,457812.5,455487.5
448006.0,450502.0,452873.5,453754.0,455776.0,456223.5,458000.5,457415.0,457583.0,459888.5,462194.5,463473.5,463260.0,463473.5,462194.5,459888.5,457583.0,457415.0,458000.5,456223.5,455776.0,453754.0,452873.5,450502.0
474554.0,477394.5,476117.5,479351.5,479235.5,479358.5,479437.0,481849.0,483946.0,483744.0,487347.5,484771.5,484437.0,484771.5,487347.5,483744.0,483946.0,481849.0,479437.0,479358.5,479235.5,479351.5,476117.5,477394.5
460375.0,464540.0,464877.5,462697.0,463245.5,464457.5,466062.5,465912.0,463349.0,465351.0,465737.0,464803.5,466412.0,464803.5,465737.0,465351.0,463349.0,465912.0,466062.5,464457.5,463245.5,462697.0,464877.5,464540.0
470762.0,471455.5,474976.0,481119.5,484204.0,488035.0,489042.5,489951.5,489291.5,485519.0,482929.0,481384.5,482210.0,481384.5,482929.0,485519.0,489291.5,489951.5,489042.5,488035.0,484204.0,481119.5,474976.0,471455.5
474637.0,478255.5,479526.0,480693.5,481086.0,483328.0,484814.0,484003.5,482552.5,483116.0,483791.5,483486.5,483793.0,483486.5,483791.5,483116.0,482552.5,484003.5,484814.0,483328.0,481086.0,480693.5,479526.0,478255.5
477763.0,478079.0,480164.5,481489.5,482261.0,482020.5,481239.0,479903.0,479467.0,479131.5,481374.5,481816.5,482909.0,481816.5,481374.5,479131.5,479467.0,479903.0,481239.0,482020.5,482261.0,481489.5,480164.5,478079.0
455500.0,456855.5,461437.5,463012.0,462363.0,461660.0,462286.5,463425.5,466171.0,469528.5,470080.5,467223.5,465257.0,467223.5,470080.5,469528.5,466171.0,463425.5,462286.5,461660.0,462363.0,463012.0,461437.5,456855.5
461701.0,463213.5,465874.5,467171.5,472065.5,476181.5,479551.5,482298.5,484993.5,488261.0,489930.5,491286.0,491502.0,491286.0,489930.5,488261.0,484993.5,482298.5,479551.5,476181.5,472065.5,467171.5,465874.5,463213.5
466491.0,467279.0,468124.0,468825.0,466949.0,468454.5,468476.0,469024.0,468244.0,468259.0,469607.0,467785.0,468664.0,467785.0,469607.0,468259.0,468244.0,469024.0,468476.0,468454.5,466949.0,468825.0,468124.0,467279.0
475720.0,474710.5,475777.5,477674.0,478798.0,479983.0,480210.0,478755.5,478031.5,477438.5,476400.0,476341.5,477586.0,476341.5,476400.0,477438.5,478031.5,478755.5,480210.0,479983.0,478798.0,477674.0,475777.5,474710.5
472171.0,473738.0,475772.0,478633.0,479888.0,480142.0,477406.0,473846.0,474561.0,473249.5,474916.0,477725.0,477398.0,477725.0,474916.0,473249.5,474561.0,473846.0,477406.0,480142.0,479888.0,478633.0,475772.0,473738.0
463629.0,465693.0,467657.0,468167.0,469106.5,470690.0,470134.5,470779.0,469290.0,468150.0,466464.0,468839.5,468400.0,468839.5,466464.0,468150.0,469290.0,470779.0,470134.5,470690.0,469106.5,468167.0,467657.0,465693.0
456546.0,457293.5,458288.0,460185.5,461143.5,462825.5,464469.5,466565.5,467884.5,469603.0,470526.5,470418.0,469536.0,470418.0,470526.5,469603.0,467884.5,466565.5,464469.5,462825.5,461143.5,460185.5,458288.0,457293.5
476748.0,477466.0,478134.5,478144.5,480666.5,482218.5,482672.5,482207.0,482071.5,482578.0,482405.0,484288.0,484556.0,484288.0,482405.0,482578.0,482071.5,482207.0,482672.5,482218.5,480666.5,478144.5,478134.5,477466.0
470214.0,470953.5,474654.5,476171.5,477231.5,477993.0,477696.5,480087.0,481048.5,481407.5,481894.0,480882.5,479622.0,480882.5,481894.0,481407.5,481048.5,480087.0,477696.5,477993.0,477231.5,476171.5,474654.5,470953.5
490395.0,493005.0,495540.0,495020.0,495949.5,496646.0,494824.0,495517.5,496641.5,495761.0,493881.0,492549.5,491927.0,492549.5,493881.0,495761.0,496641.5,495517.5,494824.0,496646.0,495949.5,495020.0,495540.0,493005.0
427788.0,429142.0,433193.0,435999.5,436717.5,437083.5,437448.0,438934.5,441169.5,440730.0,439169.5,438982.5,440241.0,438982.5,439169.5,440730.0,441169.5,438934.5,437448.0,437083.5,436717.5,435999.5,433193.0,429142.0
451904.0,455613.0,454583.5,453477.5,455683.5,456011.5,457916.0,458257.5,458225.5,459539.0,460881.5,459486.5,458026.0,459486.5,460881.5,459539.0,458225.5,458257.5,457916.0,456011.5,455683.5,453477.5,454583.5,455613.0
503884.0,505511.5,509790.5,511629.0,510421.0,509869.0,510315.0,511432.0,512138.0,508831.5,510300.0,512148.0,511013.0,512148.0,510300.0,508831.5,512138.0,511432.0,510315.0,509869.0,510421.0,511629.0,509790.5,505511.5
473484.0,474194.5,475616.5,474864.0,477032.0,475119.5,476033.0,475776.5,474122.5,473539.5,475854.5,475616.5,477504.0,475616.5,475854.5,473539.5,474122.5,475776.5,476033.0,475119.5,477032.0,474864.0,475616.5,474194.5
440948.0,441021.0,440843.5,441579.5,443629.0,442399.0,443159.5,443074.5,442563.0,444176.5,443374.5,443429.5,444441.0,443429.5,443374.5,444176.5,442563.0,443074.5,443159.5,442399.0,443629.0,441579.5,440843.5,441021.0
487421.0,488547.5,488565.5,487925.5,488955.5,488921.5,489034.5,488548.0,488695.5,489463.0,489302.5,488824.5,489436.0,488824.5,489302.5,489463.0,488695.5,488548.0,489034.5,488921.5,488955.5,487925.5,488565.5,488547.5
468224.0,467797.5,468814.5,469208.0,466904.5,468425.0,467816.0,467775.0,468341.0,468222.0,468705.0,468267.5,467298.0,468267.5,468705.0,468222.0,468341.0,467775.0,467816.0,468425.0,466904.5,469208.0,468814.5,467797.5
479270.0,479486.5,480789.0,479930.5,481283.5,481088.5,481326.5,480328.0,480754.5,480606.0,480967.5,480932.0,480861.0,480932.0,480967.5,480606.0,480754.5,480328.0,481326.5,481088.5,481283.5,479930.5,480789.0,479486.5
436724.0,436405.0,438598.5,439730.0,441402.0,440851.5,440230.5,438931.0,440136.5,439706.5,439354.0,439990.0,439825.0,439990.0,439354.0,439706.5,440136.5,438931.0,440230.5,440851.5,441402.0,439730.0,438598.5,436405.0
458897.0,460149.5,461570.5,461544.5,462323.0,463352.5,462130.5,461656.0,461126.5,462203.0,462399.0,461687.0,459641.0,461687.0,462399.0,462203.0,461126.5,461656.0,462130.5,463352.5,462323.0,461544.5,461570.5,460149.5
468586.0,471027.0,474640.0,475297.5,474667.5,474290.5,474467.0,474672.0,475089.5,475465.0,475119.0,473071.0,472146.0,473071.0,475119.0,475465.0,475089.5,474672.0,474467.0,474290.5,474667.5,475297.5,474640.0,471027.0
448342.0,450908.5,451958.5,453904.0,453996.0,452754.0,454016.0,453301.5,455531.0,454899.5,455027.0,456900.5,456219.0,456900.5,455027.0,454899.5,455531.0,453301.5,454016.0,452754.0,453996.0,453904.0,451958.5,450908.5
456771.0,459697.5,462972.5,465174.5,471050.0,474953.0,478091.5,480123.0,481007.0,481935.5,480848.0,481370.0,481314.0,481370.0,480848.0,481935.5,481007.0,480123.0,478091.5,474953.0,471050.0,465174.5,462972.5,459697.5
438903.0,441915.0,442642.0,442873.5,442996.0,442640.5,443997.5,444335.5,443334.0,443157.0,443635.5,442345.0,443062.0,442345.0,443635.5,443157.0,443334.0,444335.5,443997.5,442640.5,442996.0,442873.5,442642.0,441915.0
436223.0,436993.0,438624.5,438638.0,437263.0,437664.0,437517.5,436644.0,436386.5,438111.0,437705.5,436292.5,437292.0,436292.5,437705.5,438111.0,436386.5,436644.0,437517.5,437664.0,437263.0,438638.0,438624.5,436993.0
449183.0,449104.0,450842.5,450390.0,450576.5,452621.5,453190.0,452826.0,452958.0,452236.5,451932.0,450882.5,451940.0,450882.5,451932.0,452236.5,452958.0,452826.0,453190.0,452621.5,450576.5,450390.0,450842.5,449104.0
462731.0,464149.5,466028.0,469304.5,472194.5,474565.0,477317.5,479803.5,479502.5,480985.0,479438.5,481080.5,479251.0,481080.5,479438.5,480985.0,479502.5,479803.5,477317.5,474565.0,472194.5,469304.5,466028.0,464149.5
458428.0,460209.0,460482.0,462987.5,463466.5,462993.0,464410.5,462942.0,462836.0,460134.5,461033.5,460396.0,461119.0,460396.0,461033.5,460134.5,462836.0,462942.0,464410.5,462993.0,463466.5,462987.5,460482.0,460209.0
449632.0,451006.0,452003.0,452783.5,454817.0,456425.0,457553.5,457701.0,457135.5,455049.0,454798.0,452051.0,452429.0,452051.0,454798.0,455049.0,457135.5,457701.0,457553.5,456425.0,454817.0,452783.5,452003.0,451006.0
459416.0,460203.5,462520.5,463786.5,464661.5,464590.5,464220.0,464822.5,465696.0,464919.5,465382.0,467215.5,468068.0,467215.5,465382.0,464919.5,465696.0,464822.5,464220.0,464590.5,464661.5,463786.5,462520.5,460203.5
463964.0,466150.5,470123.5,470663.0,470347.5,471394.0,472674.0,474520.0,474515.0,474799.0,473197.5,475654.0,479542.0,475654.0,473197.5,474799.0,474515.0,474520.0,472674.0,471394.0,470347.5,470663.0,470123.5,466150.5
498877.0,499873.0,502241.0,501978.5,501153.0,501448.5,504026.0,505912.5,505595.5,505774.5,506745.0,507879.0,509294.0,507879.0,506745.0,505774.5,505595.5,505912.5,504026.0,501448.5,501153.0,501978.5,502241.0,499873.0
458498.0,459911.5,460372.5,463597.5,465817.0,467826.0,468601.0,468100.0,467270.0,466700.0,465001.5,464655.5,465531.0,464655.5,465001.5,466700.0,467270.0,468100.0,468601.0,467826.0,465817.0,463597.5,460372.5,459911.5
454289.0,454490.5,456274.5,458772.0,460536.0,462440.5,461815.5,459627.0,461598.0,462606.5,463430.0,462917.5,463491.0,462917.5,463430.0,462606.5,461598.0,459627.0,461815.5,462440.5,460536.0,458772.0,456274.5,454490.5
476611.0,479183.5,482157.5,483084.0,482748.0,484393.5,485430.5,484317.5,483331.0,483904.0,486727.5,486807.5,486284.0,486807.5,486727.5,483904.0,483331.0,484317.5,485430.5,484393.5,482748.0,483084.0,482157.5,479183.5
443702.0,444793.5,445104.0,446949.0,445205.0,447775.5,448114.5,449738.0,449095.0,449131.0,450137.5,447238.5,449229.0,447238.5,450137.5,449131.0,449095.0,449738.0,448114.5,447775.5,445205.0,446949.0,445104.0,444793.5
455624.0,459026.5,459318.5,460487.5,459624.0,458689.5,459631.5,459176.0,458242.5,458489.5,458929.5,459893.0,460952.0,459893.0,458929.5,458489.5,458242.5,459176.0,459631.5,458689.5,459624.0,460487.5,459318.5,459026.5
462898.0,465874.0,467711.0,469419.0,473464.5,476715.5,479168.5,481630.5,485489.5,486632.5,488122.0,488533.5,490241.0,488533.5,488122.0,486632.5,485489.5,481630.5,479168.5,476715.5,473464.5,469419.0,467711.0,465874.0
451463.0,452363.5,455729.5,456859.0,458414.0,461283.0,464772.5,465209.0,467913.0,470849.0,473874.0,473362.5,472905.0,473362.5,473874.0,470849.0,467913.0,465209.0,464772.5,461283.0,458414.0,456859.0,455729.5,452363.5
453550.0,453737.0,454163.5,454797.5,456158.5,457698.5,457234.5,456794.0,457556.0,457296.5,456888.0,456187.5,456207.0,456187.5,456888.0,457296.5,457556.0,456794.0,457234.5,457698.5,456158.5,454797.5,454163.5,453737.0
435711.0,436982.0,437344.0,438848.0,438662.0,439020.5,440635.5,441848.0,439795.5,440926.5,439641.5,438203.0,437660.0,438203.0,439641.5,440926.5,439795.5,441848.0,440635.5,439020.5,438662.0,438848.0,437344.0,436982.0
439547.0,442699.0,446454.5,448208.5,449106.5,449399.5,448349.0,447998.5,449108.5,448863.5,445697.0,443003.0,441782.0,443003.0,445697.0,448863.5,449108.5,447998.5,448349.0,449399.5,449106.5,448208.5,446454.5,442699.0
472342.0,472356.0,472751.5,472666.5,474133.0,473734.0,474461.0,476167.0,475134.5,475396.0,476435.5,477345.0,476820.0,477345.0,476435.5,475396.0,475134.5,476167.0,474461.0,473734.0,474133.0,472666.5,472751.5,472356.0
448519.0,448995.0,452971.5,452765.0,452842.0,454196.0,454597.0,456249.0,455151.0,454236.5,455465.5,457230.5,458911.0,457230.5,455465.5,454236.5,455151.0,456249.0,454597.0,454196.0,452842.0,452765.0,452971.5,448995.0
442315.0,443984.5,445462.5,445729.5,446569.5,447598.0,449689.5,449885.5,450280.0,451120.0,451908.0,451598.5,449906.0,451598.5,451908.0,451120.0,450280.0,449885.5,449689.5,447598.0,446569.5,445729.5,445462.5,443984.5
457900.0,459330.0,460637.0,459152.0,460801.0,463030.5,462755.5,462316.5,463837.5,464983.0,464095.0,465117.0,465946.0,465117.0,464095.0,464983.0,463837.5,462316.5,462755.5,463030.5,460801.0,459152.0,460637.0,459330.0
437404.0,439154.0,439124.5,440206.0,441383.0,441617.5,439819.5,441457.0,440996.0,441907.0,441098.0,440722.5,438402.0,440722.5,441098.0,441907.0,440996.0,441457.0,439819.5,441617.5,441383.0,440206.0,439124.5,439154.0
475500.0,479139.0,481048.5,483752.0,485810.0,485115.0,483507.0,482916.0,482488.0,481849.0,484106.0,486743.0,484649.0,486743.0,484106.0,481849.0,482488.0,482916.0,483507.0,485115.0,485810.0,483752.0,481048.5,479139.0
460767.0,463172.5,464543.5,462307.5,463313.0,464165.5,464733.0,464485.0,464223.0,464185.5,465121.5,464137.0,463599.0,464137.0,465121.5,464185.5,464223.0,464485.0,464733.0,464165.5,463313.0,462307.5,464543.5,463172.5
465231.0,465986.0,467653.0,467840.5,468839.5,468813.5,470473.5,472008.5,473448.5,474640.5,475797.5,474107.0,473573.0,474107.0,475797.5,474640.5,473448.5,472008.5,470473.5,468813.5,468839.5,467840.5,467653.0,465986.0
476123.0,476011.5,477300.0,478849.0,478691.5,478760.0,480358.0,479330.5,478792.5,479758.5,480208.0,478581.5,478057.0,478581.5,480208.0,479758.5,478792.5,479330.5,480358.0,478760.0,478691.5,478849.0,477300.0,476011.5
425286.0,427349.0,428395.5,430114.5,430300.5,428549.5,429029.5,426588.0,428231.0,429147.0,430028.0,430635.0,429323.0,430635.0,430028.0,429147.0,428231.0,426588.0,429029.5,428549.5,430300.5,430114.5,428395.5,427349.0
434576.0,436745.0,437669.5,435626.5,437615.0,437554.0,437030.5,436500.0,437083.0,437703.5,438045.5,437509.5,437360.0,437509.5,438045.5,437703.5,437083.0,436500.0,437030.5,437554.0,437615.0,435626.5,437669.5,436745.0
450634.0,453655.5,453705.5,455285.5,456994.5,458448.5,460650.5,459957.5,460316.5,462064.0,462239.5,462735.0,460533.0,462735.0,462239.5,462064.0,460316.5,459957.5,460650.5,458448.5,456994.5,455285.5,453705.5,453655.5
454688.0,454159.0,454893.5,456615.5,456811.0,456618.5,457340.0,458388.5,459095.0,458572.5,457894.5,457240.0,456960.0,457240.0,457894.5,458572.5,459095.0,458388.5,457340.0,456618.5,456811.0,456615.5,454893.5,454159.0
458898.0,461436.0,460606.5,462608.5,462920.5,463972.0,464734.0,464705.5,466064.5,468532.0,469823.0,472187.0,471315.0,472187.0,469823.0,468532.0,466064.5,464705.5,464734.0,463972.0,462920.5,462608.5,460606.5,461436.0
458960.0,461373.0,462351.5,463602.5,464564.0,466533.0,468807.0,468234.5,466566.5,466334.0,463907.0,462952.0,463170.0,462952.0,463907.0,466334.0,466566.5,468234.5,468807.0,466533.0,464564.0,463602.5,462351.5,461373.0
453381.0,455237.5,456418.5,458716.5,459959.0,459815.0,459957.0,462254.0,462419.0,462006.0,461180.0,460778.5,461923.0,460778.5,461180.0,462006.0,462419.0,462254.0,459957.0,459815.0,459959.0,458716.5,456418.5,455237.5
449525.0,451379.5,453884.5,455695.0,457230.5,458230.5,460334.5,460303.0,458944.0,456172.5,454780.5,453403.5,453823.0,453403.5,454780.5,456172.5,458944.0,460303.0,460334.5,458230.5,457230.5,455695.0,453884.5,451379.5
491925.0,494789.5,492435.5,495698.0,494426.0,496065.5,495570.0,495639.5,495841.5,494764.0,497194.5,494841.5,496094.0,494841.5,497194.5,494764.0,495841.5,495639.5,495570.0,496065.5,494426.0,495698.0,492435.5,494789.5
448204.0,450016.0,451019.5,453309.0,454289.5,454482.5,456006.5,456849.0,458443.5,457857.5,458237.5,460235.0,460745.0,460235.0,458237.5,457857.5,458443.5,456849.0,456006.5,454482.5,454289.5,453309.0,451019.5,450016.0
461117.0,462177.0,461949.0,462812.5,463137.0,463412.0,464224.5,465238.0,464997.5,465938.0,465139.5,466035.0,465705.0,466035.0,465139.5,465938.0,464997.5,465238.0,464224.5,463412.0,463137.0,462812.5,461949.0,462177.0
482832.0,483497.0,483998.5,484987.5,486231.5,486906.0,487705.0,486879.5,488328.0,487530.5,488717.0,488592.5,489918.0,488592.5,488717.0,487530.5,488328.0,486879.5,487705.0,486906.0,486231.5,484987.5,483998.5,483497.0
472439.0,474444.0,476591.5,477409.5,479929.0,479319.5,481321.5,482887.0,483627.5,486023.5,488149.5,489456.5,488075.0,489456.5,488149.5,486023.5,483627.5,482887.0,481321.5,479319.5,479929.0,477409.5,476591.5,474444.0
