1231506.0,1235081.5,1238814.5,1241074.5,1247272.0,1253383.5,1254797.0,1256320.0,1253677.0,1250604.5,1254814.5,1261302.0,1267121.0,1270991.5,1273171.0,1272211.5,1274990.0,1275894.0,1276966.0,1275894.0,1274990.0,1272211.5,1273171.0,1270991.5,1267121.0,1261302.0,1254814.5,1250604.5,1253677.0,1256320.0,1254797.0,1253383.5,1247272.0,1241074.5,1238814.5,1235081.5
1149594.0,1150694.5,1154178.5,1149742.0,1150291.0,1152447.0,1153576.0,1153716.0,1154522.0,1156065.5,1154410.0,1155222.5,1157054.5,1157393.0,1156506.5,1155104.0,1157523.5,1157975.5,1159290.0,1157975.5,1157523.5,1155104.0,1156506.5,1157393.0,1157054.5,1155222.5,1154410.0,1156065.5,1154522.0,1153716.0,1153576.0,1152447.0,1150291.0,1149742.0,1154178.5,1150694.5
1125038.0,1124673.0,1128081.5,1130301.0,1133331.0,1136558.5,1139299.0,1141014.5,1143458.5,1143988.0,1144761.0,1143907.5,1145077.0,1141289.0,1142623.0,1142627.0,1142464.5,1143774.0,1146422.0,1143774.0,1142464.5,1142627.0,1142623.0,1141289.0,1145077.0,1143907.5,1144761.0,1143988.0,1143458.5,1141014.5,1139299.0,1136558.5,1133331.0,1130301.0,1128081.5,1124673.0
1089912.0,1089912.0,1093722.5,1096599.5,1097353.0,1097894.5,1096166.5,1094098.0,1090155.0,1092316.0,1095086.5,1096882.5,1095206.5,1097287.0,1096683.5,1096885.0,1095458.0,1096298.5,1095947.0,1096298.5,1095458.0,1096885.0,1096683.5,1097287.0,1095206.5,1096882.5,1095086.5,1092316.0,1090155.0,1094098.0,1096166.5,1097894.5,1097353.0,1096599.5,1093722.5,1089912.0
1095315.0,1100758.5,1100386.0,1104191.0,1102630.5,1102493.0,1103159.5,1104417.0,1107221.0,1106846.5,1106174.0,1105199.0,1101694.5,1105759.5,1103686.0,1106092.0,1107543.0,1105971.5,1104756.0,1105971.5,1107543.0,1106092.0,1103686.0,1105759.5,1101694.5,1105199.0,1106174.0,1106846.5,1107221.0,1104417.0,1103159.5,1102493.0,1102630.5,1104191.0,1100386.0,1100758.5
1093660.0,1094637.0,1096314.5,1096072.0,1095870.5,1099344.0,1098144.5,1101085.0,1099048.0,1099859.0,1100857.5,1100555.0,1100055.5,1098105.5,1095699.0,1095873.0,1095517.0,1093103.5,1090795.0,1093103.5,1095517.0,1095873.0,1095699.0,1098105.5,1100055.5,1100555.0,1100857.5,1099859.0,1099048.0,1101085.0,1098144.5,1099344.0,1095870.5,1096072.0,1096314.5,1094637.0
1190306.0,1195635.5,1194756.5,1195577.5,1198242.0,1200709.0,1201780.0,1202420.5,1203657.5,1204797.0,1205783.0,1208004.5,1211511.5,1212846.0,1213439.0,1212193.0,1214009.5,1214581.0,1216936.0,1214581.0,1214009.5,1212193.0,1213439.0,1212846.0,1211511.5,1208004.5,1205783.0,1204797.0,1203657.5,1202420.5,1201780.0,1200709.0,1198242.0,1195577.5,1194756.5,1195635.5
1159715.0,1162666.0,1165651.5,1164076.0,1163146.0,1166829.0,1170078.5,1169707.0,1170959.0,1172556.5,1175007.0,1174995.0,1177413.0,1179661.0,1180368.5,1180731.5,1180838.0,1180374.5,1180571.0,1180374.5,1180838.0,1180731.5,1180368.5,1179661.0,1177413.0,1174995.0,1175007.0,1172556.5,1170959.0,1169707.0,1170078.5,1166829.0,1163146.0,1164076.0,1165651.5,1162666.0
1119120.0,1120268.5,1121527.5,1121853.0,1126211.0,1125747.5,1130242.0,1132480.0,1133168.5,1134500.0,1135506.0,1134370.0,1133880.0,1129219.5,1126310.5,1126608.0,1125893.5,1125155.5,1123082.0,1125155.5,1125893.5,1126608.0,1126310.5,1129219.5,1133880.0,1134370.0,1135506.0,1134500.0,1133168.5,1132480.0,1130242.0,1125747.5,1126211.0,1121853.0,1121527.5,1120268.5
1112750.0,1116332.5,1114899.0,1113103.5,1115733.0,1115391.0,1117112.5,1118738.5,1118617.5,1120001.0,1122311.0,1121887.0,1123886.5,1124632.5,1121824.0,1123498.5,1123169.0,1123087.5,1122929.0,1123087.5,1123169.0,1123498.5,1121824.0,1124632.5,1123886.5,1121887.0,1122311.0,1120001.0,1118617.5,1118738.5,1117112.5,1115391.0,1115733.0,1113103.5,1114899.0,1116332.5
1124715.0,1128042.0,1128587.5,1127480.5,1128678.0,1129182.5,1128005.0,1129021.5,1130302.0,1130724.5,1131257.5,1129592.5,1131509.0,1132637.5,1132213.5,1132633.5,1132262.5,1132605.5,1132619.0,1132605.5,1132262.5,1132633.5,1132213.5,1132637.5,1131509.0,1129592.5,1131257.5,1130724.5,1130302.0,1129021.5,1128005.0,1129182.5,1128678.0,1127480.5,1128587.5,1128042.0
1155157.0,1155242.0,1157902.5,1159130.5,1158498.0,1158580.0,1158827.5,1158926.5,1159367.5,1161672.5,1161070.0,1160711.5,1161544.0,1160194.5,1159526.0,1158703.0,1157540.0,1160615.5,1161804.0,1160615.5,1157540.0,1158703.0,1159526.0,1160194.5,1161544.0,1160711.5,1161070.0,1161672.5,1159367.5,1158926.5,1158827.5,1158580.0,1158498.0,1159130.5,1157902.5,1155242.0
1115157.0,1117362.5,1117354.0,1119261.5,1119980.0,1120430.0,1121412.0,1122014.5,1122480.0,1125123.5,1123639.0,1125876.0,1125785.5,1128706.5,1126729.5,1127677.0,1127711.0,1126672.5,1125269.0,1126672.5,1127711.0,1127677.0,1126729.5,1128706.5,1125785.5,1125876.0,1123639.0,1125123.5,1122480.0,1122014.5,1121412.0,1120430.0,1119980.0,1119261.5,1117354.0,1117362.5
1144818.0,1145724.0,1145735.5,1146631.5,1145901.5,1146113.0,1146289.0,1146288.5,1145721.0,1144017.0,1146145.0,1145575.0,1145045.0,1143825.0,1144826.5,1146133.5,1145368.0,1147333.5,1147625.0,1147333.5,1145368.0,1146133.5,1144826.5,1143825.0,1145045.0,1145575.0,1146145.0,1144017.0,1145721.0,1146288.5,1146289.0,1146113.0,1145901.5,1146631.5,1145735.5,1145724.0
1065662.0,1067047.5,1068237.5,1068887.0,1068379.0,1068981.5,1068384.5,1066401.5,1069146.5,1070186.5,1072171.0,1070679.5,1070709.5,1072285.5,1073778.0,1071055.0,1071416.0,1074612.0,1073046.0,1074612.0,1071416.0,1071055.0,1073778.0,1072285.5,1070709.5,1070679.5,1072171.0,1070186.5,1069146.5,1066401.5,1068384.5,1068981.5,1068379.0,1068887.0,1068237.5,1067047.5
1123396.0,1125105.0,1126060.5,1127142.5,1128984.5,1129094.5,1129853.5,1130723.5,1130311.0,1129118.5,1130116.5,1131192.0,1129345.0,1132176.5,1132681.0,1133244.5,1132118.5,1135511.0,1136359.0,1135511.0,1132118.5,1133244.5,1132681.0,1132176.5,1129345.0,1131192.0,1130116.5,1129118.5,1130311.0,1130723.5,1129853.5,1129094.5,1128984.5,1127142.5,1126060.5,1125105.0
1081877.0,1086189.0,1086249.0,1087188.5,1085145.5,1086775.5,1086853.0,1084752.5,1084596.0,1083633.0,1085215.0,1087689.0,1087274.0,1087670.0,1087001.0,1086730.0,1086244.0,1084797.5,1083598.0,1084797.5,1086244.0,1086730.0,1087001.0,1087670.0,1087274.0,1087689.0,1085215.0,1083633.0,1084596.0,1084752.5,1086853.0,1086775.5,1085145.5,1087188.5,1086249.0,1086189.0
1138066.0,1141066.0,1142455.0,1140933.0,1143078.0,1144082.0,1142552.0,1143113.0,1144619.5,1141790.0,1143792.5,1144022.0,1143098.5,1141073.0,1142483.5,1140690.5,1139025.5,1140222.5,1142019.0,1140222.5,1139025.5,1140690.5,1142483.5,1141073.0,1143098.5,1144022.0,1143792.5,1141790.0,1144619.5,1143113.0,1142552.0,1144082.0,1143078.0,1140933.0,1142455.0,1141066.0
1126022.0,1125875.5,1127199.5,1125884.5,1128578.0,1130466.0,1130432.5,1128952.0,1128988.0,1130862.5,1132796.0,1134397.0,1134127.5,1132486.5,1133023.0,1133941.0,1134362.5,1132978.5,1132765.0,1132978.5,1134362.5,1133941.0,1133023.0,1132486.5,1134127.5,1134397.0,1132796.0,1130862.5,1128988.0,1128952.0,1130432.5,1130466.0,1128578.0,1125884.5,1127199.5,1125875.5
1166261.0,1166643.5,1169313.0,1169842.0,1173779.0,1175120.5,1178402.0,1182293.5,1185015.5,1188918.0,1190512.5,1193667.0,1195554.5,1198358.0,1198655.5,1202265.0,1200885.0,1200551.5,1202341.0,1200551.5,1200885.0,1202265.0,1198655.5,1198358.0,1195554.5,1193667.0,1190512.5,1188918.0,1185015.5,1182293.5,1178402.0,1175120.5,1173779.0,1169842.0,1169313.0,1166643.5
1069745.0,1069293.0,1069718.0,1070506.5,1071579.0,1072566.0,1075977.0,1076555.5,1077334.0,1076897.0,1077408.5,1075778.0,1077294.5,1077894.5,1078506.5,1078381.5,1078882.5,1077321.0,1077827.0,1077321.0,1078882.5,1078381.5,1078506.5,1077894.5,1077294.5,1075778.0,1077408.5,1076897.0,1077334.0,1076555.5,1075977.0,1072566.0,1071579.0,1070506.5,1069718.0,1069293.0
1099210.0,1102670.0,1106160.0,1105973.0,1111735.5,1113953.5,1114669.5,1117769.0,1118741.5,1121441.5,1123421.5,1123847.5,1121660.0,1121375.0,1119426.0,1120385.5,1120874.0,1121041.0,1120006.0,1121041.0,1120874.0,1120385.5,1119426.0,1121375.0,1121660.0,1123847.5,1123421.5,1121441.5,1118741.5,1117769.0,1114669.5,1113953.5,1111735.5,1105973.0,1106160.0,1102670.0
1100727.0,1102045.5,1106496.5,1110183.5,1111639.5,1111468.5,1109592.0,1109947.5,1109524.0,1109241.0,1113533.0,1114182.0,1113409.0,1111950.5,1110973.5,1110359.0,1110401.5,1110340.0,1109540.0,1110340.0,1110401.5,1110359.0,1110973.5,1111950.5,1113409.0,1114182.0,1113533.0,1109241.0,1109524.0,1109947.5,1109592.0,1111468.5,1111639.5,1110183.5,1106496.5,1102045.5
1104936.0,1108708.5,1109669.0,1114392.5,1116814.5,1117039.0,1115349.5,1114981.5,1114645.0,1115050.5,1114175.0,1117002.5,1113983.0,1113719.5,1110128.5,1109334.5,1106137.0,1106361.0,1106722.0,1106361.0,1106137.0,1109334.5,1110128.5,1113719.5,1113983.0,1117002.5,1114175.0,1115050.5,1114645.0,1114981.5,1115349.5,1117039.0,1116814.5,1114392.5,1109669.0,1108708.5
1124918.0,1125983.5,1129160.5,1129244.5,1128590.5,1130256.0,1132794.0,1133637.5,1135421.0,1139352.5,1141258.5,1142532.0,1143830.5,1147619.0,1151289.5,1152567.5,1150776.5,1152501.5,1154742.0,1152501.5,1150776.5,1152567.5,1151289.5,1147619.0,1143830.5,1142532.0,1141258.5,1139352.5,1135421.0,1133637.5,1132794.0,1130256.0,1128590.5,1129244.5,1129160.5,1125983.5
1121989.0,1124103.0,1124710.5,1124443.5,1124163.0,1127702.0,1126395.5,1127591.5,1129205.0,1127709.5,1128116.5,1127063.5,1125232.5,1124353.0,1126477.5,1125352.5,1126671.5,1127167.0,1124238.0,1127167.0,1126671.5,1125352.5,1126477.5,1124353.0,1125232.5,1127063.5,1128116.5,1127709.5,1129205.0,1127591.5,1126395.5,1127702.0,1124163.0,1124443.5,1124710.5,1124103.0
1082243.0,1084051.5,1087578.0,1087341.0,1087451.5,1087890.5,1086733.5,1086259.5,1087020.5,1087025.5,1086893.0,1088251.5,1089150.0,1087705.5,1089283.5,1090190.5,1085765.0,1084492.5,1083459.0,1084492.5,1085765.0,1090190.5,1089283.5,1087705.5,1089150.0,1088251.5,1086893.0,1087025.5,1087020.5,1086259.5,1086733.5,1087890.5,1087451.5,1087341.0,1087578.0,1084051.5
1089550.0,1087451.0,1088214.5,1088587.0,1088073.5,1087609.5,1088730.0,1090509.5,1090745.5,1090656.0,1088828.5,1087392.5,1087582.0,1090482.0,1090717.0,1091745.0,1091076.0,1089061.5,1088252.0,1089061.5,1091076.0,1091745.0,1090717.0,1090482.0,1087582.0,1087392.5,1088828.5,1090656.0,1090745.5,1090509.5,1088730.0,1087609.5,1088073.5,1088587.0,1088214.5,1087451.0
1116044.0,1119181.0,1121065.5,1120917.5,1122152.5,1120601.5,1123359.5,1126097.0,1126313.0,1125214.0,1127198.5,1127534.0,1126839.5,1126184.5,1126543.5,1125812.5,1126576.0,1126156.0,1123032.0,1126156.0,1126576.0,1125812.5,1126543.5,1126184.5,1126839.5,1127534.0,1127198.5,1125214.0,1126313.0,1126097.0,1123359.5,1120601.5,1122152.5,1120917.5,1121065.5,1119181.0
1180560.0,1180901.0,1182696.0,1184393.5,1185634.5,1186376.5,1185839.5,1185675.5,1184653.5,1185104.0,1185281.0,1183957.5,1184973.5,1184091.5,1182933.5,1184693.5,1185886.5,1187211.0,1186028.0,1187211.0,1185886.5,1184693.5,1182933.5,1184091.5,1184973.5,1183957.5,1185281.0,1185104.0,1184653.5,1185675.5,1185839.5,1186376.5,1185634.5,1184393.5,1182696.0,1180901.0
1052921.0,1055719.0,1056289.0,1057137.0,1057146.0,1059509.0,1058737.0,1059901.5,1060652.5,1062130.5,1063441.5,1060759.0,1062055.5,1060434.5,1059208.0,1057534.0,1055710.5,1055133.5,1056347.0,1055133.5,1055710.5,1057534.0,1059208.0,1060434.5,1062055.5,1060759.0,1063441.5,1062130.5,1060652.5,1059901.5,1058737.0,1059509.0,1057146.0,1057137.0,1056289.0,1055719.0
1065838.0,1067187.0,1070375.5,1071040.5,1071652.0,1074069.0,1072903.5,1074671.0,1077015.0,1080462.5,1082213.0,1083952.0,1083513.5,1084116.0,1085698.5,1087159.5,1089502.5,1090438.5,1090383.0,1090438.5,1089502.5,1087159.5,1085698.5,1084116.0,1083513.5,1083952.0,1082213.0,1080462.5,1077015.0,1074671.0,1072903.5,1074069.0,1071652.0,1071040.5,1070375.5,1067187.0
1091764.0,1092559.5,1093838.0,1095507.5,1096738.0,1098261.5,1096653.5,1096755.0,1097983.0,1094675.5,1096434.0,1097690.0,1098009.0,1099637.5,1097976.0,1095770.0,1096628.0,1094809.5,1091097.0,1094809.5,1096628.0,1095770.0,1097976.0,1099637.5,1098009.0,1097690.0,1096434.0,1094675.5,1097983.0,1096755.0,1096653.5,1098261.5,1096738.0,1095507.5,1093838.0,1092559.5
1091921.0,1090966.5,1091169.5,1092295.0,1094598.5,1094595.0,1092902.0,1095975.5,1096357.5,1095965.5,1096572.0,1097838.0,1097956.5,1096554.0,1099593.5,1096019.5,1093526.5,1098129.0,1095907.0,1098129.0,1093526.5,1096019.5,1099593.5,1096554.0,1097956.5,1097838.0,1096572.0,1095965.5,1096357.5,1095975.5,1092902.0,1094595.0,1094598.5,1092295.0,1091169.5,1090966.5
1116259.0,1116735.5,1119635.0,1121600.5,1122471.5,1121798.0,1120939.5,1123001.0,1121945.0,1121940.5,1120860.5,1121429.0,1122137.5,1119869.0,1121513.0,1121200.5,1120964.0,1120376.0,1117571.0,1120376.0,1120964.0,1121200.5,1121513.0,1119869.0,1122137.5,1121429.0,1120860.5,1121940.5,1121945.0,1123001.0,1120939.5,1121798.0,1122471.5,1121600.5,1119635.0,1116735.5
1109736.0,1109846.0,1110096.0,1111994.0,1110366.5,1110099.0,1110535.5,1110411.5,1110756.5,1109719.0,1110376.5,1110717.5,1110274.5,1111642.0,1111581.5,1111358.5,1109262.0,1110178.5,1109852.0,1110178.5,1109262.0,1111358.5,1111581.5,1111642.0,1110274.5,1110717.5,1110376.5,1109719.0,1110756.5,1110411.5,1110535.5,1110099.0,1110366.5,1111994.0,1110096.0,1109846.0
1082132.0,1082347.5,1083533.0,1086085.0,1086663.5,1089845.5,1087051.0,1085211.0,1085172.0,1086054.5,1086738.0,1087221.5,1088312.0,1089878.0,1089765.5,1086005.0,1084581.5,1085092.0,1086985.0,1085092.0,1084581.5,1086005.0,1089765.5,1089878.0,1088312.0,1087221.5,1086738.0,1086054.5,1085172.0,1085211.0,1087051.0,1089845.5,1086663.5,1086085.0,1083533.0,1082347.5
1107986.0,1109229.5,1112189.0,1114377.0,1114327.0,1113819.5,1112033.0,1114996.5,1117236.5,1115023.0,1116313.0,1116995.5,1120811.5,1119526.0,1119815.0,1118591.5,1121550.0,1123304.5,1125074.0,1123304.5,1121550.0,1118591.5,1119815.0,1119526.0,1120811.5,1116995.5,1116313.0,1115023.0,1117236.5,1114996.5,1112033.0,1113819.5,1114327.0,1114377.0,1112189.0,1109229.5
1086753.0,1086701.5,1089013.5,1090041.5,1091172.5,1092222.5,1092261.0,1093204.0,1091761.0,1092769.5,1093117.5,1092839.5,1091546.5,1092118.0,1090548.5,1089967.0,1086485.5,1090336.5,1089355.0,1090336.5,1086485.5,1089967.0,1090548.5,1092118.0,1091546.5,1092839.5,1093117.5,1092769.5,1091761.0,1093204.0,1092261.0,1092222.5,1091172.5,1090041.5,1089013.5,1086701.5
1102099.0,1103025.0,1105202.0,1108854.5,1110067.5,1109684.5,1112416.5,1114703.0,1116979.0,1116908.0,1117057.0,1117827.0,1116206.5,1116885.0,1115166.0,1114794.0,1113936.0,1115058.5,1117687.0,1115058.5,1113936.0,1114794.0,1115166.0,1116885.0,1116206.5,1117827.0,1117057.0,1116908.0,1116979.0,1114703.0,1112416.5,1109684.5,1110067.5,1108854.5,1105202.0,1103025.0
1049196.0,1050958.0,1053085.0,1055141.5,1056082.5,1057229.5,1058531.5,1061475.0,1063760.0,1065122.5,1064277.5,1065000.0,1068373.5,1066857.5,1066334.0,1068083.0,1069231.0,1069364.0,1070074.0,1069364.0,1069231.0,1068083.0,1066334.0,1066857.5,1068373.5,1065000.0,1064277.5,1065122.5,1063760.0,1061475.0,1058531.5,1057229.5,1056082.5,1055141.5,1053085.0,1050958.0
1133454.0,1133930.5,1135313.0,1135604.5,1138240.0,1137152.0,1134967.5,1138202.5,1137213.5,1136824.5,1139675.0,1140895.5,1141326.0,1144214.5,1144909.5,1142584.0,1143883.5,1145366.0,1146538.0,1145366.0,1143883.5,1142584.0,1144909.5,1144214.5,1141326.0,1140895.5,1139675.0,1136824.5,1137213.5,1138202.5,1134967.5,1137152.0,1138240.0,1135604.5,1135313.0,1133930.5
1074702.0,1073518.0,1075341.0,1076294.5,1077044.5,1075372.0,1077170.5,1079192.0,1078833.0,1080951.5,1082924.5,1081517.0,1083059.5,1083723.5,1080466.0,1080840.0,1080522.5,1080456.0,1079102.0,1080456.0,1080522.5,1080840.0,1080466.0,1083723.5,1083059.5,1081517.0,1082924.5,1080951.5,1078833.0,1079192.0,1077170.5,1075372.0,1077044.5,1076294.5,1075341.0,1073518.0
1171027.0,1172956.0,1173728.5,1174288.5,1173971.0,1175749.0,1175925.5,1177449.5,1179029.0,1178233.0,1182251.0,1180326.0,1182309.0,1182280.5,1183570.0,1183290.5,1184252.5,1184269.0,1183868.0,1184269.0,1184252.5,1183290.5,1183570.0,1182280.5,1182309.0,1180326.0,1182251.0,1178233.0,1179029.0,1177449.5,1175925.5,1175749.0,1173971.0,1174288.5,1173728.5,1172956.0
1132576.0,1133115.0,1134871.5,1133917.0,1133615.0,1134838.0,1133684.0,1134362.0,1135253.5,1134406.0,1133768.0,1133804.0,1135831.0,1134683.0,1135354.0,1137364.5,1137081.0,1137366.5,1139496.0,1137366.5,1137081.0,1137364.5,1135354.0,1134683.0,1135831.0,1133804.0,1133768.0,1134406.0,1135253.5,1134362.0,1133684.0,1134838.0,1133615.0,1133917.0,1134871.5,1133115.0
1131735.0,1134005.5,1137613.5,1137836.5,1136345.0,1136433.5,1135889.5,1136425.0,1136569.5,1137580.0,1138260.5,1136429.0,1135753.0,1136505.0,1137805.0,1139199.0,1138257.0,1136096.0,1135460.0,1136096.0,1138257.0,1139199.0,1137805.0,1136505.0,1135753.0,1136429.0,1138260.5,1137580.0,1136569.5,1136425.0,1135889.5,1136433.5,1136345.0,1137836.5,1137613.5,1134005.5
1143824.0,1148151.5,1149049.5,1148514.0,1148014.5,1148823.5,1147406.5,1149721.5,1149654.0,1149219.5,1148947.0,1147111.0,1146843.0,1143974.0,1144666.0,1147671.0,1147159.0,1145851.5,1145196.0,1145851.5,1147159.0,1147671.0,1144666.0,1143974.0,1146843.0,1147111.0,1148947.0,1149219.5,1149654.0,1149721.5,1147406.5,1148823.5,1148014.5,1148514.0,1149049.5,1148151.5
1107633.0,1111631.5,1110529.5,1110180.0,1113157.0,1114974.5,1115524.5,1112001.5,1112164.0,1110181.5,1110612.5,1111168.0,1111531.5,1114336.5,1112215.5,1111731.0,1110319.0,1108603.5,1107676.0,1108603.5,1110319.0,1111731.0,1112215.5,1114336.5,1111531.5,1111168.0,1110612.5,1110181.5,1112164.0,1112001.5,1115524.5,1114974.5,1113157.0,1110180.0,1110529.5,1111631.5
1123028.0,1123121.0,1122052.0,1123415.5,1123453.5,1121519.5,1123786.0,1124305.0,1123866.5,1125921.5,1125468.5,1125378.0,1124615.5,1124600.0,1123617.0,1123588.0,1124547.5,1125033.5,1127075.0,1125033.5,1124547.5,1123588.0,1123617.0,1124600.0,1124615.5,1125378.0,1125468.5,1125921.5,1123866.5,1124305.0,1123786.0,1121519.5,1123453.5,1123415.5,1122052.0,1123121.0
1126755.0,1129708.0,1131976.0,1131006.0,1132283.5,1133815.5,1133594.0,1135694.0,1138062.5,1135933.0,1135829.0,1135076.0,1135043.5,1136894.5,1136338.5,1134969.5,1136845.0,1138951.0,1140250.0,1138951.0,1136845.0,1134969.5,1136338.5,1136894.5,1135043.5,1135076.0,1135829.0,1135933.0,1138062.5,1135694.0,1133594.0,1133815.5,1132283.5,1131006.0,1131976.0,1129708.0
1116629.0,1117533.0,1121202.0,1121764.0,1125409.5,1128292.0,1127405.0,1130600.0,1133030.5,1130965.0,1132860.5,1134355.0,1130973.5,1131670.0,1129075.5,1126997.5,1126329.0,1125310.5,1124794.0,1125310.5,1126329.0,1126997.5,1129075.5,1131670.0,1130973.5,1134355.0,1132860.5,1130965.0,1133030.5,1130600.0,1127405.0,1128292.0,1125409.5,1121764.0,1121202.0,1117533.0
1154248.0,1154857.0,1155409.0,1157646.5,1155832.5,1157398.0,1157586.0,1158249.5,1160918.0,1161719.0,1163537.5,1164754.5,1163940.5,1165299.0,1168257.0,1173371.5,1170534.0,1171930.0,1167345.0,1171930.0,1170534.0,1173371.5,1168257.0,1165299.0,1163940.5,1164754.5,1163537.5,1161719.0,1160918.0,1158249.5,1157586.0,1157398.0,1155832.5,1157646.5,1155409.0,1154857.0
1075547.0,1077203.5,1077364.5,1078151.0,1078716.5,1079947.0,1080777.0,1081408.5,1082106.5,1083415.0,1085321.0,1082225.0,1084410.0,1083656.0,1084048.5,1083249.5,1082157.5,1085757.5,1084396.0,1085757.5,1082157.5,1083249.5,1084048.5,1083656.0,1084410.0,1082225.0,1085321.0,1083415.0,1082106.5,1081408.5,1080777.0,1079947.0,1078716.5,1078151.0,1077364.5,1077203.5
1116075.0,1115133.0,1115469.5,1115307.5,1118400.0,1119409.5,1118779.5,1118731.5,1119055.5,1119782.5,1119685.0,1119092.5,1122751.0,1122200.5,1123101.5,1121003.5,1120931.0,1121346.5,1120553.0,1121346.5,1120931.0,1121003.5,1123101.5,1122200.5,1122751.0,1119092.5,1119685.0,1119782.5,1119055.5,1118731.5,1118779.5,1119409.5,1118400.0,1115307.5,1115469.5,1115133.0
1119862.0,1123359.0,1126206.5,1128951.0,1133887.5,1134130.0,1133442.0,1134113.5,1133158.0,1134656.5,1136946.0,1135841.0,1133697.5,1134588.0,1131753.5,1128802.5,1127513.0,1125536.5,1126956.0,1125536.5,1127513.0,1128802.5,1131753.5,1134588.0,1133697.5,1135841.0,1136946.0,1134656.5,1133158.0,1134113.5,1133442.0,1134130.0,1133887.5,1128951.0,1126206.5,1123359.0
1109560.0,1109415.5,1112426.0,1112303.5,1112584.0,1113776.0,1113873.0,1114398.0,1114788.0,1115441.5,1114671.0,1115748.5,1116163.0,1116266.5,1116524.0,1112457.0,1112152.5,1112540.5,1111267.0,1112540.5,1112152.5,1112457.0,1116524.0,1116266.5,1116163.0,1115748.5,1114671.0,1115441.5,1114788.0,1114398.0,1113873.0,1113776.0,1112584.0,1112303.5,1112426.0,1109415.5
1179240.0,1180050.0,1177103.0,1177805.5,1176642.5,1178708.0,1179583.0,1181800.5,1182143.0,1184163.5,1184080.5,1186202.5,1186283.0,1186165.5,1184883.0,1184510.5,1183736.0,1186164.0,1185712.0,1186164.0,1183736.0,1184510.5,1184883.0,1186165.5,1186283.0,1186202.5,1184080.5,1184163.5,1182143.0,1181800.5,1179583.0,1178708.0,1176642.5,1177805.5,1177103.0,1180050.0
1122947.0,1126022.0,1125494.5,1127085.0,1126560.0,1129887.5,1130065.5,1133298.5,1134198.5,1135308.5,1131971.0,1132258.0,1131769.5,1132084.0,1129981.0,1128495.0,1127103.0,1124307.5,1122083.0,1124307.5,1127103.0,1128495.0,1129981.0,1132084.0,1131769.5,1132258.0,1131971.0,1135308.5,1134198.5,1133298.5,1130065.5,1129887.5,1126560.0,1127085.0,1125494.5,1126022.0
1099958.0,1101614.0,1105308.5,1107646.5,1110814.5,1110784.0,1113219.0,1113373.0,1114447.0,1112338.5,1109860.5,1107545.5,1106312.5,1108088.0,1110100.0,1113382.0,1115277.0,1116650.0,1116335.0,1116650.0,1115277.0,1113382.0,1110100.0,1108088.0,1106312.5,1107545.5,1109860.5,1112338.5,1114447.0,1113373.0,1113219.0,1110784.0,1110814.5,1107646.5,1105308.5,1101614.0
1167080.0,1168267.0,1170950.5,1173786.0,1175857.5,1175372.5,1175683.5,1176250.5,1175861.5,1176038.5,1175591.5,1174835.5,1175519.0,1176908.5,1177933.5,1177979.5,1176432.0,1177487.0,1175872.0,1177487.0,1176432.0,1177979.5,1177933.5,1176908.5,1175519.0,1174835.5,1175591.5,1176038.5,1175861.5,1176250.5,1175683.5,1175372.5,1175857.5,1173786.0,1170950.5,1168267.0
1069445.0,1071409.0,1072831.0,1072286.5,1073861.0,1075874.0,1075049.5,1075874.5,1077658.5,1078624.0,1079367.0,1080201.5,1084047.0,1082622.0,1082517.5,1086095.5,1083487.0,1082771.0,1084404.0,1082771.0,1083487.0,1086095.5,1082517.5,1082622.0,1084047.0,1080201.5,1079367.0,1078624.0,1077658.5,1075874.5,1075049.5,1075874.0,1073861.0,1072286.5,1072831.0,1071409.0
1124136.0,1126624.0,1126331.0,1126389.0,1126289.5,1127312.5,1126275.0,1126633.5,1125491.0,1125378.5,1124968.5,1127465.0,1127227.5,1125304.5,1125943.5,1126433.0,1127128.0,1127750.0,1128336.0,1127750.0,1127128.0,1126433.0,1125943.5,1125304.5,1127227.5,1127465.0,1124968.5,1125378.5,1125491.0,1126633.5,1126275.0,1127312.5,1126289.5,1126389.0,1126331.0,1126624.0
1105128.0,1107847.0,1109590.5,1108339.0,1114408.0,1116779.0,1118987.5,1120896.0,1122699.5,1123107.0,1121276.0,1123068.0,1122506.5,1120011.5,1122192.5,1121680.5,1118491.0,1118946.5,1117638.0,1118946.5,1118491.0,1121680.5,1122192.5,1120011.5,1122506.5,1123068.0,1121276.0,1123107.0,1122699.5,1120896.0,1118987.5,1116779.0,1114408.0,1108339.0,1109590.5,1107847.0
1127500.0,1129644.0,1132487.5,1130657.5,1130821.0,1132463.5,1132723.0,1134692.5,1134093.0,1131184.5,1131433.0,1132915.0,1131693.5,1129760.5,1128392.5,1132070.5,1130546.0,1129532.5,1132080.0,1129532.5,1130546.0,1132070.5,1128392.5,1129760.5,1131693.5,1132915.0,1131433.0,1131184.5,1134093.0,1134692.5,1132723.0,1132463.5,1130821.0,1130657.5,1132487.5,1129644.0
1116702.0,1121690.5,1124694.0,1128128.0,1130020.0,1129530.5,1125613.5,1123200.5,1120906.5,1123941.5,1124633.5,1125065.5,1128070.5,1126077.0,1124209.5,1124606.5,1125730.5,1125090.0,1124530.0,1125090.0,1125730.5,1124606.5,1124209.5,1126077.0,1128070.5,1125065.5,1124633.5,1123941.5,1120906.5,1123200.5,1125613.5,1129530.5,1130020.0,1128128.0,1124694.0,1121690.5
1135169.0,1138353.5,1137862.0,1135672.0,1136107.5,1137424.0,1137772.0,1139166.5,1139867.0,1140714.5,1137448.5,1137237.0,1135534.0,1136015.0,1133610.0,1136367.5,1137089.0,1140042.0,1137131.0,1140042.0,1137089.0,1136367.5,1133610.0,1136015.0,1135534.0,1137237.0,1137448.5,1140714.5,1139867.0,1139166.5,1137772.0,1137424.0,1136107.5,1135672.0,1137862.0,1138353.5
1109941.0,1113585.5,1117958.0,1120122.0,1118392.5,1117642.5,1116578.0,1116409.5,1118584.5,1118055.5,1117244.0,1118629.0,1121145.0,1118964.5,1118159.5,1113777.0,1118375.0,1116408.5,1117244.0,1116408.5,1118375.0,1113777.0,1118159.5,1118964.5,1121145.0,1118629.0,1117244.0,1118055.5,1118584.5,1116409.5,1116578.0,1117642.5,1118392.5,1120122.0,1117958.0,1113585.5
1028236.0,1032029.5,1034527.5,1036587.5,1037614.0,1039891.5,1039558.0,1035080.0,1035565.0,1033801.0,1036853.5,1039027.5,1039885.5,1039509.0,1041009.0,1041339.5,1037844.0,1038515.5,1038239.0,1038515.5,1037844.0,1041339.5,1041009.0,1039509.0,1039885.5,1039027.5,1036853.5,1033801.0,1035565.0,1035080.0,1039558.0,1039891.5,1037614.0,1036587.5,1034527.5,1032029.5
1135019.0,1137606.0,1140032.5,1142101.5,1141022.5,1143970.5,1147928.5,1148138.5,1148162.0,1153890.0,1153477.0,1154639.5,1152573.0,1152120.5,1153366.0,1154528.0,1150892.0,1154456.5,1155988.0,1154456.5,1150892.0,1154528.0,1153366.0,1152120.5,1152573.0,1154639.5,1153477.0,1153890.0,1148162.0,1148138.5,1147928.5,1143970.5,1141022.5,1142101.5,1140032.5,1137606.0
1192417.0,1191811.0,1195739.5,1196286.0,1199722.5,1199206.5,1195967.0,1196182.0,1198236.5,1200331.0,1200691.0,1201368.5,1205670.5,1205057.0,1206330.5,1205885.5,1205678.5,1204628.5,1204581.0,1204628.5,1205678.5,1205885.5,1206330.5,1205057.0,1205670.5,1201368.5,1200691.0,1200331.0,1198236.5,1196182.0,1195967.0,1199206.5,1199722.5,1196286.0,1195739.5,1191811.0
1148826.0,1149163.5,1150181.5,1147243.0,1150108.5,1149248.0,1150659.0,1150956.0,1151332.0,1154292.0,1154661.5,1155762.5,1155673.5,1155368.5,1156358.5,1156907.0,1156744.0,1157613.5,1158855.0,1157613.5,1156744.0,1156907.0,1156358.5,1155368.5,1155673.5,1155762.5,1154661.5,1154292.0,1151332.0,1150956.0,1150659.0,1149248.0,1150108.5,1147243.0,1150181.5,1149163.5
1077819.0,1079163.5,1081788.0,1085509.0,1086844.0,1086847.0,1086936.0,1087444.5,1088895.0,1089429.0,1089713.0,1089258.0,1090543.0,1092775.0,1092019.5,1092077.5,1095328.5,1097782.0,1099752.0,1097782.0,1095328.5,1092077.5,1092019.5,1092775.0,1090543.0,1089258.0,1089713.0,1089429.0,1088895.0,1087444.5,1086936.0,1086847.0,1086844.0,1085509.0,1081788.0,1079163.5
1140108.0,1143052.0,1144362.5,1144893.5,1145563.5,1145561.0,1148468.5,1150187.0,1150363.5,1148872.5,1147087.5,1148250.5,1147040.5,1146028.0,1146091.0,1145653.0,1145664.0,1147348.5,1146954.0,1147348.5,1145664.0,1145653.0,1146091.0,1146028.0,1147040.5,1148250.5,1147087.5,1148872.5,1150363.5,1150187.0,1148468.5,1145561.0,1145563.5,1144893.5,1144362.5,1143052.0
1115512.0,1119048.0,1120689.0,1124986.5,1124295.5,1126139.0,1124028.5,1124897.5,1125692.0,1128629.5,1130190.0,1131295.5,1132311.5,1136077.5,1134788.0,1137590.5,1134060.5,1134518.0,1131734.0,1134518.0,1134060.5,1137590.5,1134788.0,1136077.5,1132311.5,1131295.5,1130190.0,1128629.5,1125692.0,1124897.5,1124028.5,1126139.0,1124295.5,1124986.5,1120689.0,1119048.0
1142509.0,1143514.0,1145389.0,1146083.0,1147487.0,1149358.0,1150172.0,1147295.5,1148093.5,1149124.0,1150551.5,1150637.0,1151525.0,1150871.0,1151531.5,1151709.0,1152700.0,1152182.5,1153584.0,1152182.5,1152700.0,1151709.0,1151531.5,1150871.0,1151525.0,1150637.0,1150551.5,1149124.0,1148093.5,1147295.5,1150172.0,1149358.0,1147487.0,1146083.0,1145389.0,1143514.0
1107650.0,1109044.5,1113272.0,1115637.5,1118370.0,1119471.5,1122020.0,1122734.5,1121733.0,1123618.0,1122667.0,1123681.5,1122805.5,1122503.0,1122639.0,1120165.0,1119700.5,1118670.5,1118656.0,1118670.5,1119700.5,1120165.0,1122639.0,1122503.0,1122805.5,1123681.5,1122667.0,1123618.0,1121733.0,1122734.5,1122020.0,1119471.5,1118370.0,1115637.5,1113272.0,1109044.5
1111674.0,1113923.0,1116212.0,1119781.5,1121245.0,1124137.5,1125639.0,1126268.5,1128076.5,1128738.0,1127947.5,1130075.5,1131315.0,1132990.0,1134852.5,1134756.0,1135197.5,1133712.5,1134685.0,1133712.5,1135197.5,1134756.0,1134852.5,1132990.0,1131315.0,1130075.5,1127947.5,1128738.0,1128076.5,1126268.5,1125639.0,1124137.5,1121245.0,1119781.5,1116212.0,1113923.0
1101919.0,1105247.0,1104873.5,1107540.0,1107742.5,1109652.5,1109401.5,1110794.0,1110241.0,1109894.5,1108698.0,1106491.5,1106801.5,1104626.5,1105944.5,1108237.5,1109073.5,1106373.5,1107163.0,1106373.5,1109073.5,1108237.5,1105944.5,1104626.5,1106801.5,1106491.5,1108698.0,1109894.5,1110241.0,1110794.0,1109401.5,1109652.5,1107742.5,1107540.0,1104873.5,1105247.0
1175225.0,1176449.5,1177599.5,1179227.0,1181177.0,1183138.0,1185297.5,1185874.0,1185395.5,1185593.5,1185193.0,1185321.0,1184733.0,1182353.0,1183466.5,1180763.0,1179588.0,1177421.0,1177291.0,1177421.0,1179588.0,1180763.0,1183466.5,1182353.0,1184733.0,1185321.0,1185193.0,1185593.5,1185395.5,1185874.0,1185297.5,1183138.0,1181177.0,1179227.0,1177599.5,1176449.5
1075877.0,1078681.5,1078810.0,1074657.0,1076377.5,1078958.5,1079121.0,1076226.5,1076880.0,1080473.0,1083880.0,1082791.5,1083726.5,1084691.5,1085559.0,1085192.0,1086822.0,1084707.5,1083695.0,1084707.5,1086822.0,1085192.0,1085559.0,1084691.5,1083726.5,1082791.5,1083880.0,1080473.0,1076880.0,1076226.5,1079121.0,1078958.5,1076377.5,1074657.0,1078810.0,1078681.5
1124474.0,1129632.0,1131390.0,1135046.0,1135721.0,1139568.0,1141326.0,1141111.0,1137802.0,1139685.5,1135093.0,1134894.0,1133488.5,1133022.0,1133254.5,1134941.5,1135072.0,1137592.0,1139916.0,1137592.0,1135072.0,1134941.5,1133254.5,1133022.0,1133488.5,1134894.0,1135093.0,1139685.5,1137802.0,1141111.0,1141326.0,1139568.0,1135721.0,1135046.0,1131390.0,1129632.0
1145130.0,1145778.0,1147810.0,1147746.5,1147031.5,1148802.5,1148899.5,1148536.0,1147329.5,1149539.5,1149303.5,1150506.0,1147524.0,1150772.5,1150103.0,1150889.0,1149154.0,1151984.0,1151628.0,1151984.0,1149154.0,1150889.0,1150103.0,1150772.5,1147524.0,1150506.0,1149303.5,1149539.5,1147329.5,1148536.0,1148899.5,1148802.5,1147031.5,1147746.5,1147810.0,1145778.0
1131894.0,1134992.0,1134544.0,1136638.5,1135361.5,1134433.0,1132920.5,1132990.0,1132737.5,1134775.0,1135429.5,1136704.0,1137553.5,1138908.5,1138669.5,1138081.0,1140268.5,1142434.5,1140612.0,1142434.5,1140268.5,1138081.0,1138669.5,1138908.5,1137553.5,1136704.0,1135429.5,1134775.0,1132737.5,1132990.0,1132920.5,1134433.0,1135361.5,1136638.5,1134544.0,1134992.0
1140056.0,1146873.0,1150419.5,1153665.5,1152346.5,1151585.5,1153377.5,1152667.0,1153236.5,1151947.5,1152778.5,1152820.5,1152558.0,1153767.0,1149686.0,1147495.5,1148421.0,1151700.0,1151296.0,1151700.0,1148421.0,1147495.5,1149686.0,1153767.0,1152558.0,1152820.5,1152778.5,1151947.5,1153236.5,1152667.0,1153377.5,1151585.5,1152346.5,1153665.5,1150419.5,1146873.0
1136808.0,1142378.5,1143878.5,1142010.0,1144942.0,1147896.0,1146496.5,1145184.5,1148097.5,1144513.0,1146524.5,1147983.5,1147676.0,1148991.5,1149904.5,1150244.5,1150185.5,1150732.5,1151178.0,1150732.5,1150185.5,1150244.5,1149904.5,1148991.5,1147676.0,1147983.5,1146524.5,1144513.0,1148097.5,1145184.5,1146496.5,1147896.0,1144942.0,1142010.0,1143878.5,1142378.5
1111781.0,1112153.5,1114233.0,1116669.5,1114055.0,1116460.5,1117623.5,1118830.0,1120049.5,1121033.5,1122699.0,1122298.5,1121945.0,1121546.0,1121756.5,1121303.0,1122591.5,1121656.5,1120009.0,1121656.5,1122591.5,1121303.0,1121756.5,1121546.0,1121945.0,1122298.5,1122699.0,1121033.5,1120049.5,1118830.0,1117623.5,1116460.5,1114055.0,1116669.5,1114233.0,1112153.5
1086220.0,1088220.0,1090210.5,1092677.5,1091913.0,1092102.5,1092155.5,1095667.0,1092553.0,1091740.5,1089582.5,1089160.5,1088459.5,1089961.0,1091305.5,1089862.0,1089040.5,1094085.0,1094484.0,1094085.0,1089040.5,1089862.0,1091305.5,1089961.0,1088459.5,1089160.5,1089582.5,1091740.5,1092553.0,1095667.0,1092155.5,1092102.5,1091913.0,1092677.5,1090210.5,1088220.0
1126664.0,1130847.5,1133643.0,1133849.5,1135026.0,1135492.0,1134287.5,1136116.0,1139044.5,1140002.0,1135753.5,1133970.0,1132951.5,1135224.5,1133424.5,1133206.5,1137400.0,1135284.0,1132931.0,1135284.0,1137400.0,1133206.5,1133424.5,1135224.5,1132951.5,1133970.0,1135753.5,1140002.0,1139044.5,1136116.0,1134287.5,1135492.0,1135026.0,1133849.5,1133643.0,1130847.5
1105851.0,1109221.0,1112227.0,1113561.5,1113511.0,1112355.0,1113014.5,1114731.0,1117839.5,1119024.0,1121664.5,1122829.0,1121313.0,1120316.0,1119024.0,1121276.0,1122965.0,1123491.0,1125713.0,1123491.0,1122965.0,1121276.0,1119024.0,1120316.0,1121313.0,1122829.0,1121664.5,1119024.0,1117839.5,1114731.0,1113014.5,1112355.0,1113511.0,1113561.5,1112227.0,1109221.0
1121345.0,1125369.0,1127816.0,1130971.0,1130548.0,1130037.0,1128366.5,1129305.5,1131351.0,1132060.0,1136327.0,1135604.5,1136924.0,1134262.0,1134223.0,1133152.0,1134863.0,1134247.0,1135094.0,1134247.0,1134863.0,1133152.0,1134223.0,1134262.0,1136924.0,1135604.5,1136327.0,1132060.0,1131351.0,1129305.5,1128366.5,1130037.0,1130548.0,1130971.0,1127816.0,1125369.0
1162541.0,1164004.0,1166668.0,1170301.5,1171868.0,1172355.0,1172019.0,1170942.0,1167072.5,1168667.5,1169082.5,1167948.0,1168787.5,1171628.5,1172388.5,1171805.0,1169375.5,1169635.0,1170827.0,1169635.0,1169375.5,1171805.0,1172388.5,1171628.5,1168787.5,1167948.0,1169082.5,1168667.5,1167072.5,1170942.0,1172019.0,1172355.0,1171868.0,1170301.5,1166668.0,1164004.0
1153869.0,1157601.5,1158383.0,1159933.0,1160339.0,1158267.0,1159783.0,1158619.0,1159773.0,1160943.0,1161681.0,1163857.0,1160603.0,1161828.5,1160792.5,1163020.0,1163352.5,1163266.0,1164957.0,1163266.0,1163352.5,1163020.0,1160792.5,1161828.5,1160603.0,1163857.0,1161681.0,1160943.0,1159773.0,1158619.0,1159783.0,1158267.0,1160339.0,1159933.0,1158383.0,1157601.5
1155686.0,1154870.0,1156553.5,1161663.0,1164010.0,1165148.5,1164702.5,1166815.5,1168591.5,1167046.5,1166545.0,1167933.0,1168936.0,1166772.5,1162845.5,1161431.0,1162312.5,1161464.0,1162729.0,1161464.0,1162312.5,1161431.0,1162845.5,1166772.5,1168936.0,1167933.0,1166545.0,1167046.5,1168591.5,1166815.5,1164702.5,1165148.5,1164010.0,1161663.0,1156553.5,1154870.0
1092804.0,1095961.5,1094945.0,1094233.5,1092802.0,1092507.5,1092451.5,1094005.0,1094791.5,1095007.5,1095967.0,1096176.5,1096359.0,1094467.5,1094951.0,1094811.5,1094720.5,1094281.0,1093852.0,1094281.0,1094720.5,1094811.5,1094951.0,1094467.5,1096359.0,1096176.5,1095967.0,1095007.5,1094791.5,1094005.0,1092451.5,1092507.5,1092802.0,1094233.5,1094945.0,1095961.5
1174416.0,1176693.0,1177653.5,1178490.5,1180430.0,1181667.5,1181453.5,1180056.0,1179382.5,1180984.5,1180044.5,1180141.0,1182130.0,1182223.0,1183108.5,1183438.5,1183894.5,1183284.5,1183597.0,1183284.5,1183894.5,1183438.5,1183108.5,1182223.0,1182130.0,1180141.0,1180044.5,1180984.5,1179382.5,1180056.0,1181453.5,1181667.5,1180430.0,1178490.5,1177653.5,1176693.0
1118098.0,1120868.0,1121788.5,1122791.0,1124970.5,1126408.5,1128731.0,1128333.0,1131214.0,1131242.0,1132751.5,1134323.5,1135864.5,1135980.5,1134001.0,1137284.5,1140663.0,1139471.0,1138880.0,1139471.0,1140663.0,1137284.5,1134001.0,1135980.5,1135864.5,1134323.5,1132751.5,1131242.0,1131214.0,1128333.0,1128731.0,1126408.5,1124970.5,1122791.0,1121788.5,1120868.0
1103165.0,1103429.5,1103726.5,1106742.5,1108565.5,1107167.0,1112269.5,1112567.5,1117076.0,1115695.5,1118826.5,1119096.5,1121508.0,1120086.5,1122209.5,1118204.0,1122144.5,1119973.5,1122256.0,1119973.5,1122144.5,1118204.0,1122209.5,1120086.5,1121508.0,1119096.5,1118826.5,1115695.5,1117076.0,1112567.5,1112269.5,1107167.0,1108565.5,1106742.5,1103726.5,1103429.5
1105906.0,1104874.5,1107585.5,1110975.0,1113205.0,1111312.0,1114403.0,1117082.0,1115957.5,1117947.0,1116756.0,1118621.5,1114222.5,1114588.0,1114476.5,1116654.5,1112914.0,1112776.5,1114424.0,1112776.5,1112914.0,1116654.5,1114476.5,1114588.0,1114222.5,1118621.5,1116756.0,1117947.0,1115957.5,1117082.0,1114403.0,1111312.0,1113205.0,1110975.0,1107585.5,1104874.5
1074495.0,1076725.5,1078132.0,1079757.0,1082214.5,1085854.0,1088630.5,1089468.5,1090884.5,1091221.0,1093022.0,1092010.0,1091890.5,1092215.5,1091993.0,1090822.5,1088869.0,1086317.5,1087984.0,1086317.5,1088869.0,1090822.5,1091993.0,1092215.5,1091890.5,1092010.0,1093022.0,1091221.0,1090884.5,1089468.5,1088630.5,1085854.0,1082214.5,1079757.0,1078132.0,1076725.5
1134912.0,1135966.0,1136190.5,1137204.5,1138534.0,1141624.0,1142145.0,1142269.0,1145588.5,1147583.0,1146158.0,1147816.5,1144838.5,1143504.5,1142736.5,1142142.5,1140806.0,1141711.5,1143421.0,1141711.5,1140806.0,1142142.5,1142736.5,1143504.5,1144838.5,1147816.5,1146158.0,1147583.0,1145588.5,1142269.0,1142145.0,1141624.0,1138534.0,1137204.5,1136190.5,1135966.0
1094314.0,1098144.5,1099727.5,1103154.0,1106180.5,1103592.0,1103481.0,1100617.5,1103253.0,1108312.0,1110088.5,1112081.5,1111653.0,1111305.0,1109398.5,1111638.0,1112930.0,1117150.5,1118370.0,1117150.5,1112930.0,1111638.0,1109398.5,1111305.0,1111653.0,1112081.5,1110088.5,1108312.0,1103253.0,1100617.5,1103481.0,1103592.0,1106180.5,1103154.0,1099727.5,1098144.5
1120016.0,1121517.0,1120566.0,1123705.0,1124474.5,1124240.5,1127469.0,1125752.5,1123473.0,1125529.0,1123092.5,1124649.0,1124144.5,1124891.5,1123950.5,1123956.5,1124459.5,1123730.5,1123306.0,1123730.5,1124459.5,1123956.5,1123950.5,1124891.5,1124144.5,1124649.0,1123092.5,1125529.0,1123473.0,1125752.5,1127469.0,1124240.5,1124474.5,1123705.0,1120566.0,1121517.0
1085961.0,1089324.5,1091632.5,1091349.0,1091127.5,1093177.5,1093813.0,1095700.0,1097646.5,1097091.5,1098460.0,1101191.0,1100590.0,1104079.5,1102299.0,1102239.5,1105327.5,1107719.5,1105043.0,1107719.5,1105327.5,1102239.5,1102299.0,1104079.5,1100590.0,1101191.0,1098460.0,1097091.5,1097646.5,1095700.0,1093813.0,1093177.5,1091127.5,1091349.0,1091632.5,1089324.5
1149050.0,1152166.5,1151750.0,1153850.5,1156624.5,1157751.0,1159036.5,1162824.0,1162646.5,1163443.5,1164747.5,1169619.0,1169498.0,1170666.0,1171923.0,1173111.5,1175342.0,1178624.5,1180503.0,1178624.5,1175342.0,1173111.5,1171923.0,1170666.0,1169498.0,1169619.0,1164747.5,1163443.5,1162646.5,1162824.0,1159036.5,1157751.0,1156624.5,1153850.5,1151750.0,1152166.5
1146862.0,1150278.0,1152412.5,1154907.0,1159789.5,1160108.5,1165169.5,1166064.0,1167010.0,1168806.0,1166855.5,1167961.0,1166721.0,1163928.5,1162492.5,1158977.0,1157054.0,1159491.0,1159719.0,1159491.0,1157054.0,1158977.0,1162492.5,1163928.5,1166721.0,1167961.0,1166855.5,1168806.0,1167010.0,1166064.0,1165169.5,1160108.5,1159789.5,1154907.0,1152412.5,1150278.0
1105749.0,1107969.5,1108189.0,1109075.5,1111722.0,1112088.0,1112963.0,1115289.5,1114614.5,1113313.0,1116551.5,1117142.0,1116304.0,1119855.0,1118195.5,1118611.5,1118899.5,1118182.0,1118575.0,1118182.0,1118899.5,1118611.5,1118195.5,1119855.0,1116304.0,1117142.0,1116551.5,1113313.0,1114614.5,1115289.5,1112963.0,1112088.0,1111722.0,1109075.5,1108189.0,1107969.5
1132542.0,1132138.0,1131010.0,1132904.5,1134200.0,1135602.5,1136173.5,1137241.5,1136438.5,1139067.0,1135889.5,1137484.5,1136728.5,1135312.5,1139600.5,1136053.0,1135895.0,1136962.5,1136699.0,1136962.5,1135895.0,1136053.0,1139600.5,1135312.5,1136728.5,1137484.5,1135889.5,1139067.0,1136438.5,1137241.5,1136173.5,1135602.5,1134200.0,1132904.5,1131010.0,1132138.0
1169654.0,1171102.0,1171958.5,1174359.0,1177073.0,1180060.0,1182973.5,1187309.5,1192341.5,1195309.0,1197687.5,1197777.5,1200033.0,1202032.0,1202817.0,1205143.0,1204847.0,1204404.0,1203720.0,1204404.0,1204847.0,1205143.0,1202817.0,1202032.0,1200033.0,1197777.5,1197687.5,1195309.0,1192341.5,1187309.5,1182973.5,1180060.0,1177073.0,1174359.0,1171958.5,1171102.0
1102339.0,1107001.0,1106124.0,1108186.0,1109698.5,1109944.0,1112016.0,1110082.0,1109923.5,1108403.0,1108132.5,1109009.0,1108831.0,1105388.0,1104814.0,1108062.0,1108887.5,1110453.0,1112479.0,1110453.0,1108887.5,1108062.0,1104814.0,1105388.0,1108831.0,1109009.0,1108132.5,1108403.0,1109923.5,1110082.0,1112016.0,1109944.0,1109698.5,1108186.0,1106124.0,1107001.0
1100096.0,1100334.5,1100905.0,1102178.0,1103079.5,1104847.5,1105570.5,1105789.5,1105845.0,1108591.0,1109527.0,1108837.5,1111188.5,1109137.0,1112291.0,1113706.0,1113053.0,1114883.0,1113145.0,1114883.0,1113053.0,1113706.0,1112291.0,1109137.0,1111188.5,1108837.5,1109527.0,1108591.0,1105845.0,1105789.5,1105570.5,1104847.5,1103079.5,1102178.0,1100905.0,1100334.5
1066118.0,1064199.0,1064058.5,1065859.5,1065673.0,1067063.5,1064934.0,1064768.5,1065198.5,1066479.0,1066402.5,1065463.5,1065781.5,1067615.5,1067243.5,1065725.0,1066419.0,1066038.5,1067989.0,1066038.5,1066419.0,1065725.0,1067243.5,1067615.5,1065781.5,1065463.5,1066402.5,1066479.0,1065198.5,1064768.5,1064934.0,1067063.5,1065673.0,1065859.5,1064058.5,1064199.0
1115429.0,1119193.0,1120473.5,1120991.0,1123058.5,1124816.0,1122306.0,1125423.5,1123774.0,1122563.5,1126268.5,1126439.0,1123640.0,1122064.5,1122026.5,1118411.5,1121885.5,1123164.0,1122344.0,1123164.0,1121885.5,1118411.5,1122026.5,1122064.5,1123640.0,1126439.0,1126268.5,1122563.5,1123774.0,1125423.5,1122306.0,1124816.0,1123058.5,1120991.0,1120473.5,1119193.0
1098659.0,1100156.0,1100944.0,1098700.0,1101041.5,1102140.5,1103190.0,1102211.0,1100554.0,1102474.0,1103215.0,1104203.5,1102521.5,1101616.5,1104522.5,1104179.5,1102863.5,1103934.0,1103999.0,1103934.0,1102863.5,1104179.5,1104522.5,1101616.5,1102521.5,1104203.5,1103215.0,1102474.0,1100554.0,1102211.0,1103190.0,1102140.5,1101041.5,1098700.0,1100944.0,1100156.0
1098280.0,1098467.0,1099813.0,1101622.5,1102892.5,1104437.5,1105777.5,1109340.5,1107012.0,1107980.0,1108281.0,1106611.0,1107085.5,1104710.5,1105545.0,1105698.5,1102372.0,1103904.5,1102783.0,1103904.5,1102372.0,1105698.5,1105545.0,1104710.5,1107085.5,1106611.0,1108281.0,1107980.0,1107012.0,1109340.5,1105777.5,1104437.5,1102892.5,1101622.5,1099813.0,1098467.0
1145004.0,1148190.0,1146582.0,1149674.5,1149540.0,1147940.5,1149323.0,1147111.0,1147674.5,1145770.5,1145069.0,1147842.5,1147710.0,1147903.5,1144891.0,1148661.5,1147523.5,1145264.5,1145785.0,1145264.5,1147523.5,1148661.5,1144891.0,1147903.5,1147710.0,1147842.5,1145069.0,1145770.5,1147674.5,1147111.0,1149323.0,1147940.5,1149540.0,1149674.5,1146582.0,1148190.0
1128979.0,1125551.0,1127847.5,1128724.0,1128301.0,1127287.0,1128556.0,1127090.0,1127583.5,1124703.0,1126453.0,1124756.5,1126832.0,1126529.5,1127047.5,1126640.0,1127725.0,1127221.5,1124251.0,1127221.5,1127725.0,1126640.0,1127047.5,1126529.5,1126832.0,1124756.5,1126453.0,1124703.0,1127583.5,1127090.0,1128556.0,1127287.0,1128301.0,1128724.0,1127847.5,1125551.0
1133847.0,1135992.0,1140088.0,1142844.5,1144161.0,1144024.0,1145546.5,1147209.0,1144647.0,1145432.5,1148831.0,1151806.0,1153167.0,1154446.0,1155910.0,1158709.5,1158675.5,1155250.5,1153579.0,1155250.5,1158675.5,1158709.5,1155910.0,1154446.0,1153167.0,1151806.0,1148831.0,1145432.5,1144647.0,1147209.0,1145546.5,1144024.0,1144161.0,1142844.5,1140088.0,1135992.0
1039062.0,1042397.5,1043409.0,1042909.5,1042960.5,1044018.5,1044780.0,1042992.5,1044488.0,1047249.0,1050126.5,1049158.5,1049244.5,1050009.0,1051666.0,1050795.5,1050652.5,1050528.0,1049512.0,1050528.0,1050652.5,1050795.5,1051666.0,1050009.0,1049244.5,1049158.5,1050126.5,1047249.0,1044488.0,1042992.5,1044780.0,1044018.5,1042960.5,1042909.5,1043409.0,1042397.5
1113819.0,1117226.5,1119081.0,1119364.0,1119970.0,1122317.5,1123949.5,1124970.0,1123763.5,1124037.0,1126119.5,1124754.5,1121709.0,1121866.0,1121662.5,1118138.5,1115923.0,1118465.0,1117697.0,1118465.0,1115923.0,1118138.5,1121662.5,1121866.0,1121709.0,1124754.5,1126119.5,1124037.0,1123763.5,1124970.0,1123949.5,1122317.5,1119970.0,1119364.0,1119081.0,1117226.5
1131125.0,1130916.5,1132919.0,1132561.5,1135491.5,1135137.0,1137741.5,1135084.0,1136244.0,1131888.0,1131522.0,1131824.5,1136543.0,1135272.5,1135453.0,1131877.5,1135198.5,1137827.5,1136336.0,1137827.5,1135198.5,1131877.5,1135453.0,1135272.5,1136543.0,1131824.5,1131522.0,1131888.0,1136244.0,1135084.0,1137741.5,1135137.0,1135491.5,1132561.5,1132919.0,1130916.5
1088615.0,1086876.5,1089631.5,1089218.0,1091065.0,1091958.5,1089950.0,1093446.0,1096365.0,1094462.0,1097300.0,1096102.5,1093258.5,1093474.0,1090402.5,1089075.5,1087429.5,1090343.0,1088453.0,1090343.0,1087429.5,1089075.5,1090402.5,1093474.0,1093258.5,1096102.5,1097300.0,1094462.0,1096365.0,1093446.0,1089950.0,1091958.5,1091065.0,1089218.0,1089631.5,1086876.5
1135070.0,1135249.5,1136936.0,1135360.5,1133266.5,1133844.5,1132356.5,1132835.0,1135734.5,1136227.5,1136134.5,1137901.5,1137028.0,1136411.5,1135665.5,1135021.0,1135297.5,1134333.0,1136672.0,1134333.0,1135297.5,1135021.0,1135665.5,1136411.5,1137028.0,1137901.5,1136134.5,1136227.5,1135734.5,1132835.0,1132356.5,1133844.5,1133266.5,1135360.5,1136936.0,1135249.5
1125106.0,1126299.5,1128663.5,1129389.0,1130412.5,1132665.5,1133711.5,1135109.5,1136967.5,1140397.0,1140320.0,1141969.0,1140269.5,1140757.5,1140481.0,1140118.5,1142261.0,1140820.0,1143070.0,1140820.0,1142261.0,1140118.5,1140481.0,1140757.5,1140269.5,1141969.0,1140320.0,1140397.0,1136967.5,1135109.5,1133711.5,1132665.5,1130412.5,1129389.0,1128663.5,1126299.5
1107800.0,1108098.0,1107903.5,1107839.0,1108443.0,1109086.5,1109717.0,1109656.5,1111194.0,1109845.5,1109703.0,1109565.5,1111260.0,1112443.5,1112245.5,1110780.5,1110643.5,1112583.0,1111581.0,1112583.0,1110643.5,1110780.5,1112245.5,1112443.5,1111260.0,1109565.5,1109703.0,1109845.5,1111194.0,1109656.5,1109717.0,1109086.5,1108443.0,1107839.0,1107903.5,1108098.0
1164670.0,1166065.0,1166322.5,1167736.5,1167588.5,1169163.5,1169024.5,1169745.5,1169404.5,1168205.0,1172201.0,1173633.0,1174448.5,1173104.0,1173271.0,1172507.5,1174629.5,1177164.0,1179110.0,1177164.0,1174629.5,1172507.5,1173271.0,1173104.0,1174448.5,1173633.0,1172201.0,1168205.0,1169404.5,1169745.5,1169024.5,1169163.5,1167588.5,1167736.5,1166322.5,1166065.0
1133275.0,1134644.5,1134488.0,1135549.5,1135099.0,1136178.5,1138379.0,1139454.0,1141574.5,1141078.5,1144096.0,1142354.0,1143977.0,1143777.5,1143081.0,1143518.0,1142795.5,1143999.5,1141235.0,1143999.5,1142795.5,1143518.0,1143081.0,1143777.5,1143977.0,1142354.0,1144096.0,1141078.5,1141574.5,1139454.0,1138379.0,1136178.5,1135099.0,1135549.5,1134488.0,1134644.5
1064228.0,1067660.0,1067724.5,1065036.0,1067910.0,1067467.0,1066394.0,1068260.5,1068757.5,1068601.5,1067190.5,1068845.0,1068311.5,1067306.0,1068654.5,1067231.0,1065812.5,1069124.0,1067024.0,1069124.0,1065812.5,1067231.0,1068654.5,1067306.0,1068311.5,1068845.0,1067190.5,1068601.5,1068757.5,1068260.5,1066394.0,1067467.0,1067910.0,1065036.0,1067724.5,1067660.0
1126543.0,1126935.5,1130934.0,1131923.5,1130120.5,1130493.5,1132088.0,1130361.5,1131825.5,1133064.0,1133343.0,1133001.0,1130813.0,1129955.5,1133461.5,1132189.5,1133800.0,1130515.5,1132697.0,1130515.5,1133800.0,1132189.5,1133461.5,1129955.5,1130813.0,1133001.0,1133343.0,1133064.0,1131825.5,1130361.5,1132088.0,1130493.5,1130120.5,1131923.5,1130934.0,1126935.5
1090771.0,1089842.0,1090458.5,1089378.5,1090497.5,1091533.0,1091001.0,1092245.5,1094098.5,1093942.5,1094526.5,1093343.5,1093599.5,1095855.5,1096667.0,1096301.0,1096031.0,1093370.5,1094338.0,1093370.5,1096031.0,1096301.0,1096667.0,1095855.5,1093599.5,1093343.5,1094526.5,1093942.5,1094098.5,1092245.5,1091001.0,1091533.0,1090497.5,1089378.5,1090458.5,1089842.0
1102362.0,1103730.0,1104687.0,1107574.0,1109026.0,1110786.5,1111034.0,1111480.5,1110393.5,1112007.5,1113437.0,1114612.0,1115739.5,1118241.0,1118461.5,1118973.5,1116178.0,1116423.0,1113013.0,1116423.0,1116178.0,1118973.5,1118461.5,1118241.0,1115739.5,1114612.0,1113437.0,1112007.5,1110393.5,1111480.5,1111034.0,1110786.5,1109026.0,1107574.0,1104687.0,1103730.0
1122482.0,1123174.5,1123558.0,1123498.0,1124164.5,1126036.5,1126400.5,1125894.0,1125824.5,1124044.5,1125065.0,1124190.0,1124288.5,1126252.5,1126528.5,1124509.0,1126807.5,1127161.0,1125008.0,1127161.0,1126807.5,1124509.0,1126528.5,1126252.5,1124288.5,1124190.0,1125065.0,1124044.5,1125824.5,1125894.0,1126400.5,1126036.5,1124164.5,1123498.0,1123558.0,1123174.5
1169114.0,1169901.0,1172034.5,1173627.5,1173147.5,1173739.0,1177844.5,1180057.5,1180473.5,1183860.0,1185180.5,1190355.0,1190569.5,1191451.0,1191707.0,1193951.0,1196347.5,1195192.0,1194667.0,1195192.0,1196347.5,1193951.0,1191707.0,1191451.0,1190569.5,1190355.0,1185180.5,1183860.0,1180473.5,1180057.5,1177844.5,1173739.0,1173147.5,1173627.5,1172034.5,1169901.0
1090252.0,1092635.5,1094832.5,1097959.5,1098749.0,1099145.5,1099855.5,1100338.5,1102758.5,1102185.0,1104807.0,1105876.0,1106313.0,1106523.5,1105152.0,1104559.0,1104094.5,1103415.5,1100994.0,1103415.5,1104094.5,1104559.0,1105152.0,1106523.5,1106313.0,1105876.0,1104807.0,1102185.0,1102758.5,1100338.5,1099855.5,1099145.5,1098749.0,1097959.5,1094832.5,1092635.5
1121108.0,1126138.0,1127381.0,1127031.5,1124934.0,1125608.0,1129428.5,1128715.5,1128599.5,1130134.0,1130859.5,1132207.0,1132582.0,1131314.5,1130094.5,1130585.5,1132483.5,1133125.0,1133297.0,1133125.0,1132483.5,1130585.5,1130094.5,1131314.5,1132582.0,1132207.0,1130859.5,1130134.0,1128599.5,1128715.5,1129428.5,1125608.0,1124934.0,1127031.5,1127381.0,1126138.0
1133770.0,1134629.0,1137326.5,1140775.5,1140232.5,1142102.5,1139887.0,1142685.0,1142699.0,1144683.5,1143893.0,1145418.5,1145339.5,1143152.0,1142584.5,1139559.0,1137567.5,1136799.0,1134477.0,1136799.0,1137567.5,1139559.0,1142584.5,1143152.0,1145339.5,1145418.5,1143893.0,1144683.5,1142699.0,1142685.0,1139887.0,1142102.5,1140232.5,1140775.5,1137326.5,1134629.0
1069235.0,1071642.0,1071383.5,1073086.0,1074930.0,1076549.0,1076267.0,1077519.0,1078517.0,1079615.0,1079208.5,1079938.5,1078314.0,1076008.0,1072754.5,1074541.0,1072330.0,1071906.5,1073254.0,1071906.5,1072330.0,1074541.0,1072754.5,1076008.0,1078314.0,1079938.5,1079208.5,1079615.0,1078517.0,1077519.0,1076267.0,1076549.0,1074930.0,1073086.0,1071383.5,1071642.0
1103382.0,1104243.5,1106306.5,1107204.5,1109046.5,1110973.0,1111076.0,1110818.5,1109007.0,1110094.0,1107323.0,1107748.5,1109166.5,1109645.0,1109484.0,1109329.5,1108760.5,1108545.0,1108509.0,1108545.0,1108760.5,1109329.5,1109484.0,1109645.0,1109166.5,1107748.5,1107323.0,1110094.0,1109007.0,1110818.5,1111076.0,1110973.0,1109046.5,1107204.5,1106306.5,1104243.5
1133381.0,1135541.5,1135474.5,1138409.5,1132893.0,1137396.0,1136528.5,1139752.5,1139364.0,1141508.0,1141804.0,1143367.5,1141355.5,1141661.5,1142632.5,1145365.0,1141716.0,1146171.5,1143525.0,1146171.5,1141716.0,1145365.0,1142632.5,1141661.5,1141355.5,1143367.5,1141804.0,1141508.0,1139364.0,1139752.5,1136528.5,1137396.0,1132893.0,1138409.5,1135474.5,1135541.5
1057941.0,1057801.0,1058730.0,1059267.5,1059402.0,1059913.0,1060595.0,1062067.0,1062587.5,1061420.0,1062490.0,1062428.0,1060586.0,1058908.5,1059991.0,1060227.5,1058312.0,1059475.5,1059464.0,1059475.5,1058312.0,1060227.5,1059991.0,1058908.5,1060586.0,1062428.0,1062490.0,1061420.0,1062587.5,1062067.0,1060595.0,1059913.0,1059402.0,1059267.5,1058730.0,1057801.0
1107008.0,1109604.5,1114455.5,1117651.5,1119515.0,1124412.5,1128168.0,1130331.5,1133572.5,1133830.0,1131895.5,1129435.0,1126099.0,1121981.5,1120679.0,1118704.5,1116390.5,1113659.0,1113590.0,1113659.0,1116390.5,1118704.5,1120679.0,1121981.5,1126099.0,1129435.0,1131895.5,1133830.0,1133572.5,1130331.5,1128168.0,1124412.5,1119515.0,1117651.5,1114455.5,1109604.5
1151047.0,1155845.0,1157779.5,1155807.0,1155777.5,1158271.5,1158796.5,1159496.0,1159873.5,1162085.0,1162441.0,1164340.0,1164239.5,1164547.0,1167347.0,1164159.5,1161994.5,1164767.5,1167592.0,1164767.5,1161994.5,1164159.5,1167347.0,1164547.0,1164239.5,1164340.0,1162441.0,1162085.0,1159873.5,1159496.0,1158796.5,1158271.5,1155777.5,1155807.0,1157779.5,1155845.0
1137774.0,1138719.5,1139317.0,1137138.5,1137226.5,1138040.5,1137732.0,1138940.5,1137062.0,1135825.5,1137588.5,1135798.0,1138365.5,1137007.0,1134034.5,1136011.5,1135634.0,1134499.5,1134727.0,1134499.5,1135634.0,1136011.5,1134034.5,1137007.0,1138365.5,1135798.0,1137588.5,1135825.5,1137062.0,1138940.5,1137732.0,1138040.5,1137226.5,1137138.5,1139317.0,1138719.5
1129119.0,1134399.5,1136458.0,1138400.0,1138863.0,1137331.0,1137959.0,1136179.0,1137727.0,1138085.0,1140527.0,1139161.5,1135714.0,1136005.5,1134341.5,1133853.0,1135245.5,1136011.5,1137079.0,1136011.5,1135245.5,1133853.0,1134341.5,1136005.5,1135714.0,1139161.5,1140527.0,1138085.0,1137727.0,1136179.0,1137959.0,1137331.0,1138863.0,1138400.0,1136458.0,1134399.5
1148561.0,1149988.0,1151780.0,1154360.0,1154543.0,1151269.0,1151232.0,1152748.5,1154771.5,1155119.5,1154016.5,1152190.5,1150627.0,1150071.0,1152188.5,1154696.0,1153860.0,1151832.5,1149532.0,1151832.5,1153860.0,1154696.0,1152188.5,1150071.0,1150627.0,1152190.5,1154016.5,1155119.5,1154771.5,1152748.5,1151232.0,1151269.0,1154543.0,1154360.0,1151780.0,1149988.0
1089579.0,1088432.0,1089330.5,1090208.0,1087125.5,1090006.0,1090429.0,1090302.0,1088400.5,1087401.5,1087624.5,1087561.0,1089287.5,1089036.0,1087790.5,1089581.5,1088057.5,1088744.0,1087786.0,1088744.0,1088057.5,1089581.5,1087790.5,1089036.0,1089287.5,1087561.0,1087624.5,1087401.5,1088400.5,1090302.0,1090429.0,1090006.0,1087125.5,1090208.0,1089330.5,1088432.0
1129184.0,1128173.5,1129695.0,1132314.5,1136565.5,1139042.0,1140658.5,1142435.0,1140280.5,1139728.5,1141194.5,1142288.5,1140210.0,1138879.0,1138484.0,1137445.5,1139498.0,1139442.5,1140474.0,1139442.5,1139498.0,1137445.5,1138484.0,1138879.0,1140210.0,1142288.5,1141194.5,1139728.5,1140280.5,1142435.0,1140658.5,1139042.0,1136565.5,1132314.5,1129695.0,1128173.5
1139860.0,1143669.5,1144349.0,1147629.0,1147627.0,1148324.5,1147764.0,1147615.5,1148374.5,1149148.5,1150036.0,1150148.0,1151369.0,1152819.0,1150831.0,1153717.5,1150566.0,1150590.0,1149182.0,1150590.0,1150566.0,1153717.5,1150831.0,1152819.0,1151369.0,1150148.0,1150036.0,1149148.5,1148374.5,1147615.5,1147764.0,1148324.5,1147627.0,1147629.0,1144349.0,1143669.5
1116750.0,1114635.5,1119520.0,1116770.0,1119063.5,1119813.5,1121759.0,1119432.5,1121918.0,1117570.0,1120168.5,1117036.5,1120214.5,1117692.5,1122317.0,1119591.0,1119647.0,1119108.5,1119447.0,1119108.5,1119647.0,1119591.0,1122317.0,1117692.5,1120214.5,1117036.5,1120168.5,1117570.0,1121918.0,1119432.5,1121759.0,1119813.5,1119063.5,1116770.0,1119520.0,1114635.5
1140320.0,1138325.5,1141584.5,1142063.5,1141665.5,1142842.5,1141764.0,1143773.5,1143937.0,1145149.0,1147366.0,1145673.5,1148238.0,1147658.0,1148424.0,1148262.0,1148539.0,1149205.5,1150278.0,1149205.5,1148539.0,1148262.0,1148424.0,1147658.0,1148238.0,1145673.5,1147366.0,1145149.0,1143937.0,1143773.5,1141764.0,1142842.5,1141665.5,1142063.5,1141584.5,1138325.5
1102364.0,1104554.0,1108416.5,1111440.0,1113751.5,1112293.0,1110229.0,1108874.0,1106009.5,1106371.0,1108937.5,1111436.0,1113022.5,1113877.5,1113196.0,1111286.5,1109626.5,1107349.0,1105572.0,1107349.0,1109626.5,1111286.5,1113196.0,1113877.5,1113022.5,1111436.0,1108937.5,1106371.0,1106009.5,1108874.0,1110229.0,1112293.0,1113751.5,1111440.0,1108416.5,1104554.0
1103361.0,1106549.5,1107220.5,1109554.5,1108514.0,1107837.0,1108954.5,1110859.5,1111271.0,1110337.5,1111986.5,1110679.5,1112363.5,1111960.5,1112422.0,1112327.0,1110705.0,1111613.0,1111809.0,1111613.0,1110705.0,1112327.0,1112422.0,1111960.5,1112363.5,1110679.5,1111986.5,1110337.5,1111271.0,1110859.5,1108954.5,1107837.0,1108514.0,1109554.5,1107220.5,1106549.5
1111895.0,1114118.0,1117643.5,1119151.5,1117828.5,1122779.5,1127827.0,1128149.0,1125944.0,1127423.0,1129174.0,1126078.0,1122693.0,1125654.0,1124925.5,1121704.5,1121694.0,1121741.0,1121747.0,1121741.0,1121694.0,1121704.5,1124925.5,1125654.0,1122693.0,1126078.0,1129174.0,1127423.0,1125944.0,1128149.0,1127827.0,1122779.5,1117828.5,1119151.5,1117643.5,1114118.0
1138921.0,1140478.0,1143198.5,1143211.5,1146115.0,1146228.5,1147702.5,1148865.0,1148217.0,1147947.0,1146633.0,1146060.0,1144829.0,1144869.0,1144229.5,1141901.0,1142433.0,1142898.0,1141700.0,1142898.0,1142433.0,1141901.0,1144229.5,1144869.0,1144829.0,1146060.0,1146633.0,1147947.0,1148217.0,1148865.0,1147702.5,1146228.5,1146115.0,1143211.5,1143198.5,1140478.0
1101282.0,1107404.5,1108975.0,1108885.0,1109729.5,1108643.5,1107872.5,1107518.0,1105744.0,1104967.5,1106348.0,1106263.5,1107166.5,1109778.5,1108672.5,1105446.5,1106305.5,1106075.0,1107059.0,1106075.0,1106305.5,1105446.5,1108672.5,1109778.5,1107166.5,1106263.5,1106348.0,1104967.5,1105744.0,1107518.0,1107872.5,1108643.5,1109729.5,1108885.0,1108975.0,1107404.5
1114251.0,1114040.0,1113340.0,1115614.5,1118150.0,1117781.0,1118620.0,1119235.0,1118402.5,1117134.0,1115441.0,1116247.0,1114512.0,1115297.5,1116728.5,1116318.5,1117291.5,1118021.0,1118183.0,1118021.0,1117291.5,1116318.5,1116728.5,1115297.5,1114512.0,1116247.0,1115441.0,1117134.0,1118402.5,1119235.0,1118620.0,1117781.0,1118150.0,1115614.5,1113340.0,1114040.0
1145970.0,1144347.0,1146322.0,1147735.0,1148010.0,1147657.5,1148624.0,1150067.5,1151348.0,1155122.0,1153720.0,1153710.5,1152713.0,1154145.0,1155742.5,1154316.5,1154566.0,1151171.0,1154083.0,1151171.0,1154566.0,1154316.5,1155742.5,1154145.0,1152713.0,1153710.5,1153720.0,1155122.0,1151348.0,1150067.5,1148624.0,1147657.5,1148010.0,1147735.0,1146322.0,1144347.0
1116185.0,1118354.0,1119534.0,1121230.0,1122022.0,1122513.5,1120993.0,1119827.0,1117431.0,1120022.0,1118209.0,1117873.0,1119620.0,1119277.0,1119114.5,1116074.0,1114686.5,1115120.5,1115363.0,1115120.5,1114686.5,1116074.0,1119114.5,1119277.0,1119620.0,1117873.0,1118209.0,1120022.0,1117431.0,1119827.0,1120993.0,1122513.5,1122022.0,1121230.0,1119534.0,1118354.0
1088813.0,1089936.0,1090727.0,1091735.5,1092935.0,1093695.0,1095278.0,1097677.0,1097568.5,1096674.0,1097817.0,1097735.0,1096785.5,1097598.5,1096440.0,1097373.5,1095047.5,1094668.0,1095159.0,1094668.0,1095047.5,1097373.5,1096440.0,1097598.5,1096785.5,1097735.0,1097817.0,1096674.0,1097568.5,1097677.0,1095278.0,1093695.0,1092935.0,1091735.5,1090727.0,1089936.0
1097870.0,1099059.5,1100542.5,1102150.0,1103392.0,1104073.0,1104320.5,1103623.5,1104170.5,1105790.0,1106782.0,1108169.5,1109409.0,1107688.0,1104773.5,1107156.5,1111282.0,1112652.0,1111822.0,1112652.0,1111282.0,1107156.5,1104773.5,1107688.0,1109409.0,1108169.5,1106782.0,1105790.0,1104170.5,1103623.5,1104320.5,1104073.0,1103392.0,1102150.0,1100542.5,1099059.5
1108034.0,1109949.0,1109750.5,1107950.0,1107775.0,1108526.5,1110606.0,1109499.5,1110828.5,1110186.5,1112600.0,1111582.5,1112739.5,1113347.5,1113292.0,1114315.0,1113678.5,1115497.5,1113478.0,1115497.5,1113678.5,1114315.0,1113292.0,1113347.5,1112739.5,1111582.5,1112600.0,1110186.5,1110828.5,1109499.5,1110606.0,1108526.5,1107775.0,1107950.0,1109750.5,1109949.0
1098110.0,1096211.5,1096615.5,1098293.5,1097949.0,1101068.0,1104935.5,1104230.5,1103483.5,1104157.0,1103569.0,1105690.5,1107744.5,1108636.0,1109474.0,1108950.5,1104889.5,1102593.5,1102419.0,1102593.5,1104889.5,1108950.5,1109474.0,1108636.0,1107744.5,1105690.5,1103569.0,1104157.0,1103483.5,1104230.5,1104935.5,1101068.0,1097949.0,1098293.5,1096615.5,1096211.5
1125058.0,1128238.0,1134735.0,1136057.5,1139698.0,1143079.5,1145075.0,1143104.5,1142328.5,1145015.5,1149027.0,1149088.5,1150136.0,1153801.5,1155051.5,1156478.0,1155608.0,1157819.0,1156554.0,1157819.0,1155608.0,1156478.0,1155051.5,1153801.5,1150136.0,1149088.5,1149027.0,1145015.5,1142328.5,1143104.5,1145075.0,1143079.5,1139698.0,1136057.5,1134735.0,1128238.0
1150890.0,1151293.0,1153510.0,1152413.0,1152684.5,1155168.0,1153042.5,1152705.0,1153134.0,1151931.5,1153822.0,1154564.5,1153246.0,1152057.5,1150667.0,1150096.0,1149988.5,1151144.5,1151335.0,1151144.5,1149988.5,1150096.0,1150667.0,1152057.5,1153246.0,1154564.5,1153822.0,1151931.5,1153134.0,1152705.0,1153042.5,1155168.0,1152684.5,1152413.0,1153510.0,1151293.0
1138677.0,1140730.5,1139370.0,1142249.5,1140158.5,1141134.0,1141384.0,1138161.5,1141950.0,1141340.5,1140502.0,1140266.0,1140550.0,1141649.0,1141187.0,1140312.0,1141884.5,1142071.0,1143815.0,1142071.0,1141884.5,1140312.0,1141187.0,1141649.0,1140550.0,1140266.0,1140502.0,1141340.5,1141950.0,1138161.5,1141384.0,1141134.0,1140158.5,1142249.5,1139370.0,1140730.5
1104921.0,1107140.5,1106240.5,1111149.5,1111600.0,1112033.5,1114121.0,1113142.5,1116640.5,1120336.0,1123937.0,1126134.0,1128724.0,1130166.0,1131260.0,1132430.5,1133164.0,1134310.0,1133974.0,1134310.0,1133164.0,1132430.5,1131260.0,1130166.0,1128724.0,1126134.0,1123937.0,1120336.0,1116640.5,1113142.5,1114121.0,1112033.5,1111600.0,1111149.5,1106240.5,1107140.5
1119895.0,1120660.5,1122199.5,1123571.0,1119989.0,1123007.5,1119934.5,1121659.0,1122865.5,1124895.0,1124229.0,1121699.0,1120142.5,1124956.5,1121380.0,1126607.5,1125633.0,1122973.5,1119770.0,1122973.5,1125633.0,1126607.5,1121380.0,1124956.5,1120142.5,1121699.0,1124229.0,1124895.0,1122865.5,1121659.0,1119934.5,1123007.5,1119989.0,1123571.0,1122199.5,1120660.5
1071458.0,1074287.5,1073249.0,1075422.0,1076529.0,1078965.5,1076515.5,1077757.5,1077934.5,1077744.5,1079608.0,1079424.0,1081290.5,1083806.0,1082306.0,1083246.0,1082157.0,1083570.0,1081783.0,1083570.0,1082157.0,1083246.0,1082306.0,1083806.0,1081290.5,1079424.0,1079608.0,1077744.5,1077934.5,1077757.5,1076515.5,1078965.5,1076529.0,1075422.0,1073249.0,1074287.5
1097915.0,1100084.5,1100770.0,1104694.0,1105223.0,1104645.5,1101833.0,1103300.5,1102304.0,1100362.0,1102047.5,1103088.5,1103006.0,1103400.5,1104780.0,1105452.0,1103178.5,1100011.5,1099909.0,1100011.5,1103178.5,1105452.0,1104780.0,1103400.5,1103006.0,1103088.5,1102047.5,1100362.0,1102304.0,1103300.5,1101833.0,1104645.5,1105223.0,1104694.0,1100770.0,1100084.5
1112435.0,1115746.5,1121334.0,1121230.5,1120368.5,1125434.5,1127543.5,1132650.5,1129121.0,1128834.0,1134503.5,1136676.0,1136847.5,1134612.0,1135121.0,1138220.5,1140495.5,1137951.0,1132443.0,1137951.0,1140495.5,1138220.5,1135121.0,1134612.0,1136847.5,1136676.0,1134503.5,1128834.0,1129121.0,1132650.5,1127543.5,1125434.5,1120368.5,1121230.5,1121334.0,1115746.5
1082479.0,1085000.0,1085871.5,1085600.5,1086021.0,1084542.0,1086992.5,1088066.5,1086323.0,1087440.0,1087400.5,1088519.0,1086218.5,1086137.5,1088305.5,1087981.0,1087590.0,1086885.0,1086045.0,1086885.0,1087590.0,1087981.0,1088305.5,1086137.5,1086218.5,1088519.0,1087400.5,1087440.0,1086323.0,1088066.5,1086992.5,1084542.0,1086021.0,1085600.5,1085871.5,1085000.0
1118005.0,1118951.5,1122212.0,1122642.0,1124282.0,1125540.5,1123458.0,1124976.5,1124822.0,1124027.5,1127309.5,1128497.0,1126664.0,1125832.0,1126001.0,1125933.5,1123123.0,1124182.0,1125289.0,1124182.0,1123123.0,1125933.5,1126001.0,1125832.0,1126664.0,1128497.0,1127309.5,1124027.5,1124822.0,1124976.5,1123458.0,1125540.5,1124282.0,1122642.0,1122212.0,1118951.5
1108223.0,1107973.5,1111450.5,1114445.0,1112587.5,1113306.5,1115035.0,1112824.5,1114189.0,1115587.5,1116618.5,1118722.5,1116455.5,1116509.0,1117154.0,1117656.0,1117718.5,1116731.5,1117016.0,1116731.5,1117718.5,1117656.0,1117154.0,1116509.0,1116455.5,1118722.5,1116618.5,1115587.5,1114189.0,1112824.5,1115035.0,1113306.5,1112587.5,1114445.0,1111450.5,1107973.5
1116957.0,1118535.0,1116304.5,1116749.5,1115144.0,1114879.0,1114765.0,1116711.5,1116816.0,1118472.0,1119019.5,1117842.0,1116751.5,1117943.5,1118527.5,1118937.5,1117299.5,1116665.0,1116090.0,1116665.0,1117299.5,1118937.5,1118527.5,1117943.5,1116751.5,1117842.0,1119019.5,1118472.0,1116816.0,1116711.5,1114765.0,1114879.0,1115144.0,1116749.5,1116304.5,1118535.0
1177837.0,1180707.5,1179288.0,1179466.5,1183909.0,1183480.0,1181802.5,1180357.0,1181491.0,1183612.0,1183355.5,1180572.0,1181277.0,1180619.0,1180856.0,1180240.0,1181067.5,1183100.5,1180745.0,1183100.5,1181067.5,1180240.0,1180856.0,1180619.0,1181277.0,1180572.0,1183355.5,1183612.0,1181491.0,1180357.0,1181802.5,1183480.0,1183909.0,1179466.5,1179288.0,1180707.5
1100259.0,1102412.5,1105461.5,1107042.0,1109191.0,1107457.5,1109563.0,1109503.0,1107133.0,1108257.5,1108934.0,1107292.0,1108899.0,1108275.0,1108577.0,1111104.0,1111975.5,1115096.5,1116993.0,1115096.5,1111975.5,1111104.0,1108577.0,1108275.0,1108899.0,1107292.0,1108934.0,1108257.5,1107133.0,1109503.0,1109563.0,1107457.5,1109191.0,1107042.0,1105461.5,1102412.5
1086560.0,1087845.0,1089957.0,1092902.0,1092011.5,1092758.5,1094929.5,1095271.5,1097275.5,1093546.5,1093596.5,1095045.5,1097727.5,1098568.5,1096063.0,1097067.0,1095902.5,1094693.5,1097230.0,1094693.5,1095902.5,1097067.0,1096063.0,1098568.5,1097727.5,1095045.5,1093596.5,1093546.5,1097275.5,1095271.5,1094929.5,1092758.5,1092011.5,1092902.0,1089957.0,1087845.0
1109469.0,1111155.0,1109566.0,1111954.5,1112828.0,1115765.0,1116399.0,1116299.0,1117707.5,1117352.5,1116373.5,1117237.0,1117835.5,1116142.0,1116141.0,1116263.5,1113961.0,1110625.0,1111495.0,1110625.0,1113961.0,1116263.5,1116141.0,1116142.0,1117835.5,1117237.0,1116373.5,1117352.5,1117707.5,1116299.0,1116399.0,1115765.0,1112828.0,1111954.5,1109566.0,1111155.0
1121867.0,1121905.5,1118973.0,1117975.5,1120032.5,1119644.0,1121172.5,1123659.0,1124131.0,1124084.5,1123419.5,1122410.5,1122502.0,1124650.0,1126379.5,1127373.5,1126923.0,1127061.5,1125955.0,1127061.5,1126923.0,1127373.5,1126379.5,1124650.0,1122502.0,1122410.5,1123419.5,1124084.5,1124131.0,1123659.0,1121172.5,1119644.0,1120032.5,1117975.5,1118973.0,1121905.5
1143428.0,1144027.0,1144870.5,1143742.0,1145867.0,1146693.5,1148184.5,1147817.5,1148325.5,1147526.5,1146062.0,1147195.0,1147998.0,1151199.0,1151240.5,1150673.5,1149431.0,1145922.5,1143811.0,1145922.5,1149431.0,1150673.5,1151240.5,1151199.0,1147998.0,1147195.0,1146062.0,1147526.5,1148325.5,1147817.5,1148184.5,1146693.5,1145867.0,1143742.0,1144870.5,1144027.0
1101986.0,1105223.5,1102056.5,1102645.0,1102889.0,1103105.0,1102558.0,1102937.0,1100759.5,1100740.5,1101497.0,1098477.0,1101694.5,1100756.0,1103106.0,1101098.0,1100156.0,1099729.0,1100991.0,1099729.0,1100156.0,1101098.0,1103106.0,1100756.0,1101694.5,1098477.0,1101497.0,1100740.5,1100759.5,1102937.0,1102558.0,1103105.0,1102889.0,1102645.0,1102056.5,1105223.5
1101816.0,1102117.5,1101066.0,1103458.5,1102092.5,1103555.5,1104332.5,1104828.5,1102824.0,1102424.5,1103683.0,1103936.5,1104333.5,1105105.0,1106106.0,1104766.5,1104512.0,1104635.5,1104337.0,1104635.5,1104512.0,1104766.5,1106106.0,1105105.0,1104333.5,1103936.5,1103683.0,1102424.5,1102824.0,1104828.5,1104332.5,1103555.5,1102092.5,1103458.5,1101066.0,1102117.5
1119188.0,1120552.0,1125819.5,1127409.5,1129417.5,1131268.0,1128813.5,1126571.5,1127864.0,1129577.5,1132556.5,1134134.0,1135599.0,1135781.0,1133144.0,1135115.5,1134001.0,1134380.0,1136740.0,1134380.0,1134001.0,1135115.5,1133144.0,1135781.0,1135599.0,1134134.0,1132556.5,1129577.5,1127864.0,1126571.5,1128813.5,1131268.0,1129417.5,1127409.5,1125819.5,1120552.0
1079680.0,1082633.0,1081254.0,1085015.5,1083813.5,1085220.0,1084494.0,1086324.0,1086215.0,1086017.5,1086765.0,1086243.5,1087317.5,1088246.5,1089431.5,1087955.0,1090141.0,1085941.0,1088753.0,1085941.0,1090141.0,1087955.0,1089431.5,1088246.5,1087317.5,1086243.5,1086765.0,1086017.5,1086215.0,1086324.0,1084494.0,1085220.0,1083813.5,1085015.5,1081254.0,1082633.0
1136814.0,1135967.5,1137646.5,1135233.0,1138096.0,1138383.5,1137997.0,1137512.5,1139756.5,1139073.0,1136619.5,1139651.0,1138724.5,1135018.0,1136511.5,1137410.5,1136107.5,1138498.0,1139582.0,1138498.0,1136107.5,1137410.5,1136511.5,1135018.0,1138724.5,1139651.0,1136619.5,1139073.0,1139756.5,1137512.5,1137997.0,1138383.5,1138096.0,1135233.0,1137646.5,1135967.5
1156349.0,1158450.0,1160409.5,1160731.0,1159571.0,1160700.5,1158460.5,1159586.0,1161105.0,1161475.0,1160004.5,1160743.5,1160838.5,1159703.5,1159581.0,1159560.0,1159276.0,1155943.5,1156329.0,1155943.5,1159276.0,1159560.0,1159581.0,1159703.5,1160838.5,1160743.5,1160004.5,1161475.0,1161105.0,1159586.0,1158460.5,1160700.5,1159571.0,1160731.0,1160409.5,1158450.0
1124510.0,1124748.5,1125507.5,1125773.0,1125166.5,1126761.0,1125516.5,1125345.0,1126581.0,1126373.5,1126071.0,1125994.0,1125207.0,1125407.0,1126273.5,1126618.5,1124648.5,1123271.5,1124863.0,1123271.5,1124648.5,1126618.5,1126273.5,1125407.0,1125207.0,1125994.0,1126071.0,1126373.5,1126581.0,1125345.0,1125516.5,1126761.0,1125166.5,1125773.0,1125507.5,1124748.5
1141098.0,1143293.0,1149043.0,1150510.0,1152139.0,1150185.5,1149353.0,1146133.0,1147723.0,1150967.5,1149787.5,1146224.0,1144445.5,1146839.5,1147855.5,1148210.0,1148935.0,1149946.5,1148873.0,1149946.5,1148935.0,1148210.0,1147855.5,1146839.5,1144445.5,1146224.0,1149787.5,1150967.5,1147723.0,1146133.0,1149353.0,1150185.5,1152139.0,1150510.0,1149043.0,1143293.0
1128524.0,1130619.0,1126826.0,1126501.0,1128637.0,1129745.0,1133019.5,1131276.0,1129860.0,1129341.0,1131893.0,1131909.0,1129736.0,1129904.0,1127817.0,1128355.0,1130231.5,1126235.5,1128087.0,1126235.5,1130231.5,1128355.0,1127817.0,1129904.0,1129736.0,1131909.0,1131893.0,1129341.0,1129860.0,1131276.0,1133019.5,1129745.0,1128637.0,1126501.0,1126826.0,1130619.0
1095916.0,1100061.0,1100793.0,1101326.5,1102815.5,1103425.0,1105421.5,1104296.0,1105099.0,1103490.5,1107068.0,1107250.0,1106811.5,1104374.0,1101560.0,1101552.0,1099011.0,1100396.5,1098690.0,1100396.5,1099011.0,1101552.0,1101560.0,1104374.0,1106811.5,1107250.0,1107068.0,1103490.5,1105099.0,1104296.0,1105421.5,1103425.0,1102815.5,1101326.5,1100793.0,1100061.0
1106847.0,1112716.0,1111711.0,1111517.0,1113276.5,1111706.5,1113603.5,1115636.5,1111733.5,1115431.0,1118150.0,1116353.0,1117914.5,1117769.0,1115384.5,1117993.0,1115948.5,1116553.0,1118655.0,1116553.0,1115948.5,1117993.0,1115384.5,1117769.0,1117914.5,1116353.0,1118150.0,1115431.0,1111733.5,1115636.5,1113603.5,1111706.5,1113276.5,1111517.0,1111711.0,1112716.0
1067734.0,1069398.5,1070832.5,1071007.0,1070093.5,1069488.0,1071779.0,1072600.0,1072806.0,1073849.0,1071970.5,1072193.5,1072483.5,1070896.5,1072899.0,1073687.0,1074910.0,1076042.5,1074810.0,1076042.5,1074910.0,1073687.0,1072899.0,1070896.5,1072483.5,1072193.5,1071970.5,1073849.0,1072806.0,1072600.0,1071779.0,1069488.0,1070093.5,1071007.0,1070832.5,1069398.5
1094264.0,1096411.5,1097994.0,1098089.5,1096007.0,1094526.0,1095911.0,1098641.0,1097817.5,1098625.5,1096299.0,1095010.5,1094333.5,1094724.0,1096241.5,1094076.5,1094775.0,1096088.5,1095249.0,1096088.5,1094775.0,1094076.5,1096241.5,1094724.0,1094333.5,1095010.5,1096299.0,1098625.5,1097817.5,1098641.0,1095911.0,1094526.0,1096007.0,1098089.5,1097994.0,1096411.5
1134208.0,1135963.5,1138304.0,1138865.5,1139112.5,1140598.5,1140966.0,1138245.5,1138667.0,1139222.0,1141836.0,1142282.5,1140876.0,1141338.5,1143946.0,1143181.0,1147285.0,1143709.0,1142123.0,1143709.0,1147285.0,1143181.0,1143946.0,1141338.5,1140876.0,1142282.5,1141836.0,1139222.0,1138667.0,1138245.5,1140966.0,1140598.5,1139112.5,1138865.5,1138304.0,1135963.5
1096075.0,1094542.0,1096923.5,1100670.0,1101549.5,1101202.5,1102404.5,1104117.0,1103510.0,1102330.0,1103535.5,1104041.5,1103767.0,1100691.0,1101545.5,1103098.0,1102305.0,1103992.0,1105028.0,1103992.0,1102305.0,1103098.0,1101545.5,1100691.0,1103767.0,1104041.5,1103535.5,1102330.0,1103510.0,1104117.0,1102404.5,1101202.5,1101549.5,1100670.0,1096923.5,1094542.0
1070454.0,1071882.0,1072608.0,1072252.5,1074300.0,1075085.0,1075564.0,1076304.5,1076287.0,1079162.0,1077621.0,1079808.5,1077643.0,1077252.0,1076854.5,1075852.0,1077616.5,1077200.5,1078154.0,1077200.5,1077616.5,1075852.0,1076854.5,1077252.0,1077643.0,1079808.5,1077621.0,1079162.0,1076287.0,1076304.5,1075564.0,1075085.0,1074300.0,1072252.5,1072608.0,1071882.0
1077574.0,1079919.5,1078668.0,1077831.0,1079338.5,1080313.5,1079439.5,1080166.5,1079793.5,1081093.5,1081188.5,1083999.0,1081203.5,1080062.0,1081934.5,1080860.5,1082009.0,1081421.5,1079638.0,1081421.5,1082009.0,1080860.5,1081934.5,1080062.0,1081203.5,1083999.0,1081188.5,1081093.5,1079793.5,1080166.5,1079439.5,1080313.5,1079338.5,1077831.0,1078668.0,1079919.5
1170438.0,1172119.0,1173465.0,1176306.0,1178267.0,1182155.5,1187909.5,1191658.0,1192211.0,1198220.0,1201873.5,1202518.5,1203474.0,1205472.5,1206268.0,1203315.0,1202784.0,1201515.0,1201375.0,1201515.0,1202784.0,1203315.0,1206268.0,1205472.5,1203474.0,1202518.5,1201873.5,1198220.0,1192211.0,1191658.0,1187909.5,1182155.5,1178267.0,1176306.0,1173465.0,1172119.0
1138026.0,1141746.5,1145056.0,1144553.0,1147270.0,1148441.5,1147101.5,1148765.5,1150477.0,1153256.5,1156034.0,1160006.0,1160542.5,1158929.0,1160592.5,1161427.5,1162707.0,1165049.5,1167155.0,1165049.5,1162707.0,1161427.5,1160592.5,1158929.0,1160542.5,1160006.0,1156034.0,1153256.5,1150477.0,1148765.5,1147101.5,1148441.5,1147270.0,1144553.0,1145056.0,1141746.5
1135508.0,1138626.5,1140612.5,1139571.5,1141639.0,1142134.5,1141807.0,1143326.5,1145366.0,1147628.0,1146609.5,1147985.5,1149989.5,1149741.0,1154680.0,1155135.5,1152493.0,1154096.0,1151465.0,1154096.0,1152493.0,1155135.5,1154680.0,1149741.0,1149989.5,1147985.5,1146609.5,1147628.0,1145366.0,1143326.5,1141807.0,1142134.5,1141639.0,1139571.5,1140612.5,1138626.5
1141992.0,1145728.0,1147190.5,1149881.0,1152237.0,1151730.0,1149070.0,1151690.0,1151953.5,1150916.5,1152084.5,1152241.0,1149307.5,1150738.5,1152490.0,1152625.5,1153911.5,1153389.5,1152369.0,1153389.5,1153911.5,1152625.5,1152490.0,1150738.5,1149307.5,1152241.0,1152084.5,1150916.5,1151953.5,1151690.0,1149070.0,1151730.0,1152237.0,1149881.0,1147190.5,1145728.0
1113012.0,1116021.0,1117245.5,1116887.5,1120579.5,1123429.0,1122305.0,1119543.5,1121022.5,1118610.0,1122532.5,1123591.5,1121175.5,1118895.0,1120926.5,1123115.0,1122779.5,1118909.0,1116886.0,1118909.0,1122779.5,1123115.0,1120926.5,1118895.0,1121175.5,1123591.5,1122532.5,1118610.0,1121022.5,1119543.5,1122305.0,1123429.0,1120579.5,1116887.5,1117245.5,1116021.0
1098604.0,1098618.0,1102668.0,1104943.0,1107983.0,1107605.5,1107057.0,1108507.5,1107173.5,1106789.0,1107492.0,1105266.0,1104148.0,1101607.5,1101547.0,1103946.5,1103693.0,1106284.0,1106019.0,1106284.0,1103693.0,1103946.5,1101547.0,1101607.5,1104148.0,1105266.0,1107492.0,1106789.0,1107173.5,1108507.5,1107057.0,1107605.5,1107983.0,1104943.0,1102668.0,1098618.0
1144657.0,1147017.0,1147452.5,1147335.0,1150215.0,1147384.0,1150511.5,1150067.5,1149260.5,1152213.5,1150725.0,1150935.0,1149835.0,1148582.5,1151368.0,1151988.0,1152045.0,1152951.5,1148434.0,1152951.5,1152045.0,1151988.0,1151368.0,1148582.5,1149835.0,1150935.0,1150725.0,1152213.5,1149260.5,1150067.5,1150511.5,1147384.0,1150215.0,1147335.0,1147452.5,1147017.0
1133253.0,1135092.5,1133333.0,1129334.5,1133649.0,1133294.5,1130628.0,1129877.5,1132441.0,1134031.5,1133698.0,1133102.0,1134948.0,1136575.0,1136845.5,1137335.0,1135601.5,1135229.5,1136749.0,1135229.5,1135601.5,1137335.0,1136845.5,1136575.0,1134948.0,1133102.0,1133698.0,1134031.5,1132441.0,1129877.5,1130628.0,1133294.5,1133649.0,1129334.5,1133333.0,1135092.5
1134082.0,1137196.0,1141874.0,1144287.0,1144544.0,1141154.5,1139896.5,1140933.5,1140683.5,1142828.5,1139778.0,1138394.0,1140535.5,1138297.5,1138497.0,1139123.0,1141089.5,1145467.0,1146488.0,1145467.0,1141089.5,1139123.0,1138497.0,1138297.5,1140535.5,1138394.0,1139778.0,1142828.5,1140683.5,1140933.5,1139896.5,1141154.5,1144544.0,1144287.0,1141874.0,1137196.0
1091093.0,1094005.0,1096446.5,1098185.5,1102795.5,1106656.0,1106432.0,1105478.5,1104242.0,1106407.0,1109391.5,1108360.0,1109171.5,1108852.0,1109316.5,1106038.0,1102908.0,1101623.0,1101880.0,1101623.0,1102908.0,1106038.0,1109316.5,1108852.0,1109171.5,1108360.0,1109391.5,1106407.0,1104242.0,1105478.5,1106432.0,1106656.0,1102795.5,1098185.5,1096446.5,1094005.0
1189229.0,1191987.5,1192986.5,1191428.0,1190163.0,1193133.5,1194374.5,1193974.5,1195753.5,1196338.5,1198796.0,1202302.0,1202531.5,1204665.0,1205271.5,1205565.5,1203467.5,1204061.5,1205355.0,1204061.5,1203467.5,1205565.5,1205271.5,1204665.0,1202531.5,1202302.0,1198796.0,1196338.5,1195753.5,1193974.5,1194374.5,1193133.5,1190163.0,1191428.0,1192986.5,1191987.5
1085432.0,1088462.5,1087058.5,1090028.5,1089529.5,1089786.5,1091300.5,1091597.0,1093851.5,1092312.5,1095736.0,1095660.5,1098976.5,1099696.0,1098601.5,1099393.0,1098035.0,1098563.5,1096144.0,1098563.5,1098035.0,1099393.0,1098601.5,1099696.0,1098976.5,1095660.5,1095736.0,1092312.5,1093851.5,1091597.0,1091300.5,1089786.5,1089529.5,1090028.5,1087058.5,1088462.5
1153677.0,1157608.0,1158511.0,1159638.5,1161189.0,1160324.0,1163096.0,1166280.0,1167114.5,1169117.5,1168566.5,1167480.0,1168317.0,1168307.0,1165357.5,1167193.5,1166389.5,1164263.5,1166629.0,1164263.5,1166389.5,1167193.5,1165357.5,1168307.0,1168317.0,1167480.0,1168566.5,1169117.5,1167114.5,1166280.0,1163096.0,1160324.0,1161189.0,1159638.5,1158511.0,1157608.0
1108245.0,1108922.0,1108696.0,1113138.5,1116731.5,1119554.5,1121999.5,1126901.0,1128661.5,1134848.5,1134538.5,1134462.5,1134313.0,1137372.5,1137500.5,1135777.5,1135977.5,1133789.5,1132438.0,1133789.5,1135977.5,1135777.5,1137500.5,1137372.5,1134313.0,1134462.5,1134538.5,1134848.5,1128661.5,1126901.0,1121999.5,1119554.5,1116731.5,1113138.5,1108696.0,1108922.0
1148941.0,1150191.5,1154765.0,1153516.5,1155037.5,1157218.5,1162155.0,1163307.5,1162850.5,1161897.5,1164226.0,1167018.0,1166680.5,1167698.0,1168233.5,1173563.5,1175551.0,1177321.0,1173639.0,1177321.0,1175551.0,1173563.5,1168233.5,1167698.0,1166680.5,1167018.0,1164226.0,1161897.5,1162850.5,1163307.5,1162155.0,1157218.5,1155037.5,1153516.5,1154765.0,1150191.5
1133928.0,1136040.0,1135932.0,1139817.0,1140850.5,1143335.5,1141826.5,1142471.5,1142972.5,1142327.5,1140954.0,1141039.5,1141607.5,1143178.0,1140842.0,1141973.5,1139947.0,1142250.0,1139887.0,1142250.0,1139947.0,1141973.5,1140842.0,1143178.0,1141607.5,1141039.5,1140954.0,1142327.5,1142972.5,1142471.5,1141826.5,1143335.5,1140850.5,1139817.0,1135932.0,1136040.0
1168811.0,1171603.0,1174867.0,1178552.0,1178226.0,1179362.0,1180608.5,1180356.5,1176780.5,1175170.0,1174483.0,1176625.5,1179244.0,1183027.0,1182709.0,1180182.0,1177738.5,1179080.0,1179784.0,1179080.0,1177738.5,1180182.0,1182709.0,1183027.0,1179244.0,1176625.5,1174483.0,1175170.0,1176780.5,1180356.5,1180608.5,1179362.0,1178226.0,1178552.0,1174867.0,1171603.0
1109415.0,1111442.0,1111263.5,1113365.0,1116759.0,1118072.0,1119363.5,1119860.0,1120517.0,1119132.5,1119966.0,1122164.0,1122263.0,1121726.0,1121286.5,1119571.5,1118843.5,1120103.0,1119739.0,1120103.0,1118843.5,1119571.5,1121286.5,1121726.0,1122263.0,1122164.0,1119966.0,1119132.5,1120517.0,1119860.0,1119363.5,1118072.0,1116759.0,1113365.0,1111263.5,1111442.0
1116514.0,1118357.0,1118307.5,1121435.0,1124720.5,1124708.5,1125523.0,1125240.0,1127556.0,1128818.5,1132147.5,1134033.5,1136624.0,1138209.5,1139008.0,1139951.5,1142056.5,1143428.5,1143272.0,1143428.5,1142056.5,1139951.5,1139008.0,1138209.5,1136624.0,1134033.5,1132147.5,1128818.5,1127556.0,1125240.0,1125523.0,1124708.5,1124720.5,1121435.0,1118307.5,1118357.0
1131948.0,1134439.0,1134196.5,1136752.0,1139228.0,1140409.5,1140205.0,1140790.0,1142439.5,1141518.5,1143081.0,1143491.0,1141624.5,1138680.0,1136619.5,1137709.0,1133445.0,1135016.0,1135964.0,1135016.0,1133445.0,1137709.0,1136619.5,1138680.0,1141624.5,1143491.0,1143081.0,1141518.5,1142439.5,1140790.0,1140205.0,1140409.5,1139228.0,1136752.0,1134196.5,1134439.0
1119458.0,1122730.0,1124414.5,1125453.0,1124832.5,1125266.0,1124655.5,1124362.0,1125328.0,1125070.0,1125623.0,1128275.5,1128849.5,1128849.5,1128072.0,1129628.0,1127774.5,1123473.5,1123974.0,1123473.5,1127774.5,1129628.0,1128072.0,1128849.5,1128849.5,1128275.5,1125623.0,1125070.0,1125328.0,1124362.0,1124655.5,1125266.0,1124832.5,1125453.0,1124414.5,1122730.0
1092081.0,1093268.5,1093973.0,1097427.0,1099122.0,1097918.5,1099673.5,1102351.5,1104136.0,1103010.0,1102149.5,1102839.5,1102290.0,1101036.0,1101047.0,1099870.5,1098953.0,1101253.5,1102369.0,1101253.5,1098953.0,1099870.5,1101047.0,1101036.0,1102290.0,1102839.5,1102149.5,1103010.0,1104136.0,1102351.5,1099673.5,1097918.5,1099122.0,1097427.0,1093973.0,1093268.5
1113977.0,1115712.5,1119217.0,1122488.0,1124107.0,1124173.0,1121552.0,1120785.0,1118154.0,1119128.5,1120758.5,1123063.5,1124893.0,1123240.5,1121215.0,1120688.0,1121863.0,1122333.0,1124580.0,1122333.0,1121863.0,1120688.0,1121215.0,1123240.5,1124893.0,1123063.5,1120758.5,1119128.5,1118154.0,1120785.0,1121552.0,1124173.0,1124107.0,1122488.0,1119217.0,1115712.5
1099004.0,1102574.5,1104149.5,1105398.0,1105953.5,1106705.0,1110021.0,1107532.0,1107153.5,1108320.5,1109984.5,1111665.0,1110331.0,1112612.0,1112667.0,1111218.0,1110592.0,1109817.0,1109396.0,1109817.0,1110592.0,1111218.0,1112667.0,1112612.0,1110331.0,1111665.0,1109984.5,1108320.5,1107153.5,1107532.0,1110021.0,1106705.0,1105953.5,1105398.0,1104149.5,1102574.5
1142077.0,1144143.0,1144334.0,1148260.5,1151997.0,1153076.0,1152457.0,1155966.5,1154529.5,1154742.0,1157868.0,1156641.5,1158417.5,1155114.0,1151937.0,1151306.5,1147532.0,1147764.5,1149980.0,1147764.5,1147532.0,1151306.5,1151937.0,1155114.0,1158417.5,1156641.5,1157868.0,1154742.0,1154529.5,1155966.5,1152457.0,1153076.0,1151997.0,1148260.5,1144334.0,1144143.0
1095073.0,1096298.0,1098710.0,1100046.0,1099916.5,1101651.0,1102369.0,1102055.5,1102244.5,1101178.5,1101610.0,1101871.0,1103822.0,1104052.5,1102918.5,1102791.5,1103372.0,1102220.0,1099862.0,1102220.0,1103372.0,1102791.5,1102918.5,1104052.5,1103822.0,1101871.0,1101610.0,1101178.5,1102244.5,1102055.5,1102369.0,1101651.0,1099916.5,1100046.0,1098710.0,1096298.0
1093052.0,1092869.0,1096416.5,1098540.0,1100641.5,1105026.0,1106621.5,1106168.0,1104574.0,1105332.5,1103817.5,1105769.0,1102842.5,1102121.5,1099351.0,1099818.5,1096999.5,1095069.5,1095424.0,1095069.5,1096999.5,1099818.5,1099351.0,1102121.5,1102842.5,1105769.0,1103817.5,1105332.5,1104574.0,1106168.0,1106621.5,1105026.0,1100641.5,1098540.0,1096416.5,1092869.0
1116683.0,1116247.5,1116160.0,1119820.0,1121477.5,1122263.5,1124019.0,1125064.0,1125495.5,1127049.0,1125851.5,1125609.5,1126326.5,1125649.5,1125710.0,1127369.5,1129531.5,1128904.0,1129157.0,1128904.0,1129531.5,1127369.5,1125710.0,1125649.5,1126326.5,1125609.5,1125851.5,1127049.0,1125495.5,1125064.0,1124019.0,1122263.5,1121477.5,1119820.0,1116160.0,1116247.5
1108045.0,1109546.5,1110174.0,1111793.5,1111035.0,1110457.5,1112479.0,1114464.5,1112232.0,1114102.5,1112919.0,1113947.5,1116628.0,1117694.5,1117086.5,1114654.5,1114115.5,1115628.0,1115347.0,1115628.0,1114115.5,1114654.5,1117086.5,1117694.5,1116628.0,1113947.5,1112919.0,1114102.5,1112232.0,1114464.5,1112479.0,1110457.5,1111035.0,1111793.5,1110174.0,1109546.5
1107502.0,1111090.0,1111129.5,1113160.5,1113437.5,1114422.0,1114593.0,1119349.5,1122265.0,1128377.5,1130013.0,1132704.5,1135841.5,1140549.0,1145864.5,1146789.5,1149879.5,1147646.0,1147566.0,1147646.0,1149879.5,1146789.5,1145864.5,1140549.0,1135841.5,1132704.5,1130013.0,1128377.5,1122265.0,1119349.5,1114593.0,1114422.0,1113437.5,1113160.5,1111129.5,1111090.0
1119428.0,1122941.0,1125737.5,1125458.0,1126062.5,1125862.0,1123888.0,1126402.0,1126744.5,1132051.0,1131532.5,1130795.5,1129873.0,1131033.0,1131517.5,1132177.5,1132008.5,1131512.0,1130268.0,1131512.0,1132008.5,1132177.5,1131517.5,1131033.0,1129873.0,1130795.5,1131532.5,1132051.0,1126744.5,1126402.0,1123888.0,1125862.0,1126062.5,1125458.0,1125737.5,1122941.0
1108746.0,1110405.5,1110603.0,1111572.0,1114057.0,1117923.5,1121045.0,1121994.0,1127496.0,1130562.5,1132873.5,1135633.0,1138222.5,1140390.5,1144303.0,1143062.5,1145101.5,1143581.5,1144931.0,1143581.5,1145101.5,1143062.5,1144303.0,1140390.5,1138222.5,1135633.0,1132873.5,1130562.5,1127496.0,1121994.0,1121045.0,1117923.5,1114057.0,1111572.0,1110603.0,1110405.5
1117170.0,1122278.0,1120780.5,1122149.5,1123789.0,1123158.0,1122176.5,1120870.5,1120743.0,1120323.0,1122419.5,1120473.5,1125094.0,1126326.0,1121142.0,1123021.5,1121972.0,1118072.0,1117285.0,1118072.0,1121972.0,1123021.5,1121142.0,1126326.0,1125094.0,1120473.5,1122419.5,1120323.0,1120743.0,1120870.5,1122176.5,1123158.0,1123789.0,1122149.5,1120780.5,1122278.0
1089733.0,1090679.0,1092641.0,1096022.0,1096684.5,1097703.0,1096847.0,1097040.5,1096407.0,1096774.5,1094949.0,1093337.5,1095532.5,1094672.5,1097887.0,1098176.5,1097725.5,1096639.5,1095442.0,1096639.5,1097725.5,1098176.5,1097887.0,1094672.5,1095532.5,1093337.5,1094949.0,1096774.5,1096407.0,1097040.5,1096847.0,1097703.0,1096684.5,1096022.0,1092641.0,1090679.0
1105867.0,1105750.5,1110476.0,1108869.5,1110346.0,1113261.5,1112278.0,1111942.0,1111286.5,1112544.5,1110394.5,1110507.5,1111112.5,1112111.0,1110288.0,1113067.5,1112144.5,1114450.0,1111993.0,1114450.0,1112144.5,1113067.5,1110288.0,1112111.0,1111112.5,1110507.5,1110394.5,1112544.5,1111286.5,1111942.0,1112278.0,1113261.5,1110346.0,1108869.5,1110476.0,1105750.5
1139758.0,1142322.5,1147570.5,1146572.0,1146126.0,1145232.0,1144597.0,1146525.0,1145058.5,1144739.0,1144399.5,1143866.0,1146836.0,1146471.0,1148359.5,1147209.0,1146536.0,1146678.5,1147960.0,1146678.5,1146536.0,1147209.0,1148359.5,1146471.0,1146836.0,1143866.0,1144399.5,1144739.0,1145058.5,1146525.0,1144597.0,1145232.0,1146126.0,1146572.0,1147570.5,1142322.5
1111948.0,1116363.5,1118106.0,1123805.0,1129393.5,1133454.5,1141941.5,1148651.5,1153406.0,1161203.0,1161879.0,1163084.5,1163981.0,1165881.5,1165917.0,1166345.5,1165356.0,1163510.0,1163456.0,1163510.0,1165356.0,1166345.5,1165917.0,1165881.5,1163981.0,1163084.5,1161879.0,1161203.0,1153406.0,1148651.5,1141941.5,1133454.5,1129393.5,1123805.0,1118106.0,1116363.5
1095161.0,1100608.5,1102001.5,1104157.0,1107165.0,1106911.5,1108498.5,1109186.5,1108686.5,1106667.5,1106596.5,1106608.5,1110560.0,1108546.0,1106757.5,1105902.5,1103966.5,1105428.0,1108663.0,1105428.0,1103966.5,1105902.5,1106757.5,1108546.0,1110560.0,1106608.5,1106596.5,1106667.5,1108686.5,1109186.5,1108498.5,1106911.5,1107165.0,1104157.0,1102001.5,1100608.5
1145596.0,1148469.5,1151925.5,1150443.0,1149291.0,1152080.5,1150290.0,1151783.0,1153559.0,1155408.0,1155657.0,1154589.0,1151742.5,1151798.0,1152765.5,1153199.0,1148498.5,1147016.0,1148010.0,1147016.0,1148498.5,1153199.0,1152765.5,1151798.0,1151742.5,1154589.0,1155657.0,1155408.0,1153559.0,1151783.0,1150290.0,1152080.5,1149291.0,1150443.0,1151925.5,1148469.5
1087292.0,1087906.0,1086148.5,1089794.0,1093319.0,1093683.5,1095640.0,1098249.5,1098223.5,1096413.5,1097308.0,1095745.0,1095021.5,1095039.0,1098847.5,1102252.5,1104087.0,1106615.0,1108954.0,1106615.0,1104087.0,1102252.5,1098847.5,1095039.0,1095021.5,1095745.0,1097308.0,1096413.5,1098223.5,1098249.5,1095640.0,1093683.5,1093319.0,1089794.0,1086148.5,1087906.0
1078871.0,1082805.0,1085969.0,1086946.5,1088497.0,1089050.0,1089128.0,1086035.0,1083432.0,1082172.0,1083174.5,1084409.0,1087501.5,1088386.5,1089137.5,1087594.0,1084303.5,1082448.0,1083255.0,1082448.0,1084303.5,1087594.0,1089137.5,1088386.5,1087501.5,1084409.0,1083174.5,1082172.0,1083432.0,1086035.0,1089128.0,1089050.0,1088497.0,1086946.5,1085969.0,1082805.0
1131123.0,1133604.5,1134084.0,1134279.0,1134459.0,1135519.0,1136264.5,1135590.0,1135542.0,1134641.0,1136699.0,1135407.5,1134193.5,1136438.0,1136825.5,1135600.0,1136572.0,1137130.5,1137131.0,1137130.5,1136572.0,1135600.0,1136825.5,1136438.0,1134193.5,1135407.5,1136699.0,1134641.0,1135542.0,1135590.0,1136264.5,1135519.0,1134459.0,1134279.0,1134084.0,1133604.5
1099973.0,1100807.0,1101065.0,1100873.0,1099034.0,1101644.5,1103567.5,1104509.5,1105400.5,1109578.0,1109121.0,1108970.0,1111821.0,1110558.0,1112517.0,1113691.5,1114453.0,1114330.5,1117033.0,1114330.5,1114453.0,1113691.5,1112517.0,1110558.0,1111821.0,1108970.0,1109121.0,1109578.0,1105400.5,1104509.5,1103567.5,1101644.5,1099034.0,1100873.0,1101065.0,1100807.0
1092999.0,1094347.5,1097140.5,1101901.5,1103645.0,1105603.0,1106001.0,1109306.5,1111838.0,1116178.5,1120003.5,1123124.0,1123037.0,1124038.5,1122774.5,1123788.5,1124472.0,1127211.0,1127930.0,1127211.0,1124472.0,1123788.5,1122774.5,1124038.5,1123037.0,1123124.0,1120003.5,1116178.5,1111838.0,1109306.5,1106001.0,1105603.0,1103645.0,1101901.5,1097140.5,1094347.5
1111766.0,1112137.0,1113540.0,1113920.5,1113891.5,1111775.5,1112303.0,1111403.0,1113567.5,1113685.5,1114029.0,1115138.0,1115885.5,1116796.5,1117753.5,1116356.5,1114644.5,1117147.5,1113285.0,1117147.5,1114644.5,1116356.5,1117753.5,1116796.5,1115885.5,1115138.0,1114029.0,1113685.5,1113567.5,1111403.0,1112303.0,1111775.5,1113891.5,1113920.5,1113540.0,1112137.0
1138356.0,1140643.0,1141266.0,1141867.5,1146761.5,1150593.0,1152244.0,1151466.0,1152959.0,1153652.0,1156012.0,1154136.5,1154781.5,1153283.0,1155231.5,1155801.0,1153771.5,1153623.0,1151624.0,1153623.0,1153771.5,1155801.0,1155231.5,1153283.0,1154781.5,1154136.5,1156012.0,1153652.0,1152959.0,1151466.0,1152244.0,1150593.0,1146761.5,1141867.5,1141266.0,1140643.0
1053938.0,1057436.0,1060206.0,1063523.0,1065073.0,1068482.0,1071279.5,1074386.5,1075874.0,1077305.5,1078114.5,1078951.0,1080674.5,1079160.0,1079192.0,1081871.0,1082654.5,1084245.5,1084457.0,1084245.5,1082654.5,1081871.0,1079192.0,1079160.0,1080674.5,1078951.0,1078114.5,1077305.5,1075874.0,1074386.5,1071279.5,1068482.0,1065073.0,1063523.0,1060206.0,1057436.0
1081464.0,1084932.0,1084365.5,1084768.5,1082585.5,1080642.0,1082221.5,1082831.5,1085529.0,1085887.5,1083274.5,1085240.0,1083765.0,1083594.5,1083732.0,1081649.0,1081118.5,1079390.0,1079583.0,1079390.0,1081118.5,1081649.0,1083732.0,1083594.5,1083765.0,1085240.0,1083274.5,1085887.5,1085529.0,1082831.5,1082221.5,1080642.0,1082585.5,1084768.5,1084365.5,1084932.0
1150871.0,1149829.0,1152700.5,1153907.5,1155753.0,1156072.5,1153405.0,1154259.5,1152427.0,1151968.5,1152912.5,1152590.0,1154111.5,1152708.0,1152452.5,1152327.0,1151859.0,1152518.0,1150739.0,1152518.0,1151859.0,1152327.0,1152452.5,1152708.0,1154111.5,1152590.0,1152912.5,1151968.5,1152427.0,1154259.5,1153405.0,1156072.5,1155753.0,1153907.5,1152700.5,1149829.0
1147242.0,1147714.5,1147421.0,1149357.0,1151223.5,1152950.0,1153948.0,1155625.5,1156188.0,1152272.5,1153173.0,1156199.5,1155908.0,1154384.0,1160305.5,1158788.0,1157782.0,1157984.0,1160338.0,1157984.0,1157782.0,1158788.0,1160305.5,1154384.0,1155908.0,1156199.5,1153173.0,1152272.5,1156188.0,1155625.5,1153948.0,1152950.0,1151223.5,1149357.0,1147421.0,1147714.5
1133034.0,1132407.0,1135623.5,1134983.5,1135584.5,1134098.5,1132205.5,1131687.0,1132370.0,1133080.0,1133290.5,1134698.5,1135115.5,1136605.0,1137360.0,1136321.5,1135509.5,1136292.5,1133447.0,1136292.5,1135509.5,1136321.5,1137360.0,1136605.0,1135115.5,1134698.5,1133290.5,1133080.0,1132370.0,1131687.0,1132205.5,1134098.5,1135584.5,1134983.5,1135623.5,1132407.0
1110122.0,1114438.0,1114723.0,1117277.5,1116387.0,1116609.5,1117438.0,1118733.5,1120137.0,1121431.0,1125044.0,1126713.0,1129314.5,1125844.5,1125490.0,1127588.0,1127611.5,1129692.5,1129517.0,1129692.5,1127611.5,1127588.0,1125490.0,1125844.5,1129314.5,1126713.0,1125044.0,1121431.0,1120137.0,1118733.5,1117438.0,1116609.5,1116387.0,1117277.5,1114723.0,1114438.0
1116622.0,1116439.5,1117900.5,1118110.5,1120352.0,1121499.5,1121275.5,1120402.0,1120150.0,1118908.0,1118044.0,1117577.5,1116889.5,1117345.0,1117469.5,1116646.0,1117282.0,1117780.0,1115982.0,1117780.0,1117282.0,1116646.0,1117469.5,1117345.0,1116889.5,1117577.5,1118044.0,1118908.0,1120150.0,1120402.0,1121275.5,1121499.5,1120352.0,1118110.5,1117900.5,1116439.5
1175013.0,1177578.5,1176960.0,1180284.0,1179882.5,1180584.0,1180603.0,1180204.5,1181613.0,1180766.0,1181743.0,1181931.0,1182142.0,1182474.0,1180611.5,1181406.5,1179007.0,1178522.5,1177059.0,1178522.5,1179007.0,1181406.5,1180611.5,1182474.0,1182142.0,1181931.0,1181743.0,1180766.0,1181613.0,1180204.5,1180603.0,1180584.0,1179882.5,1180284.0,1176960.0,1177578.5
1108859.0,1109315.5,1112140.5,1114612.5,1116161.0,1119374.5,1122303.0,1124404.5,1126257.0,1127456.0,1125916.5,1122353.0,1120330.5,1119123.0,1117847.0,1117104.0,1115368.5,1112579.5,1110118.0,1112579.5,1115368.5,1117104.0,1117847.0,1119123.0,1120330.5,1122353.0,1125916.5,1127456.0,1126257.0,1124404.5,1122303.0,1119374.5,1116161.0,1114612.5,1112140.5,1109315.5
1087710.0,1088277.0,1089641.5,1090579.5,1091545.0,1092372.5,1093090.0,1092010.5,1091944.5,1092667.5,1093674.5,1096229.5,1097620.5,1099885.5,1100479.0,1099166.0,1098975.5,1096267.0,1094257.0,1096267.0,1098975.5,1099166.0,1100479.0,1099885.5,1097620.5,1096229.5,1093674.5,1092667.5,1091944.5,1092010.5,1093090.0,1092372.5,1091545.0,1090579.5,1089641.5,1088277.0
1070669.0,1073315.0,1078399.5,1080414.5,1080167.5,1077239.0,1075056.0,1075603.5,1076678.0,1080549.5,1081706.0,1080095.0,1079734.0,1080173.0,1081829.0,1083391.5,1081986.5,1081437.0,1080414.0,1081437.0,1081986.5,1083391.5,1081829.0,1080173.0,1079734.0,1080095.0,1081706.0,1080549.5,1076678.0,1075603.5,1075056.0,1077239.0,1080167.5,1080414.5,1078399.5,1073315.0
1064583.0,1066755.0,1063466.5,1064942.0,1063934.5,1067757.5,1066078.0,1068425.5,1066370.0,1067021.0,1067610.5,1068037.0,1067933.0,1067636.0,1065335.0,1063468.5,1063736.0,1064965.5,1064298.0,1064965.5,1063736.0,1063468.5,1065335.0,1067636.0,1067933.0,1068037.0,1067610.5,1067021.0,1066370.0,1068425.5,1066078.0,1067757.5,1063934.5,1064942.0,1063466.5,1066755.0
1107703.0,1107609.5,1106997.0,1105505.0,1105818.0,1108404.5,1107022.0,1108326.5,1106786.5,1108445.5,1109192.0,1109125.5,1109319.0,1109652.0,1108578.5,1109406.5,1108972.0,1110423.0,1109437.0,1110423.0,1108972.0,1109406.5,1108578.5,1109652.0,1109319.0,1109125.5,1109192.0,1108445.5,1106786.5,1108326.5,1107022.0,1108404.5,1105818.0,1105505.0,1106997.0,1107609.5
1130000.0,1134111.0,1136848.0,1140991.0,1144983.5,1144366.0,1144938.5,1144227.5,1144460.0,1144067.0,1145602.5,1145144.5,1146871.5,1147314.0,1145820.5,1145199.5,1140513.0,1139019.5,1137045.0,1139019.5,1140513.0,1145199.5,1145820.5,1147314.0,1146871.5,1145144.5,1145602.5,1144067.0,1144460.0,1144227.5,1144938.5,1144366.0,1144983.5,1140991.0,1136848.0,1134111.0
1132620.0,1132162.0,1135962.5,1135530.5,1135024.0,1134362.5,1132303.5,1133704.0,1131340.5,1131537.5,1131037.0,1131558.0,1136416.5,1136891.5,1136940.5,1134872.5,1130446.0,1130972.5,1131333.0,1130972.5,1130446.0,1134872.5,1136940.5,1136891.5,1136416.5,1131558.0,1131037.0,1131537.5,1131340.5,1133704.0,1132303.5,1134362.5,1135024.0,1135530.5,1135962.5,1132162.0
1143525.0,1144748.0,1147857.5,1149176.0,1148262.0,1148110.5,1148233.5,1148056.0,1147575.5,1150165.0,1149937.5,1150582.5,1152189.5,1153759.0,1152236.0,1151915.5,1155168.0,1154505.5,1152370.0,1154505.5,1155168.0,1151915.5,1152236.0,1153759.0,1152189.5,1150582.5,1149937.5,1150165.0,1147575.5,1148056.0,1148233.5,1148110.5,1148262.0,1149176.0,1147857.5,1144748.0
1110188.0,1112260.5,1116984.0,1119176.0,1122069.5,1123163.0,1124621.5,1126349.5,1128236.5,1129688.0,1132910.5,1133399.0,1135079.5,1136578.5,1136891.5,1140119.5,1141844.0,1144824.0,1144086.0,1144824.0,1141844.0,1140119.5,1136891.5,1136578.5,1135079.5,1133399.0,1132910.5,1129688.0,1128236.5,1126349.5,1124621.5,1123163.0,1122069.5,1119176.0,1116984.0,1112260.5
1127284.0,1130142.5,1133085.0,1137766.5,1138768.5,1137076.0,1136027.0,1134367.0,1134167.5,1135231.5,1135420.0,1137505.5,1139951.5,1144503.5,1143540.0,1142489.5,1140930.0,1137432.0,1137181.0,1137432.0,1140930.0,1142489.5,1143540.0,1144503.5,1139951.5,1137505.5,1135420.0,1135231.5,1134167.5,1134367.0,1136027.0,1137076.0,1138768.5,1137766.5,1133085.0,1130142.5
1174610.0,1174084.0,1177981.5,1178346.5,1177839.5,1181541.0,1180533.5,1181021.0,1180297.5,1180466.0,1184114.0,1186132.0,1183862.5,1182520.0,1183480.0,1180679.0,1182117.5,1184312.0,1182511.0,1184312.0,1182117.5,1180679.0,1183480.0,1182520.0,1183862.5,1186132.0,1184114.0,1180466.0,1180297.5,1181021.0,1180533.5,1181541.0,1177839.5,1178346.5,1177981.5,1174084.0
1118296.0,1121132.5,1120812.5,1121101.5,1122604.5,1122801.5,1125859.5,1122859.5,1122016.0,1124916.5,1125079.5,1125238.0,1123752.5,1122671.5,1125637.5,1123314.0,1121872.0,1126213.0,1127232.0,1126213.0,1121872.0,1123314.0,1125637.5,1122671.5,1123752.5,1125238.0,1125079.5,1124916.5,1122016.0,1122859.5,1125859.5,1122801.5,1122604.5,1121101.5,1120812.5,1121132.5
1185139.0,1186805.0,1188938.0,1192480.5,1194530.0,1198118.0,1198110.5,1201402.5,1200584.0,1200546.5,1200047.0,1201286.0,1199714.5,1198232.5,1197002.5,1194075.5,1192345.5,1190802.0,1188190.0,1190802.0,1192345.5,1194075.5,1197002.5,1198232.5,1199714.5,1201286.0,1200047.0,1200546.5,1200584.0,1201402.5,1198110.5,1198118.0,1194530.0,1192480.5,1188938.0,1186805.0
1150192.0,1152220.5,1155434.0,1155246.5,1155381.0,1158779.5,1158489.5,1158121.0,1158580.5,1160403.0,1160302.0,1161495.0,1162205.5,1162609.0,1163252.5,1163300.0,1164228.0,1166895.5,1169186.0,1166895.5,1164228.0,1163300.0,1163252.5,1162609.0,1162205.5,1161495.0,1160302.0,1160403.0,1158580.5,1158121.0,1158489.5,1158779.5,1155381.0,1155246.5,1155434.0,1152220.5
1152170.0,1154185.0,1152600.5,1152353.0,1153738.0,1150982.5,1152675.0,1152997.5,1151210.0,1154360.0,1154437.5,1155428.0,1157036.0,1154304.0,1155184.0,1156482.5,1154270.0,1154867.5,1156456.0,1154867.5,1154270.0,1156482.5,1155184.0,1154304.0,1157036.0,1155428.0,1154437.5,1154360.0,1151210.0,1152997.5,1152675.0,1150982.5,1153738.0,1152353.0,1152600.5,1154185.0
1104606.0,1107142.5,1109125.0,1111054.5,1109968.5,1111100.0,1111232.0,1111393.5,1110221.5,1112648.5,1113900.5,1113887.0,1111612.5,1114576.5,1114323.5,1113053.0,1110794.5,1112972.5,1112938.0,1112972.5,1110794.5,1113053.0,1114323.5,1114576.5,1111612.5,1113887.0,1113900.5,1112648.5,1110221.5,1111393.5,1111232.0,1111100.0,1109968.5,1111054.5,1109125.0,1107142.5
1110709.0,1114153.0,1117143.5,1118139.5,1119716.5,1119645.5,1120403.0,1123444.5,1126407.5,1129632.5,1131810.5,1133305.0,1135774.5,1136435.0,1135352.5,1135761.0,1136391.5,1135922.0,1136040.0,1135922.0,1136391.5,1135761.0,1135352.5,1136435.0,1135774.5,1133305.0,1131810.5,1129632.5,1126407.5,1123444.5,1120403.0,1119645.5,1119716.5,1118139.5,1117143.5,1114153.0
1086204.0,1085995.5,1091481.0,1091414.5,1092462.0,1091198.0,1092659.0,1095339.0,1093884.5,1092898.5,1089776.5,1090780.5,1092005.0,1091991.5,1092065.0,1094485.0,1096249.0,1095606.5,1096000.0,1095606.5,1096249.0,1094485.0,1092065.0,1091991.5,1092005.0,1090780.5,1089776.5,1092898.5,1093884.5,1095339.0,1092659.0,1091198.0,1092462.0,1091414.5,1091481.0,1085995.5
1100203.0,1102246.5,1104861.5,1106917.5,1110193.5,1110432.5,1109167.0,1110183.0,1109779.5,1107477.0,1106500.0,1104207.5,1103564.0,1105226.5,1107083.0,1107346.5,1110476.5,1114233.0,1113463.0,1114233.0,1110476.5,1107346.5,1107083.0,1105226.5,1103564.0,1104207.5,1106500.0,1107477.0,1109779.5,1110183.0,1109167.0,1110432.5,1110193.5,1106917.5,1104861.5,1102246.5
1150378.0,1153619.0,1155147.5,1155635.5,1156131.5,1159726.5,1157823.5,1157616.0,1157781.0,1158365.5,1156330.5,1159422.5,1159286.0,1159324.5,1160856.0,1162686.5,1160514.5,1161243.5,1159758.0,1161243.5,1160514.5,1162686.5,1160856.0,1159324.5,1159286.0,1159422.5,1156330.5,1158365.5,1157781.0,1157616.0,1157823.5,1159726.5,1156131.5,1155635.5,1155147.5,1153619.0
1165215.0,1167269.0,1167703.0,1168096.5,1168171.0,1171102.5,1170252.0,1172206.5,1171990.0,1173992.0,1175608.0,1179065.5,1176777.5,1178870.5,1179588.5,1180338.0,1177244.0,1178141.5,1177809.0,1178141.5,1177244.0,1180338.0,1179588.5,1178870.5,1176777.5,1179065.5,1175608.0,1173992.0,1171990.0,1172206.5,1170252.0,1171102.5,1168171.0,1168096.5,1167703.0,1167269.0
1135528.0,1135423.0,1139062.5,1137996.5,1135299.5,1135561.5,1137438.5,1136333.0,1137183.0,1136961.0,1137954.5,1137043.0,1137448.5,1135617.0,1138633.0,1137093.0,1139060.5,1137386.0,1138510.0,1137386.0,1139060.5,1137093.0,1138633.0,1135617.0,1137448.5,1137043.0,1137954.5,1136961.0,1137183.0,1136333.0,1137438.5,1135561.5,1135299.5,1137996.5,1139062.5,1135423.0
1171956.0,1169316.5,1171544.5,1171546.0,1176575.0,1176338.0,1177122.5,1175701.0,1176952.5,1176956.0,1177720.0,1175769.0,1177728.0,1180498.5,1183414.0,1184117.5,1187787.5,1189459.0,1190543.0,1189459.0,1187787.5,1184117.5,1183414.0,1180498.5,1177728.0,1175769.0,1177720.0,1176956.0,1176952.5,1175701.0,1177122.5,1176338.0,1176575.0,1171546.0,1171544.5,1169316.5
1141062.0,1140192.0,1146885.5,1149602.0,1152960.0,1157235.5,1155272.0,1153439.5,1158771.0,1160761.5,1157714.5,1158878.0,1161743.0,1157820.0,1156019.5,1151512.0,1148946.0,1150517.0,1155316.0,1150517.0,1148946.0,1151512.0,1156019.5,1157820.0,1161743.0,1158878.0,1157714.5,1160761.5,1158771.0,1153439.5,1155272.0,1157235.5,1152960.0,1149602.0,1146885.5,1140192.0
1107803.0,1108975.5,1108956.5,1107854.0,1110005.5,1110497.0,1109475.0,1108900.0,1111106.0,1111598.5,1111912.0,1114379.5,1113393.5,1111962.0,1114487.0,1115132.5,1115213.0,1116800.0,1116358.0,1116800.0,1115213.0,1115132.5,1114487.0,1111962.0,1113393.5,1114379.5,1111912.0,1111598.5,1111106.0,1108900.0,1109475.0,1110497.0,1110005.5,1107854.0,1108956.5,1108975.5
1072237.0,1072603.0,1074444.5,1079259.5,1077873.0,1078563.5,1077701.0,1078375.0,1077157.5,1077006.5,1078855.5,1081262.0,1083184.5,1086345.5,1084465.5,1084442.0,1082475.5,1083014.0,1083787.0,1083014.0,1082475.5,1084442.0,1084465.5,1086345.5,1083184.5,1081262.0,1078855.5,1077006.5,1077157.5,1078375.0,1077701.0,1078563.5,1077873.0,1079259.5,1074444.5,1072603.0
1127657.0,1130754.0,1131032.0,1132445.5,1133380.5,1132911.5,1134923.5,1134409.0,1133136.0,1133196.5,1134973.5,1134289.0,1134597.0,1135443.5,1136029.0,1137482.5,1138096.5,1137373.0,1134114.0,1137373.0,1138096.5,1137482.5,1136029.0,1135443.5,1134597.0,1134289.0,1134973.5,1133196.5,1133136.0,1134409.0,1134923.5,1132911.5,1133380.5,1132445.5,1131032.0,1130754.0
1158980.0,1159971.5,1161073.0,1161499.5,1162080.5,1162833.0,1162488.0,1161691.0,1161315.5,1161967.5,1163293.5,1163140.5,1161179.5,1159238.5,1162274.5,1162129.0,1164901.0,1161190.5,1163215.0,1161190.5,1164901.0,1162129.0,1162274.5,1159238.5,1161179.5,1163140.5,1163293.5,1161967.5,1161315.5,1161691.0,1162488.0,1162833.0,1162080.5,1161499.5,1161073.0,1159971.5
1066105.0,1066085.0,1065307.5,1065446.5,1066454.0,1071155.0,1070728.0,1069247.0,1069770.5,1069564.0,1072369.0,1072449.5,1073852.5,1075068.0,1074535.0,1074489.0,1076969.0,1077870.5,1078147.0,1077870.5,1076969.0,1074489.0,1074535.0,1075068.0,1073852.5,1072449.5,1072369.0,1069564.0,1069770.5,1069247.0,1070728.0,1071155.0,1066454.0,1065446.5,1065307.5,1066085.0
1170250.0,1171806.5,1175567.0,1179988.5,1180796.0,1180293.5,1180759.5,1183235.0,1184563.5,1183905.0,1179848.5,1179788.5,1180917.5,1178262.5,1180324.5,1181028.5,1183243.0,1184890.0,1183587.0,1184890.0,1183243.0,1181028.5,1180324.5,1178262.5,1180917.5,1179788.5,1179848.5,1183905.0,1184563.5,1183235.0,1180759.5,1180293.5,1180796.0,1179988.5,1175567.0,1171806.5
1131230.0,1132948.5,1133933.0,1134923.5,1132563.5,1132739.0,1136468.5,1138460.5,1139560.5,1140173.5,1143858.0,1141752.0,1142690.5,1143203.0,1144565.5,1142318.5,1141500.5,1142949.5,1141432.0,1142949.5,1141500.5,1142318.5,1144565.5,1143203.0,1142690.5,1141752.0,1143858.0,1140173.5,1139560.5,1138460.5,1136468.5,1132739.0,1132563.5,1134923.5,1133933.0,1132948.5
1148745.0,1149201.5,1152832.5,1152719.5,1152549.5,1153167.5,1152989.5,1151210.0,1151000.5,1150795.5,1151825.0,1151929.5,1153578.5,1155118.5,1151034.5,1153289.5,1154635.0,1152727.5,1148723.0,1152727.5,1154635.0,1153289.5,1151034.5,1155118.5,1153578.5,1151929.5,1151825.0,1150795.5,1151000.5,1151210.0,1152989.5,1153167.5,1152549.5,1152719.5,1152832.5,1149201.5
1140937.0,1139344.5,1141517.5,1142105.0,1143324.5,1144049.5,1145967.0,1148396.5,1147404.5,1147968.0,1151310.0,1151124.5,1150604.5,1154864.0,1154752.5,1154461.5,1156997.5,1156006.5,1156187.0,1156006.5,1156997.5,1154461.5,1154752.5,1154864.0,1150604.5,1151124.5,1151310.0,1147968.0,1147404.5,1148396.5,1145967.0,1144049.5,1143324.5,1142105.0,1141517.5,1139344.5
1124038.0,1123552.0,1126670.0,1127994.0,1127141.5,1127162.0,1125881.5,1127650.5,1127899.0,1128119.0,1126433.0,1126575.5,1123821.0,1124441.0,1125150.0,1124360.5,1125215.0,1126016.5,1126650.0,1126016.5,1125215.0,1124360.5,1125150.0,1124441.0,1123821.0,1126575.5,1126433.0,1128119.0,1127899.0,1127650.5,1125881.5,1127162.0,1127141.5,1127994.0,1126670.0,1123552.0
1184753.0,1184481.5,1184849.0,1183949.0,1184158.0,1185385.5,1185061.5,1186312.5,1187649.0,1188400.5,1187165.0,1186888.0,1187372.0,1187649.5,1186800.0,1188484.0,1188650.5,1189461.5,1187605.0,1189461.5,1188650.5,1188484.0,1186800.0,1187649.5,1187372.0,1186888.0,1187165.0,1188400.5,1187649.0,1186312.5,1185061.5,1185385.5,1184158.0,1183949.0,1184849.0,1184481.5
1168271.0,1168750.0,1169405.5,1169132.5,1168985.5,1170559.0,1171362.5,1172127.0,1172776.0,1175339.5,1175650.5,1176698.5,1176798.5,1178200.0,1179513.5,1180100.5,1182962.0,1180290.0,1179335.0,1180290.0,1182962.0,1180100.5,1179513.5,1178200.0,1176798.5,1176698.5,1175650.5,1175339.5,1172776.0,1172127.0,1171362.5,1170559.0,1168985.5,1169132.5,1169405.5,1168750.0
1129578.0,1132007.0,1133914.5,1134451.5,1134791.5,1134069.0,1132893.5,1131590.0,1134675.0,1134553.0,1130601.0,1133013.5,1134236.0,1133998.5,1135600.5,1133709.5,1135670.5,1134910.0,1133993.0,1134910.0,1135670.5,1133709.5,1135600.5,1133998.5,1134236.0,1133013.5,1130601.0,1134553.0,1134675.0,1131590.0,1132893.5,1134069.0,1134791.5,1134451.5,1133914.5,1132007.0
1094802.0,1098578.0,1098754.0,1098599.0,1096181.0,1099136.5,1100548.5,1100384.5,1100733.5,1101170.0,1098801.5,1098137.5,1098959.5,1101228.5,1102739.0,1101704.0,1103090.5,1103227.5,1102610.0,1103227.5,1103090.5,1101704.0,1102739.0,1101228.5,1098959.5,1098137.5,1098801.5,1101170.0,1100733.5,1100384.5,1100548.5,1099136.5,1096181.0,1098599.0,1098754.0,1098578.0
1112087.0,1112148.0,1115129.5,1112635.5,1112546.0,1114864.0,1113325.0,1112833.0,1111080.5,1112768.5,1113917.0,1113072.0,1114117.0,1111669.5,1111706.5,1110897.0,1112102.5,1111984.5,1108761.0,1111984.5,1112102.5,1110897.0,1111706.5,1111669.5,1114117.0,1113072.0,1113917.0,1112768.5,1111080.5,1112833.0,1113325.0,1114864.0,1112546.0,1112635.5,1115129.5,1112148.0
1063054.0,1064787.0,1062871.5,1062691.5,1062061.5,1063927.5,1063365.0,1064826.5,1064708.5,1067773.5,1068495.0,1068423.5,1070291.0,1071632.0,1070924.5,1069660.0,1068931.0,1070490.5,1069178.0,1070490.5,1068931.0,1069660.0,1070924.5,1071632.0,1070291.0,1068423.5,1068495.0,1067773.5,1064708.5,1064826.5,1063365.0,1063927.5,1062061.5,1062691.5,1062871.5,1064787.0
1137983.0,1140429.5,1141776.5,1144418.0,1148540.5,1148510.5,1149145.0,1147175.0,1151665.0,1151330.5,1149449.0,1148659.5,1146596.0,1145788.0,1147010.5,1145233.5,1143054.5,1142948.5,1140813.0,1142948.5,1143054.5,1145233.5,1147010.5,1145788.0,1146596.0,1148659.5,1149449.0,1151330.5,1151665.0,1147175.0,1149145.0,1148510.5,1148540.5,1144418.0,1141776.5,1140429.5
1111442.0,1113776.5,1113677.0,1116574.5,1116295.0,1115709.5,1116736.5,1116810.0,1115598.0,1114831.5,1115446.5,1116527.0,1116465.0,1117638.5,1119310.5,1115620.0,1115451.0,1114245.5,1111765.0,1114245.5,1115451.0,1115620.0,1119310.5,1117638.5,1116465.0,1116527.0,1115446.5,1114831.5,1115598.0,1116810.0,1116736.5,1115709.5,1116295.0,1116574.5,1113677.0,1113776.5
1078968.0,1082280.5,1085692.0,1088280.5,1087515.5,1088305.5,1086912.0,1087144.5,1083878.0,1081863.5,1083302.5,1084073.0,1084548.0,1087602.5,1086961.0,1085568.0,1083614.0,1084351.0,1085856.0,1084351.0,1083614.0,1085568.0,1086961.0,1087602.5,1084548.0,1084073.0,1083302.5,1081863.5,1083878.0,1087144.5,1086912.0,1088305.5,1087515.5,1088280.5,1085692.0,1082280.5
1117144.0,1117709.5,1118063.5,1119282.0,1121503.0,1125081.0,1127774.5,1128324.0,1128137.0,1132377.0,1136261.5,1138705.5,1140385.5,1144230.5,1148254.5,1148934.0,1149095.5,1149012.5,1152130.0,1149012.5,1149095.5,1148934.0,1148254.5,1144230.5,1140385.5,1138705.5,1136261.5,1132377.0,1128137.0,1128324.0,1127774.5,1125081.0,1121503.0,1119282.0,1118063.5,1117709.5
1105306.0,1107065.5,1111423.0,1114693.5,1116269.0,1118471.0,1118394.5,1113748.5,1112186.5,1111445.5,1112298.0,1111816.5,1110645.5,1112891.5,1112941.5,1113586.5,1110583.5,1110456.5,1112321.0,1110456.5,1110583.5,1113586.5,1112941.5,1112891.5,1110645.5,1111816.5,1112298.0,1111445.5,1112186.5,1113748.5,1118394.5,1118471.0,1116269.0,1114693.5,1111423.0,1107065.5
1089946.0,1091480.0,1093749.5,1093642.0,1096606.0,1097132.0,1096931.5,1100970.5,1099162.0,1100472.0,1099430.0,1097073.5,1098901.5,1096540.0,1097377.5,1096264.0,1093180.0,1094008.0,1093950.0,1094008.0,1093180.0,1096264.0,1097377.5,1096540.0,1098901.5,1097073.5,1099430.0,1100472.0,1099162.0,1100970.5,1096931.5,1097132.0,1096606.0,1093642.0,1093749.5,1091480.0
1146841.0,1149127.5,1149054.0,1149358.0,1150926.0,1154705.5,1153379.5,1155216.0,1155585.5,1156131.0,1155120.5,1154391.0,1154430.5,1157016.5,1158239.0,1161115.0,1161390.5,1162682.5,1162348.0,1162682.5,1161390.5,1161115.0,1158239.0,1157016.5,1154430.5,1154391.0,1155120.5,1156131.0,1155585.5,1155216.0,1153379.5,1154705.5,1150926.0,1149358.0,1149054.0,1149127.5
1119060.0,1120692.0,1122634.5,1120391.5,1123085.0,1124287.0,1123628.0,1127286.5,1128221.0,1125367.0,1128486.5,1129534.5,1127614.5,1131163.0,1132281.5,1131985.5,1132603.5,1132691.0,1130483.0,1132691.0,1132603.5,1131985.5,1132281.5,1131163.0,1127614.5,1129534.5,1128486.5,1125367.0,1128221.0,1127286.5,1123628.0,1124287.0,1123085.0,1120391.5,1122634.5,1120692.0
1123303.0,1123300.0,1124821.0,1127635.5,1128651.0,1129574.0,1132251.0,1132412.0,1135217.5,1135332.0,1135397.5,1133816.5,1133733.5,1130755.0,1133841.5,1132712.5,1130990.0,1131832.5,1130031.0,1131832.5,1130990.0,1132712.5,1133841.5,1130755.0,1133733.5,1133816.5,1135397.5,1135332.0,1135217.5,1132412.0,1132251.0,1129574.0,1128651.0,1127635.5,1124821.0,1123300.0
1136521.0,1135251.5,1138157.0,1140833.5,1139728.0,1140516.0,1142522.5,1141895.0,1142190.5,1142587.5,1141647.5,1140771.0,1141539.0,1140270.0,1140853.5,1138239.0,1134104.5,1136850.5,1136806.0,1136850.5,1134104.5,1138239.0,1140853.5,1140270.0,1141539.0,1140771.0,1141647.5,1142587.5,1142190.5,1141895.0,1142522.5,1140516.0,1139728.0,1140833.5,1138157.0,1135251.5
1127374.0,1131671.0,1132107.5,1135043.5,1140524.5,1143411.0,1145535.5,1147258.0,1148155.5,1147734.5,1147450.5,1144926.5,1143644.5,1144073.5,1147266.0,1154255.0,1152766.0,1152621.0,1156458.0,1152621.0,1152766.0,1154255.0,1147266.0,1144073.5,1143644.5,1144926.5,1147450.5,1147734.5,1148155.5,1147258.0,1145535.5,1143411.0,1140524.5,1135043.5,1132107.5,1131671.0
1073042.0,1074200.0,1074037.5,1071812.0,1073304.5,1073345.0,1075116.5,1073617.0,1072928.0,1072658.5,1072973.5,1073527.0,1074484.0,1071640.0,1070288.0,1072158.0,1070542.0,1069863.5,1071988.0,1069863.5,1070542.0,1072158.0,1070288.0,1071640.0,1074484.0,1073527.0,1072973.5,1072658.5,1072928.0,1073617.0,1075116.5,1073345.0,1073304.5,1071812.0,1074037.5,1074200.0
1091916.0,1095225.5,1096190.5,1098792.5,1099910.0,1098935.5,1100759.5,1101109.0,1102192.0,1103058.5,1098913.5,1099835.0,1097449.0,1098854.0,1099001.0,1101048.5,1102544.0,1102301.5,1106181.0,1102301.5,1102544.0,1101048.5,1099001.0,1098854.0,1097449.0,1099835.0,1098913.5,1103058.5,1102192.0,1101109.0,1100759.5,1098935.5,1099910.0,1098792.5,1096190.5,1095225.5
1133499.0,1133161.5,1136176.0,1136325.5,1139321.5,1142424.0,1140087.0,1139676.0,1139896.5,1140687.0,1138697.5,1139926.5,1138592.5,1138778.5,1139580.5,1137599.0,1135405.5,1134107.0,1136417.0,1134107.0,1135405.5,1137599.0,1139580.5,1138778.5,1138592.5,1139926.5,1138697.5,1140687.0,1139896.5,1139676.0,1140087.0,1142424.0,1139321.5,1136325.5,1136176.0,1133161.5
1096669.0,1100708.0,1100257.5,1099761.5,1103375.0,1102448.0,1104383.5,1102686.0,1103127.0,1102078.0,1104003.0,1104667.5,1104268.5,1104881.5,1105937.0,1104629.5,1105378.5,1104232.5,1106572.0,1104232.5,1105378.5,1104629.5,1105937.0,1104881.5,1104268.5,1104667.5,1104003.0,1102078.0,1103127.0,1102686.0,1104383.5,1102448.0,1103375.0,1099761.5,1100257.5,1100708.0
1122648.0,1127188.0,1129602.0,1131424.5,1134197.5,1137153.5,1136760.0,1138536.5,1141648.0,1142956.0,1143012.0,1144472.5,1146525.5,1148771.0,1149442.5,1150059.0,1149326.5,1149326.5,1147929.0,1149326.5,1149326.5,1150059.0,1149442.5,1148771.0,1146525.5,1144472.5,1143012.0,1142956.0,1141648.0,1138536.5,1136760.0,1137153.5,1134197.5,1131424.5,1129602.0,1127188.0
1150806.0,1152869.0,1155667.5,1152524.0,1153358.5,1155929.5,1156090.5,1154086.0,1155249.5,1155092.5,1152255.0,1152950.0,1152199.5,1153015.0,1154451.0,1156400.0,1153932.0,1152716.5,1155354.0,1152716.5,1153932.0,1156400.0,1154451.0,1153015.0,1152199.5,1152950.0,1152255.0,1155092.5,1155249.5,1154086.0,1156090.5,1155929.5,1153358.5,1152524.0,1155667.5,1152869.0
1101715.0,1100551.5,1101394.0,1104742.0,1105102.0,1108594.5,1113725.5,1117413.0,1121581.0,1125315.5,1130063.5,1132906.5,1134461.5,1138304.5,1139369.5,1142813.5,1145372.0,1146044.5,1147206.0,1146044.5,1145372.0,1142813.5,1139369.5,1138304.5,1134461.5,1132906.5,1130063.5,1125315.5,1121581.0,1117413.0,1113725.5,1108594.5,1105102.0,1104742.0,1101394.0,1100551.5
1113627.0,1115488.5,1116985.5,1116905.5,1117912.5,1119430.5,1118448.5,1117228.0,1116967.0,1117169.5,1116191.5,1117287.0,1119694.5,1118457.0,1116659.0,1116443.5,1117809.0,1116722.5,1116494.0,1116722.5,1117809.0,1116443.5,1116659.0,1118457.0,1119694.5,1117287.0,1116191.5,1117169.5,1116967.0,1117228.0,1118448.5,1119430.5,1117912.5,1116905.5,1116985.5,1115488.5
1089981.0,1090441.0,1091713.0,1091776.5,1089645.0,1090025.0,1089140.5,1089455.5,1089400.0,1091009.5,1092523.5,1094658.0,1091366.0,1092552.0,1091919.0,1092630.0,1092652.0,1093431.5,1092335.0,1093431.5,1092652.0,1092630.0,1091919.0,1092552.0,1091366.0,1094658.0,1092523.5,1091009.5,1089400.0,1089455.5,1089140.5,1090025.0,1089645.0,1091776.5,1091713.0,1090441.0
1122144.0,1122991.5,1125374.5,1127475.5,1127731.0,1127652.5,1124769.0,1127829.5,1127892.0,1128793.0,1130583.0,1128023.5,1126675.0,1125911.0,1126805.5,1125751.5,1126454.5,1125497.0,1123661.0,1125497.0,1126454.5,1125751.5,1126805.5,1125911.0,1126675.0,1128023.5,1130583.0,1128793.0,1127892.0,1127829.5,1124769.0,1127652.5,1127731.0,1127475.5,1125374.5,1122991.5
1125632.0,1126761.0,1125197.5,1127830.0,1129408.5,1132786.0,1135129.0,1134622.0,1135711.5,1137968.5,1140754.5,1140539.5,1140060.0,1145865.0,1145681.0,1146187.0,1148699.5,1149563.0,1147989.0,1149563.0,1148699.5,1146187.0,1145681.0,1145865.0,1140060.0,1140539.5,1140754.5,1137968.5,1135711.5,1134622.0,1135129.0,1132786.0,1129408.5,1127830.0,1125197.5,1126761.0
1098222.0,1101028.0,1103450.5,1103889.5,1104697.0,1105390.0,1105506.0,1106964.0,1106182.5,1106099.0,1105168.0,1105377.0,1106455.0,1105593.5,1106768.0,1107902.5,1108859.5,1108689.0,1108138.0,1108689.0,1108859.5,1107902.5,1106768.0,1105593.5,1106455.0,1105377.0,1105168.0,1106099.0,1106182.5,1106964.0,1105506.0,1105390.0,1104697.0,1103889.5,1103450.5,1101028.0
1103915.0,1106024.0,1106179.5,1106081.0,1108444.5,1109091.5,1109131.5,1108592.5,1109035.0,1110620.5,1111592.0,1111135.5,1111610.0,1112043.5,1110860.0,1110574.5,1111747.0,1110453.0,1110478.0,1110453.0,1111747.0,1110574.5,1110860.0,1112043.5,1111610.0,1111135.5,1111592.0,1110620.5,1109035.0,1108592.5,1109131.5,1109091.5,1108444.5,1106081.0,1106179.5,1106024.0
1137458.0,1139948.0,1142537.0,1144281.0,1146567.0,1147453.5,1146392.5,1149567.0,1154090.5,1155786.5,1157120.0,1157138.0,1157750.5,1161199.0,1165137.0,1166396.0,1167206.5,1167820.0,1168958.0,1167820.0,1167206.5,1166396.0,1165137.0,1161199.0,1157750.5,1157138.0,1157120.0,1155786.5,1154090.5,1149567.0,1146392.5,1147453.5,1146567.0,1144281.0,1142537.0,1139948.0
1130730.0,1131425.5,1132696.0,1136259.0,1137800.5,1139266.0,1140700.0,1144589.0,1148115.0,1153934.5,1155172.0,1155758.5,1157902.0,1161257.5,1164469.5,1168114.5,1169462.0,1168017.5,1167120.0,1168017.5,1169462.0,1168114.5,1164469.5,1161257.5,1157902.0,1155758.5,1155172.0,1153934.5,1148115.0,1144589.0,1140700.0,1139266.0,1137800.5,1136259.0,1132696.0,1131425.5
1124429.0,1127413.0,1126366.0,1128296.5,1130293.5,1128361.0,1130158.5,1131347.5,1134359.0,1133642.0,1133864.5,1131846.5,1132698.5,1133109.0,1131132.0,1130508.5,1129368.5,1130582.5,1131525.0,1130582.5,1129368.5,1130508.5,1131132.0,1133109.0,1132698.5,1131846.5,1133864.5,1133642.0,1134359.0,1131347.5,1130158.5,1128361.0,1130293.5,1128296.5,1126366.0,1127413.0
1070079.0,1070026.5,1074159.5,1074327.5,1073074.0,1073417.5,1073167.0,1073437.0,1071551.0,1073697.5,1073830.5,1072974.0,1071807.0,1073553.0,1075630.5,1075508.0,1076954.0,1077538.0,1078814.0,1077538.0,1076954.0,1075508.0,1075630.5,1073553.0,1071807.0,1072974.0,1073830.5,1073697.5,1071551.0,1073437.0,1073167.0,1073417.5,1073074.0,1074327.5,1074159.5,1070026.5
1154685.0,1156965.0,1156276.0,1157881.0,1160634.0,1164683.5,1167138.0,1169275.0,1171354.5,1174312.5,1177776.5,1178083.0,1183451.0,1184055.5,1185468.0,1188800.5,1188700.5,1189659.5,1191233.0,1189659.5,1188700.5,1188800.5,1185468.0,1184055.5,1183451.0,1178083.0,1177776.5,1174312.5,1171354.5,1169275.0,1167138.0,1164683.5,1160634.0,1157881.0,1156276.0,1156965.0
1092500.0,1094529.5,1096460.0,1097742.0,1099702.0,1102668.0,1106011.5,1105780.5,1106731.0,1109735.5,1112930.0,1115442.5,1117203.5,1118737.5,1122062.5,1124674.0,1124371.0,1125866.5,1125245.0,1125866.5,1124371.0,1124674.0,1122062.5,1118737.5,1117203.5,1115442.5,1112930.0,1109735.5,1106731.0,1105780.5,1106011.5,1102668.0,1099702.0,1097742.0,1096460.0,1094529.5
1163646.0,1168149.0,1168420.0,1172742.5,1175033.5,1175423.5,1177814.5,1178793.0,1179515.5,1177071.5,1176055.5,1174935.0,1174605.0,1172207.0,1172793.0,1174056.5,1173169.5,1170341.5,1172580.0,1170341.5,1173169.5,1174056.5,1172793.0,1172207.0,1174605.0,1174935.0,1176055.5,1177071.5,1179515.5,1178793.0,1177814.5,1175423.5,1175033.5,1172742.5,1168420.0,1168149.0
1142223.0,1142588.0,1144784.0,1144924.0,1144443.0,1145556.5,1146626.5,1142938.0,1143472.5,1147017.5,1144014.0,1143747.5,1147401.0,1146677.5,1145838.5,1145169.5,1144262.5,1144121.5,1142169.0,1144121.5,1144262.5,1145169.5,1145838.5,1146677.5,1147401.0,1143747.5,1144014.0,1147017.5,1143472.5,1142938.0,1146626.5,1145556.5,1144443.0,1144924.0,1144784.0,1142588.0
1164053.0,1165915.5,1165277.5,1168210.5,1167182.0,1166417.5,1166896.0,1166631.0,1167164.5,1167391.5,1167419.5,1168479.0,1167458.0,1169479.5,1171500.0,1171386.0,1173085.5,1174507.5,1174201.0,1174507.5,1173085.5,1171386.0,1171500.0,1169479.5,1167458.0,1168479.0,1167419.5,1167391.5,1167164.5,1166631.0,1166896.0,1166417.5,1167182.0,1168210.5,1165277.5,1165915.5
1106602.0,1107641.0,1106922.5,1107858.0,1109581.0,1108995.0,1111051.5,1112665.5,1113668.0,1114754.0,1113752.5,1113480.0,1113408.0,1114408.5,1114718.5,1112895.0,1111465.5,1110871.0,1111659.0,1110871.0,1111465.5,1112895.0,1114718.5,1114408.5,1113408.0,1113480.0,1113752.5,1114754.0,1113668.0,1112665.5,1111051.5,1108995.0,1109581.0,1107858.0,1106922.5,1107641.0
1086954.0,1087826.5,1089596.5,1091659.5,1097537.0,1098669.5,1098506.0,1100250.0,1101459.5,1104701.0,1106939.5,1109609.5,1113420.5,1114319.5,1114792.0,1115076.5,1112914.5,1111905.5,1113600.0,1111905.5,1112914.5,1115076.5,1114792.0,1114319.5,1113420.5,1109609.5,1106939.5,1104701.0,1101459.5,1100250.0,1098506.0,1098669.5,1097537.0,1091659.5,1089596.5,1087826.5
1083118.0,1086565.5,1085546.5,1090262.5,1092098.5,1091852.0,1090760.0,1090969.0,1091885.0,1094078.0,1095994.0,1096544.5,1096501.0,1093970.0,1095980.0,1095994.0,1098543.5,1100386.5,1097833.0,1100386.5,1098543.5,1095994.0,1095980.0,1093970.0,1096501.0,1096544.5,1095994.0,1094078.0,1091885.0,1090969.0,1090760.0,1091852.0,1092098.5,1090262.5,1085546.5,1086565.5
1136294.0,1140373.0,1142120.5,1141592.0,1141777.0,1144052.0,1144466.0,1143654.0,1146506.5,1148052.5,1144730.0,1143992.5,1144197.0,1143891.0,1142213.0,1142990.0,1144169.5,1140855.5,1139348.0,1140855.5,1144169.5,1142990.0,1142213.0,1143891.0,1144197.0,1143992.5,1144730.0,1148052.5,1146506.5,1143654.0,1144466.0,1144052.0,1141777.0,1141592.0,1142120.5,1140373.0
1133328.0,1135312.0,1136962.0,1138113.5,1142411.5,1141243.5,1142504.0,1143818.0,1143648.5,1145248.0,1147864.5,1146298.5,1146665.5,1147648.5,1145950.0,1148445.0,1148209.0,1151070.0,1154086.0,1151070.0,1148209.0,1148445.0,1145950.0,1147648.5,1146665.5,1146298.5,1147864.5,1145248.0,1143648.5,1143818.0,1142504.0,1141243.5,1142411.5,1138113.5,1136962.0,1135312.0
1098760.0,1102175.5,1104490.0,1104744.5,1106760.0,1106232.5,1102963.5,1103792.5,1105468.0,1107453.5,1108304.5,1108926.5,1109122.0,1108196.0,1110229.0,1109894.0,1110780.0,1112488.0,1110576.0,1112488.0,1110780.0,1109894.0,1110229.0,1108196.0,1109122.0,1108926.5,1108304.5,1107453.5,1105468.0,1103792.5,1102963.5,1106232.5,1106760.0,1104744.5,1104490.0,1102175.5
1140783.0,1145598.0,1146422.5,1146402.5,1148662.5,1150317.5,1146017.5,1147631.0,1146319.5,1145287.5,1148790.0,1150892.5,1148083.0,1148737.0,1147857.0,1144671.0,1144108.0,1144450.0,1145635.0,1144450.0,1144108.0,1144671.0,1147857.0,1148737.0,1148083.0,1150892.5,1148790.0,1145287.5,1146319.5,1147631.0,1146017.5,1150317.5,1148662.5,1146402.5,1146422.5,1145598.0
1097665.0,1098535.0,1098567.5,1100331.5,1101202.0,1103521.5,1105750.0,1108891.5,1108669.0,1109436.5,1108527.0,1107534.5,1110259.5,1113440.5,1115879.0,1115016.0,1116695.5,1116252.5,1116633.0,1116252.5,1116695.5,1115016.0,1115879.0,1113440.5,1110259.5,1107534.5,1108527.0,1109436.5,1108669.0,1108891.5,1105750.0,1103521.5,1101202.0,1100331.5,1098567.5,1098535.0
1098652.0,1100388.0,1102587.5,1102629.0,1103959.0,1108088.5,1110300.0,1113004.0,1114816.5,1116866.0,1118365.0,1117039.5,1117794.0,1118633.5,1118400.5,1116274.0,1118581.5,1118504.5,1116726.0,1118504.5,1118581.5,1116274.0,1118400.5,1118633.5,1117794.0,1117039.5,1118365.0,1116866.0,1114816.5,1113004.0,1110300.0,1108088.5,1103959.0,1102629.0,1102587.5,1100388.0
1143759.0,1144416.5,1145090.5,1146549.0,1147366.0,1150502.0,1153921.5,1153120.0,1152999.0,1152550.5,1153158.5,1152114.5,1151127.0,1152888.5,1154840.0,1153900.0,1153316.5,1153620.0,1152545.0,1153620.0,1153316.5,1153900.0,1154840.0,1152888.5,1151127.0,1152114.5,1153158.5,1152550.5,1152999.0,1153120.0,1153921.5,1150502.0,1147366.0,1146549.0,1145090.5,1144416.5
1159910.0,1159957.0,1161729.5,1165775.0,1166126.0,1167714.0,1163830.5,1164606.0,1163238.0,1163450.0,1163361.5,1164908.5,1164892.5,1166749.0,1165252.5,1164226.0,1162019.5,1160318.0,1158091.0,1160318.0,1162019.5,1164226.0,1165252.5,1166749.0,1164892.5,1164908.5,1163361.5,1163450.0,1163238.0,1164606.0,1163830.5,1167714.0,1166126.0,1165775.0,1161729.5,1159957.0
1102666.0,1103030.5,1106583.5,1109970.5,1109906.5,1113266.0,1113789.5,1113821.5,1111442.0,1111499.5,1112236.5,1115749.0,1113972.5,1111583.5,1111685.0,1108590.0,1111232.0,1108440.5,1108887.0,1108440.5,1111232.0,1108590.0,1111685.0,1111583.5,1113972.5,1115749.0,1112236.5,1111499.5,1111442.0,1113821.5,1113789.5,1113266.0,1109906.5,1109970.5,1106583.5,1103030.5
1104041.0,1105323.5,1105984.5,1103223.5,1101575.5,1101534.0,1102622.5,1106369.5,1106156.0,1104332.5,1104457.0,1101907.0,1102464.5,1103054.5,1105211.5,1103921.0,1101535.0,1103189.5,1103492.0,1103189.5,1101535.0,1103921.0,1105211.5,1103054.5,1102464.5,1101907.0,1104457.0,1104332.5,1106156.0,1106369.5,1102622.5,1101534.0,1101575.5,1103223.5,1105984.5,1105323.5
1062896.0,1067075.0,1070017.5,1068952.0,1069632.5,1069889.0,1071962.0,1073677.0,1074747.0,1071953.0,1073725.0,1074552.0,1074597.0,1075004.5,1075093.5,1074639.5,1074869.5,1071335.0,1071072.0,1071335.0,1074869.5,1074639.5,1075093.5,1075004.5,1074597.0,1074552.0,1073725.0,1071953.0,1074747.0,1073677.0,1071962.0,1069889.0,1069632.5,1068952.0,1070017.5,1067075.0
1114059.0,1114570.0,1114130.5,1114402.5,1115468.5,1119066.0,1118841.5,1120987.0,1120869.5,1123144.5,1122278.0,1124002.5,1124525.5,1124342.0,1122419.0,1124268.5,1123672.0,1122262.0,1120578.0,1122262.0,1123672.0,1124268.5,1122419.0,1124342.0,1124525.5,1124002.5,1122278.0,1123144.5,1120869.5,1120987.0,1118841.5,1119066.0,1115468.5,1114402.5,1114130.5,1114570.0
1150703.0,1153912.5,1154051.5,1154817.5,1156384.5,1155537.0,1154898.0,1155638.5,1153082.0,1157264.0,1157738.0,1156667.0,1158694.0,1159900.0,1158667.0,1163127.5,1160067.0,1159276.0,1161389.0,1159276.0,1160067.0,1163127.5,1158667.0,1159900.0,1158694.0,1156667.0,1157738.0,1157264.0,1153082.0,1155638.5,1154898.0,1155537.0,1156384.5,1154817.5,1154051.5,1153912.5
1124047.0,1125625.0,1127206.5,1128733.0,1128715.0,1129299.0,1131739.5,1132820.5,1132691.5,1134330.0,1132520.5,1134894.0,1135139.0,1135984.0,1136512.5,1135679.5,1135890.0,1136981.5,1137967.0,1136981.5,1135890.0,1135679.5,1136512.5,1135984.0,1135139.0,1134894.0,1132520.5,1134330.0,1132691.5,1132820.5,1131739.5,1129299.0,1128715.0,1128733.0,1127206.5,1125625.0
1156050.0,1157610.0,1158135.0,1159219.0,1160161.5,1161504.0,1163308.5,1163267.5,1162134.0,1165924.0,1163735.0,1165453.0,1162962.0,1160804.5,1158967.5,1159208.0,1158876.0,1158580.0,1156547.0,1158580.0,1158876.0,1159208.0,1158967.5,1160804.5,1162962.0,1165453.0,1163735.0,1165924.0,1162134.0,1163267.5,1163308.5,1161504.0,1160161.5,1159219.0,1158135.0,1157610.0
1183625.0,1182102.0,1182796.5,1183715.5,1184965.0,1186613.0,1186569.0,1189355.5,1189741.0,1189368.0,1188407.5,1189230.0,1187580.5,1187130.0,1188901.0,1186435.0,1186155.5,1186790.0,1186593.0,1186790.0,1186155.5,1186435.0,1188901.0,1187130.0,1187580.5,1189230.0,1188407.5,1189368.0,1189741.0,1189355.5,1186569.0,1186613.0,1184965.0,1183715.5,1182796.5,1182102.0
1127285.0,1131522.5,1134825.5,1135783.0,1138478.5,1140074.0,1142801.5,1145005.5,1140404.5,1137533.5,1133678.0,1134439.5,1138637.0,1140625.5,1139013.5,1140297.0,1142841.0,1142640.0,1143489.0,1142640.0,1142841.0,1140297.0,1139013.5,1140625.5,1138637.0,1134439.5,1133678.0,1137533.5,1140404.5,1145005.5,1142801.5,1140074.0,1138478.5,1135783.0,1134825.5,1131522.5
1129812.0,1130695.0,1132033.5,1133137.0,1133758.5,1135880.5,1138192.5,1139686.0,1142533.5,1145490.0,1146731.5,1146628.5,1147935.0,1150085.5,1154431.5,1156109.0,1156741.0,1156930.5,1155478.0,1156930.5,1156741.0,1156109.0,1154431.5,1150085.5,1147935.0,1146628.5,1146731.5,1145490.0,1142533.5,1139686.0,1138192.5,1135880.5,1133758.5,1133137.0,1132033.5,1130695.0
1095331.0,1096214.0,1099480.5,1100379.5,1101858.5,1104942.5,1103841.5,1104373.5,1104192.5,1102806.5,1104470.5,1103903.5,1105349.0,1104519.5,1104647.5,1105030.5,1103223.0,1103287.5,1102985.0,1103287.5,1103223.0,1105030.5,1104647.5,1104519.5,1105349.0,1103903.5,1104470.5,1102806.5,1104192.5,1104373.5,1103841.5,1104942.5,1101858.5,1100379.5,1099480.5,1096214.0
1155783.0,1161233.0,1162373.0,1161668.0,1163289.5,1165040.5,1167889.0,1168615.0,1172118.0,1173766.0,1176150.0,1175462.0,1174504.0,1175362.0,1179441.0,1180089.0,1177840.0,1178010.5,1176924.0,1178010.5,1177840.0,1180089.0,1179441.0,1175362.0,1174504.0,1175462.0,1176150.0,1173766.0,1172118.0,1168615.0,1167889.0,1165040.5,1163289.5,1161668.0,1162373.0,1161233.0
1082234.0,1084050.5,1083643.5,1085833.0,1085109.0,1084918.0,1087233.0,1084883.5,1087008.0,1084968.0,1084137.0,1085249.5,1084951.5,1085791.0,1086376.5,1084001.5,1082731.5,1083401.0,1082962.0,1083401.0,1082731.5,1084001.5,1086376.5,1085791.0,1084951.5,1085249.5,1084137.0,1084968.0,1087008.0,1084883.5,1087233.0,1084918.0,1085109.0,1085833.0,1083643.5,1084050.5
1119306.0,1119942.5,1119819.5,1122881.5,1124597.5,1127551.5,1129890.5,1130709.5,1133014.5,1133435.5,1133561.5,1132783.0,1133965.5,1137799.0,1139000.5,1140447.5,1142126.5,1144797.5,1145131.0,1144797.5,1142126.5,1140447.5,1139000.5,1137799.0,1133965.5,1132783.0,1133561.5,1133435.5,1133014.5,1130709.5,1129890.5,1127551.5,1124597.5,1122881.5,1119819.5,1119942.5
1101576.0,1103383.0,1100351.0,1102604.0,1099919.0,1099962.0,1098517.0,1101901.0,1104029.5,1103110.0,1101109.5,1106033.0,1108347.0,1107652.0,1112136.0,1109213.5,1111922.5,1108523.5,1110773.0,1108523.5,1111922.5,1109213.5,1112136.0,1107652.0,1108347.0,1106033.0,1101109.5,1103110.0,1104029.5,1101901.0,1098517.0,1099962.0,1099919.0,1102604.0,1100351.0,1103383.0
1130625.0,1132839.5,1135248.5,1134408.0,1137157.5,1137795.0,1136924.5,1136912.0,1135102.5,1135639.5,1136337.0,1133363.0,1133473.0,1131838.5,1132340.0,1134331.0,1135538.0,1137798.5,1138015.0,1137798.5,1135538.0,1134331.0,1132340.0,1131838.5,1133473.0,1133363.0,1136337.0,1135639.5,1135102.5,1136912.0,1136924.5,1137795.0,1137157.5,1134408.0,1135248.5,1132839.5
1156141.0,1159073.0,1158077.0,1160880.5,1163953.5,1164795.0,1166030.5,1166240.5,1170056.5,1171326.5,1174834.0,1176976.0,1175654.5,1175603.5,1174571.5,1172040.0,1173298.0,1175763.0,1173960.0,1175763.0,1173298.0,1172040.0,1174571.5,1175603.5,1175654.5,1176976.0,1174834.0,1171326.5,1170056.5,1166240.5,1166030.5,1164795.0,1163953.5,1160880.5,1158077.0,1159073.0
1091274.0,1090680.0,1092017.0,1090385.0,1092886.5,1092756.5,1092825.0,1092135.5,1092734.5,1093413.5,1093210.0,1093942.0,1094032.5,1094100.5,1094241.0,1094512.5,1092725.0,1092644.0,1092318.0,1092644.0,1092725.0,1094512.5,1094241.0,1094100.5,1094032.5,1093942.0,1093210.0,1093413.5,1092734.5,1092135.5,1092825.0,1092756.5,1092886.5,1090385.0,1092017.0,1090680.0
1114890.0,1115917.0,1116271.5,1119325.0,1118997.5,1118617.0,1118912.0,1119283.0,1119430.0,1118294.0,1116863.0,1119682.0,1116325.0,1117500.5,1118256.5,1120500.5,1122437.5,1121450.0,1119504.0,1121450.0,1122437.5,1120500.5,1118256.5,1117500.5,1116325.0,1119682.0,1116863.0,1118294.0,1119430.0,1119283.0,1118912.0,1118617.0,1118997.5,1119325.0,1116271.5,1115917.0
1146772.0,1145458.0,1148239.0,1149352.0,1149695.0,1153746.5,1154524.0,1159496.5,1162130.5,1164960.0,1168277.5,1168407.0,1169542.5,1174147.5,1179781.5,1182868.5,1182971.5,1182696.5,1182520.0,1182696.5,1182971.5,1182868.5,1179781.5,1174147.5,1169542.5,1168407.0,1168277.5,1164960.0,1162130.5,1159496.5,1154524.0,1153746.5,1149695.0,1149352.0,1148239.0,1145458.0
1093251.0,1095671.5,1098676.0,1100876.0,1102796.5,1105950.0,1108374.0,1110643.5,1111385.0,1112404.0,1112440.0,1110463.5,1109009.0,1106450.0,1105995.5,1103714.5,1101504.5,1100881.5,1100421.0,1100881.5,1101504.5,1103714.5,1105995.5,1106450.0,1109009.0,1110463.5,1112440.0,1112404.0,1111385.0,1110643.5,1108374.0,1105950.0,1102796.5,1100876.0,1098676.0,1095671.5
1061588.0,1062477.0,1063001.5,1064374.5,1065279.5,1067070.5,1066129.5,1067464.0,1068223.0,1066504.0,1066530.0,1066639.0,1066861.0,1066749.0,1066557.5,1066852.5,1064151.5,1064722.0,1064242.0,1064722.0,1064151.5,1066852.5,1066557.5,1066749.0,1066861.0,1066639.0,1066530.0,1066504.0,1068223.0,1067464.0,1066129.5,1067070.5,1065279.5,1064374.5,1063001.5,1062477.0
1130466.0,1130029.5,1129351.5,1129773.0,1130685.0,1132162.5,1132050.5,1131155.5,1133969.5,1131980.0,1131729.5,1132260.0,1132319.5,1131290.5,1134390.5,1132630.5,1133726.0,1134430.5,1131568.0,1134430.5,1133726.0,1132630.5,1134390.5,1131290.5,1132319.5,1132260.0,1131729.5,1131980.0,1133969.5,1131155.5,1132050.5,1132162.5,1130685.0,1129773.0,1129351.5,1130029.5
1091363.0,1094150.5,1096186.5,1096035.0,1097886.0,1096943.0,1095093.5,1096014.5,1099059.0,1100545.5,1103371.5,1102622.0,1100541.5,1100671.0,1099527.5,1099019.5,1101257.0,1100620.5,1099563.0,1100620.5,1101257.0,1099019.5,1099527.5,1100671.0,1100541.5,1102622.0,1103371.5,1100545.5,1099059.0,1096014.5,1095093.5,1096943.0,1097886.0,1096035.0,1096186.5,1094150.5
1118133.0,1120540.0,1121999.0,1123452.5,1126566.0,1127813.5,1127499.0,1126898.0,1125872.5,1127301.5,1127013.5,1128556.0,1128240.0,1129024.0,1131294.5,1130267.0,1131419.0,1131416.5,1130346.0,1131416.5,1131419.0,1130267.0,1131294.5,1129024.0,1128240.0,1128556.0,1127013.5,1127301.5,1125872.5,1126898.0,1127499.0,1127813.5,1126566.0,1123452.5,1121999.0,1120540.0
1175394.0,1176369.5,1176871.0,1181110.5,1181877.0,1182949.5,1180503.0,1179346.5,1179843.0,1182182.0,1185399.0,1184876.0,1182340.0,1180440.0,1178755.0,1179298.5,1182567.0,1183320.5,1183256.0,1183320.5,1182567.0,1179298.5,1178755.0,1180440.0,1182340.0,1184876.0,1185399.0,1182182.0,1179843.0,1179346.5,1180503.0,1182949.5,1181877.0,1181110.5,1176871.0,1176369.5
1120136.0,1123776.0,1126604.0,1131208.0,1134446.0,1138261.0,1139902.0,1139108.5,1136788.5,1133477.0,1131182.0,1128760.5,1126155.5,1125756.5,1127583.5,1132616.5,1133032.0,1136281.0,1135969.0,1136281.0,1133032.0,1132616.5,1127583.5,1125756.5,1126155.5,1128760.5,1131182.0,1133477.0,1136788.5,1139108.5,1139902.0,1138261.0,1134446.0,1131208.0,1126604.0,1123776.0
1139917.0,1140751.5,1141732.0,1140970.0,1141927.0,1143649.0,1144768.0,1145123.5,1147780.5,1148038.5,1149599.5,1151585.0,1153335.0,1153039.5,1155472.0,1153648.5,1153048.0,1154656.5,1155475.0,1154656.5,1153048.0,1153648.5,1155472.0,1153039.5,1153335.0,1151585.0,1149599.5,1148038.5,1147780.5,1145123.5,1144768.0,1143649.0,1141927.0,1140970.0,1141732.0,1140751.5
1101170.0,1102314.5,1103845.5,1105686.5,1107191.0,1108555.5,1108382.0,1104875.5,1107486.5,1107271.0,1106673.5,1105615.5,1105591.5,1106200.5,1105787.0,1105861.5,1109898.0,1111114.0,1112453.0,1111114.0,1109898.0,1105861.5,1105787.0,1106200.5,1105591.5,1105615.5,1106673.5,1107271.0,1107486.5,1104875.5,1108382.0,1108555.5,1107191.0,1105686.5,1103845.5,1102314.5
1125847.0,1130661.5,1133527.0,1139063.5,1143839.5,1145523.5,1150917.5,1152734.5,1150531.5,1148800.0,1150032.0,1149621.5,1145493.0,1145070.5,1142400.0,1142368.5,1141725.5,1141138.5,1141845.0,1141138.5,1141725.5,1142368.5,1142400.0,1145070.5,1145493.0,1149621.5,1150032.0,1148800.0,1150531.5,1152734.5,1150917.5,1145523.5,1143839.5,1139063.5,1133527.0,1130661.5
1110271.0,1111074.5,1114307.5,1116094.0,1115230.5,1118845.0,1119199.5,1118460.0,1120084.0,1119917.0,1119722.0,1120085.5,1124286.0,1124589.5,1125894.0,1122485.5,1125501.0,1126320.5,1126319.0,1126320.5,1125501.0,1122485.5,1125894.0,1124589.5,1124286.0,1120085.5,1119722.0,1119917.0,1120084.0,1118460.0,1119199.5,1118845.0,1115230.5,1116094.0,1114307.5,1111074.5
1155014.0,1157758.5,1156986.5,1159952.0,1160230.5,1160134.5,1162858.0,1164872.0,1164281.5,1164345.5,1159862.5,1157343.5,1155017.5,1154912.0,1156164.5,1158695.5,1160386.0,1161916.0,1162115.0,1161916.0,1160386.0,1158695.5,1156164.5,1154912.0,1155017.5,1157343.5,1159862.5,1164345.5,1164281.5,1164872.0,1162858.0,1160134.5,1160230.5,1159952.0,1156986.5,1157758.5
1135378.0,1138888.5,1139244.5,1140006.0,1144057.0,1146070.0,1148033.5,1151006.0,1152900.5,1155817.0,1154479.0,1150639.0,1151122.0,1151668.0,1149934.5,1152100.0,1150711.5,1144639.5,1144385.0,1144639.5,1150711.5,1152100.0,1149934.5,1151668.0,1151122.0,1150639.0,1154479.0,1155817.0,1152900.5,1151006.0,1148033.5,1146070.0,1144057.0,1140006.0,1139244.5,1138888.5
1091915.0,1092149.5,1096499.0,1096213.5,1099122.5,1100860.0,1104857.0,1102928.5,1104357.5,1105276.0,1106717.0,1105485.5,1105290.0,1106497.5,1110835.0,1112087.0,1113210.0,1113390.5,1113927.0,1113390.5,1113210.0,1112087.0,1110835.0,1106497.5,1105290.0,1105485.5,1106717.0,1105276.0,1104357.5,1102928.5,1104857.0,1100860.0,1099122.5,1096213.5,1096499.0,1092149.5
1156482.0,1158410.0,1159295.5,1162474.5,1163883.0,1166441.0,1164704.5,1166581.0,1165893.5,1168451.0,1167708.5,1167579.0,1169082.0,1167488.0,1166227.0,1161538.0,1161610.5,1159698.0,1162166.0,1159698.0,1161610.5,1161538.0,1166227.0,1167488.0,1169082.0,1167579.0,1167708.5,1168451.0,1165893.5,1166581.0,1164704.5,1166441.0,1163883.0,1162474.5,1159295.5,1158410.0
1122701.0,1122800.0,1127693.5,1130975.5,1133248.5,1133785.5,1135212.0,1136241.0,1137410.5,1136856.5,1135322.5,1138677.5,1139543.5,1141679.5,1142820.0,1142852.5,1143706.0,1145072.5,1145707.0,1145072.5,1143706.0,1142852.5,1142820.0,1141679.5,1139543.5,1138677.5,1135322.5,1136856.5,1137410.5,1136241.0,1135212.0,1133785.5,1133248.5,1130975.5,1127693.5,1122800.0
1176468.0,1179635.0,1181524.5,1179534.5,1176983.5,1177758.5,1179938.0,1180695.5,1180319.0,1181565.0,1182839.0,1182274.5,1183524.0,1183846.5,1183747.0,1182966.0,1182762.5,1183526.5,1184781.0,1183526.5,1182762.5,1182966.0,1183747.0,1183846.5,1183524.0,1182274.5,1182839.0,1181565.0,1180319.0,1180695.5,1179938.0,1177758.5,1176983.5,1179534.5,1181524.5,1179635.0
1097595.0,1101945.0,1104159.5,1105379.0,1109500.5,1113436.5,1118522.0,1122514.0,1123324.0,1124684.0,1124402.0,1121550.5,1119044.5,1115179.5,1112006.5,1106664.0,1104798.0,1103701.0,1103532.0,1103701.0,1104798.0,1106664.0,1112006.5,1115179.5,1119044.5,1121550.5,1124402.0,1124684.0,1123324.0,1122514.0,1118522.0,1113436.5,1109500.5,1105379.0,1104159.5,1101945.0
1116294.0,1118885.0,1121038.5,1122913.0,1125391.5,1129180.0,1129748.5,1135508.5,1138569.0,1138053.0,1141308.5,1140647.5,1138760.0,1137092.0,1134416.5,1134401.0,1134272.5,1135272.0,1135512.0,1135272.0,1134272.5,1134401.0,1134416.5,1137092.0,1138760.0,1140647.5,1141308.5,1138053.0,1138569.0,1135508.5,1129748.5,1129180.0,1125391.5,1122913.0,1121038.5,1118885.0
1178219.0,1181052.0,1177713.5,1177846.0,1177433.0,1176868.0,1174432.5,1177647.5,1175456.5,1176832.5,1176512.5,1177974.0,1178276.5,1177616.5,1174061.0,1174375.5,1173988.0,1174071.5,1173979.0,1174071.5,1173988.0,1174375.5,1174061.0,1177616.5,1178276.5,1177974.0,1176512.5,1176832.5,1175456.5,1177647.5,1174432.5,1176868.0,1177433.0,1177846.0,1177713.5,1181052.0
1106954.0,1106848.5,1107874.0,1110574.5,1110926.5,1109758.0,1108904.5,1108453.5,1107920.5,1108412.5,1107561.0,1110539.5,1111928.0,1112000.5,1112554.5,1111731.0,1108536.5,1109073.0,1109285.0,1109073.0,1108536.5,1111731.0,1112554.5,1112000.5,1111928.0,1110539.5,1107561.0,1108412.5,1107920.5,1108453.5,1108904.5,1109758.0,1110926.5,1110574.5,1107874.0,1106848.5
1130885.0,1130801.5,1133081.5,1131648.5,1131897.0,1131486.0,1134486.0,1133397.5,1131807.0,1130926.0,1130356.0,1134212.5,1134437.0,1133006.5,1133272.5,1133265.0,1135042.5,1135326.5,1134654.0,1135326.5,1135042.5,1133265.0,1133272.5,1133006.5,1134437.0,1134212.5,1130356.0,1130926.0,1131807.0,1133397.5,1134486.0,1131486.0,1131897.0,1131648.5,1133081.5,1130801.5
1049613.0,1054313.0,1055323.5,1052768.0,1058277.5,1061177.0,1061361.0,1064368.0,1066292.0,1066033.5,1064062.5,1063431.0,1065217.0,1065910.0,1066659.0,1067752.5,1063335.5,1063128.0,1065465.0,1063128.0,1063335.5,1067752.5,1066659.0,1065910.0,1065217.0,1063431.0,1064062.5,1066033.5,1066292.0,1064368.0,1061361.0,1061177.0,1058277.5,1052768.0,1055323.5,1054313.0
1144847.0,1147213.5,1150723.5,1149825.5,1150426.0,1151212.0,1151149.5,1149625.5,1147713.5,1148775.5,1148536.5,1147766.5,1146429.0,1150229.0,1150913.5,1151634.5,1153604.0,1154524.5,1155801.0,1154524.5,1153604.0,1151634.5,1150913.5,1150229.0,1146429.0,1147766.5,1148536.5,1148775.5,1147713.5,1149625.5,1151149.5,1151212.0,1150426.0,1149825.5,1150723.5,1147213.5
1108983.0,1110627.5,1110923.0,1109819.0,1108887.0,1110392.5,1108988.0,1108524.5,1110748.0,1111098.0,1111488.0,1109734.0,1112076.5,1110639.5,1109909.0,1109244.0,1112997.5,1112152.0,1111273.0,1112152.0,1112997.5,1109244.0,1109909.0,1110639.5,1112076.5,1109734.0,1111488.0,1111098.0,1110748.0,1108524.5,1108988.0,1110392.5,1108887.0,1109819.0,1110923.0,1110627.5
1108256.0,1109256.0,1108359.5,1108239.0,1110179.0,1109410.0,1109970.5,1106705.5,1109711.0,1107791.0,1106263.0,1108205.5,1107425.0,1104938.5,1106376.5,1107787.0,1105932.0,1106441.5,1106195.0,1106441.5,1105932.0,1107787.0,1106376.5,1104938.5,1107425.0,1108205.5,1106263.0,1107791.0,1109711.0,1106705.5,1109970.5,1109410.0,1110179.0,1108239.0,1108359.5,1109256.0
1159158.0,1160535.5,1161466.0,1165967.5,1166999.5,1163529.0,1162557.0,1162548.5,1162262.5,1162604.0,1164525.5,1164648.5,1164216.5,1165753.0,1165372.0,1162518.0,1161572.5,1161245.5,1161576.0,1161245.5,1161572.5,1162518.0,1165372.0,1165753.0,1164216.5,1164648.5,1164525.5,1162604.0,1162262.5,1162548.5,1162557.0,1163529.0,1166999.5,1165967.5,1161466.0,1160535.5
1139318.0,1141633.0,1140455.5,1142675.5,1141447.5,1143708.0,1145075.5,1146167.5,1144782.0,1144069.5,1145411.0,1145367.5,1145252.5,1145846.0,1145454.0,1142421.0,1141714.5,1141155.0,1143299.0,1141155.0,1141714.5,1142421.0,1145454.0,1145846.0,1145252.5,1145367.5,1145411.0,1144069.5,1144782.0,1146167.5,1145075.5,1143708.0,1141447.5,1142675.5,1140455.5,1141633.0
1106727.0,1107514.0,1106082.5,1106325.0,1106096.0,1107607.0,1105246.0,1106721.5,1105986.5,1107303.0,1105636.5,1106821.0,1105094.0,1105723.0,1106921.5,1108185.0,1111093.0,1110787.0,1110934.0,1110787.0,1111093.0,1108185.0,1106921.5,1105723.0,1105094.0,1106821.0,1105636.5,1107303.0,1105986.5,1106721.5,1105246.0,1107607.0,1106096.0,1106325.0,1106082.5,1107514.0
1081804.0,1084035.5,1087994.0,1085519.0,1084075.5,1085257.0,1087166.0,1090041.5,1093020.0,1097023.5,1099355.0,1096714.5,1099316.0,1102923.5,1104284.5,1105201.5,1102261.5,1104578.0,1109319.0,1104578.0,1102261.5,1105201.5,1104284.5,1102923.5,1099316.0,1096714.5,1099355.0,1097023.5,1093020.0,1090041.5,1087166.0,1085257.0,1084075.5,1085519.0,1087994.0,1084035.5
1120602.0,1123568.0,1124388.0,1125617.0,1126046.5,1130656.0,1132329.0,1134084.0,1136199.0,1138385.0,1135951.5,1135654.0,1138353.0,1135978.0,1133899.5,1131384.0,1131123.5,1130181.5,1129273.0,1130181.5,1131123.5,1131384.0,1133899.5,1135978.0,1138353.0,1135654.0,1135951.5,1138385.0,1136199.0,1134084.0,1132329.0,1130656.0,1126046.5,1125617.0,1124388.0,1123568.0
1070192.0,1072576.5,1073947.5,1074816.5,1074575.0,1075290.0,1076075.0,1075883.5,1076566.5,1076917.0,1075411.5,1072991.5,1073129.0,1074498.0,1076662.5,1076766.0,1076847.0,1073318.5,1071085.0,1073318.5,1076847.0,1076766.0,1076662.5,1074498.0,1073129.0,1072991.5,1075411.5,1076917.0,1076566.5,1075883.5,1076075.0,1075290.0,1074575.0,1074816.5,1073947.5,1072576.5
1140778.0,1143950.5,1143115.0,1144551.5,1143376.0,1144816.0,1145320.0,1147952.0,1148553.5,1148209.0,1148718.5,1144758.5,1146855.0,1145367.0,1145753.0,1145822.0,1144810.0,1145636.0,1148641.0,1145636.0,1144810.0,1145822.0,1145753.0,1145367.0,1146855.0,1144758.5,1148718.5,1148209.0,1148553.5,1147952.0,1145320.0,1144816.0,1143376.0,1144551.5,1143115.0,1143950.5
1172546.0,1173327.5,1174278.5,1178519.0,1179773.5,1182167.0,1183143.0,1188108.5,1194840.0,1196544.0,1196257.0,1195728.0,1198580.0,1201861.5,1203880.5,1204903.5,1209165.0,1206861.0,1204475.0,1206861.0,1209165.0,1204903.5,1203880.5,1201861.5,1198580.0,1195728.0,1196257.0,1196544.0,1194840.0,1188108.5,1183143.0,1182167.0,1179773.5,1178519.0,1174278.5,1173327.5
1110244.0,1113139.5,1112762.5,1112229.0,1115182.0,1116958.0,1118528.5,1117528.0,1120070.0,1121289.5,1123675.0,1124894.0,1129802.5,1129103.5,1127453.0,1129722.0,1132262.0,1132021.5,1127085.0,1132021.5,1132262.0,1129722.0,1127453.0,1129103.5,1129802.5,1124894.0,1123675.0,1121289.5,1120070.0,1117528.0,1118528.5,1116958.0,1115182.0,1112229.0,1112762.5,1113139.5
1134791.0,1134565.0,1137709.0,1141968.5,1142748.0,1144199.5,1143897.0,1144965.5,1147270.5,1147089.0,1146192.0,1148639.5,1151107.5,1150983.5,1151595.0,1151115.0,1150193.5,1148812.5,1148644.0,1148812.5,1150193.5,1151115.0,1151595.0,1150983.5,1151107.5,1148639.5,1146192.0,1147089.0,1147270.5,1144965.5,1143897.0,1144199.5,1142748.0,1141968.5,1137709.0,1134565.0
1084374.0,1085465.5,1085988.5,1087763.0,1090403.5,1088533.5,1087618.5,1087523.5,1091741.0,1089169.5,1087753.5,1090599.5,1087326.5,1088438.5,1090461.5,1091666.5,1090917.0,1090359.5,1092312.0,1090359.5,1090917.0,1091666.5,1090461.5,1088438.5,1087326.5,1090599.5,1087753.5,1089169.5,1091741.0,1087523.5,1087618.5,1088533.5,1090403.5,1087763.0,1085988.5,1085465.5
1120043.0,1121931.0,1123318.0,1122508.5,1120925.0,1120861.0,1124319.5,1123977.0,1126043.5,1126728.0,1126373.5,1129285.0,1130694.0,1132328.0,1130254.0,1129198.5,1130642.5,1130019.0,1129649.0,1130019.0,1130642.5,1129198.5,1130254.0,1132328.0,1130694.0,1129285.0,1126373.5,1126728.0,1126043.5,1123977.0,1124319.5,1120861.0,1120925.0,1122508.5,1123318.0,1121931.0
1102021.0,1101304.0,1103453.5,1105542.5,1108820.5,1109937.5,1111475.5,1109701.5,1108345.0,1105163.5,1104819.0,1103903.5,1103266.5,1105176.0,1105068.0,1105933.0,1108583.0,1111536.5,1109825.0,1111536.5,1108583.0,1105933.0,1105068.0,1105176.0,1103266.5,1103903.5,1104819.0,1105163.5,1108345.0,1109701.5,1111475.5,1109937.5,1108820.5,1105542.5,1103453.5,1101304.0
1081413.0,1083937.5,1083474.0,1087019.5,1088038.0,1090723.5,1091839.5,1092737.0,1094803.0,1096967.0,1095960.5,1095251.5,1097193.5,1097002.0,1096790.5,1093257.0,1094350.5,1091659.0,1092708.0,1091659.0,1094350.5,1093257.0,1096790.5,1097002.0,1097193.5,1095251.5,1095960.5,1096967.0,1094803.0,1092737.0,1091839.5,1090723.5,1088038.0,1087019.5,1083474.0,1083937.5
1144094.0,1147018.5,1146802.0,1149538.0,1150068.5,1151689.0,1150825.0,1152797.0,1153713.0,1155523.0,1157556.0,1158345.5,1160338.5,1162419.0,1165235.0,1164338.5,1165178.5,1163994.0,1168124.0,1163994.0,1165178.5,1164338.5,1165235.0,1162419.0,1160338.5,1158345.5,1157556.0,1155523.0,1153713.0,1152797.0,1150825.0,1151689.0,1150068.5,1149538.0,1146802.0,1147018.5
1129522.0,1131015.5,1132146.5,1135827.5,1140643.5,1145549.5,1151784.0,1155474.0,1158610.5,1158823.5,1161748.0,1161217.0,1162644.5,1163994.5,1170100.0,1171538.5,1170502.5,1171550.0,1173325.0,1171550.0,1170502.5,1171538.5,1170100.0,1163994.5,1162644.5,1161217.0,1161748.0,1158823.5,1158610.5,1155474.0,1151784.0,1145549.5,1140643.5,1135827.5,1132146.5,1131015.5
1123051.0,1125389.0,1125002.0,1123854.0,1124421.5,1126716.5,1127586.0,1126731.5,1127966.5,1129745.0,1130462.5,1130427.0,1128398.5,1127044.0,1124090.0,1126394.0,1124714.0,1127398.0,1124813.0,1127398.0,1124714.0,1126394.0,1124090.0,1127044.0,1128398.5,1130427.0,1130462.5,1129745.0,1127966.5,1126731.5,1127586.0,1126716.5,1124421.5,1123854.0,1125002.0,1125389.0
1111536.0,1115475.5,1120224.5,1121690.0,1122889.5,1122868.5,1125444.0,1126917.5,1132599.0,1131146.0,1126705.0,1126780.5,1126129.0,1125381.0,1125968.5,1127610.0,1126522.5,1126926.0,1125810.0,1126926.0,1126522.5,1127610.0,1125968.5,1125381.0,1126129.0,1126780.5,1126705.0,1131146.0,1132599.0,1126917.5,1125444.0,1122868.5,1122889.5,1121690.0,1120224.5,1115475.5
1129387.0,1132498.0,1133323.0,1134772.0,1137825.0,1138123.0,1140968.5,1142527.0,1141554.0,1140310.0,1139152.5,1138718.5,1138326.5,1136561.5,1136569.0,1137128.0,1137515.5,1138705.0,1133851.0,1138705.0,1137515.5,1137128.0,1136569.0,1136561.5,1138326.5,1138718.5,1139152.5,1140310.0,1141554.0,1142527.0,1140968.5,1138123.0,1137825.0,1134772.0,1133323.0,1132498.0
1140010.0,1143479.5,1141892.5,1143353.0,1142877.5,1142117.0,1140910.0,1141191.0,1142506.5,1143689.0,1143211.5,1144532.0,1140951.0,1142186.0,1141280.5,1142693.5,1143715.0,1142822.0,1143151.0,1142822.0,1143715.0,1142693.5,1141280.5,1142186.0,1140951.0,1144532.0,1143211.5,1143689.0,1142506.5,1141191.0,1140910.0,1142117.0,1142877.5,1143353.0,1141892.5,1143479.5
1147275.0,1152700.5,1154867.0,1154600.5,1155777.0,1154282.5,1151480.0,1151907.5,1152328.5,1152031.0,1154497.0,1154198.5,1152416.5,1152359.5,1152218.0,1153025.0,1154988.5,1158108.0,1159906.0,1158108.0,1154988.5,1153025.0,1152218.0,1152359.5,1152416.5,1154198.5,1154497.0,1152031.0,1152328.5,1151907.5,1151480.0,1154282.5,1155777.0,1154600.5,1154867.0,1152700.5
1106757.0,1106841.5,1105108.5,1107677.0,1106524.0,1106747.5,1108592.5,1108786.0,1110609.5,1107512.5,1109405.5,1108698.5,1110610.0,1109972.0,1110547.0,1109305.0,1109623.5,1112950.0,1109790.0,1112950.0,1109623.5,1109305.0,1110547.0,1109972.0,1110610.0,1108698.5,1109405.5,1107512.5,1110609.5,1108786.0,1108592.5,1106747.5,1106524.0,1107677.0,1105108.5,1106841.5
1138435.0,1141108.0,1141833.5,1141498.5,1140602.5,1141464.5,1143398.5,1143652.0,1147641.5,1149017.0,1150488.5,1152092.5,1152775.0,1153839.0,1153587.5,1155629.0,1154628.5,1153368.0,1151961.0,1153368.0,1154628.5,1155629.0,1153587.5,1153839.0,1152775.0,1152092.5,1150488.5,1149017.0,1147641.5,1143652.0,1143398.5,1141464.5,1140602.5,1141498.5,1141833.5,1141108.0
1097436.0,1100196.5,1100859.0,1099941.0,1099203.0,1101226.0,1103207.5,1101511.0,1100422.0,1101825.0,1102862.0,1101491.0,1098757.5,1100782.0,1099690.0,1098956.5,1099196.0,1100577.0,1102134.0,1100577.0,1099196.0,1098956.5,1099690.0,1100782.0,1098757.5,1101491.0,1102862.0,1101825.0,1100422.0,1101511.0,1103207.5,1101226.0,1099203.0,1099941.0,1100859.0,1100196.5
1126872.0,1129829.0,1133856.0,1136510.0,1141082.5,1141447.5,1138052.5,1136905.0,1137486.0,1138013.0,1138655.5,1139104.0,1142579.0,1146357.0,1146344.5,1145765.0,1146284.5,1146689.0,1146214.0,1146689.0,1146284.5,1145765.0,1146344.5,1146357.0,1142579.0,1139104.0,1138655.5,1138013.0,1137486.0,1136905.0,1138052.5,1141447.5,1141082.5,1136510.0,1133856.0,1129829.0
1187721.0,1190007.0,1191506.0,1193128.5,1194241.5,1196136.5,1198799.0,1199675.5,1200103.0,1203576.5,1203870.0,1206215.5,1207690.5,1210039.5,1210315.0,1210307.5,1211830.0,1211751.5,1209995.0,1211751.5,1211830.0,1210307.5,1210315.0,1210039.5,1207690.5,1206215.5,1203870.0,1203576.5,1200103.0,1199675.5,1198799.0,1196136.5,1194241.5,1193128.5,1191506.0,1190007.0
1107744.0,1110558.5,1111622.0,1113799.5,1116622.5,1117276.5,1119391.0,1122529.5,1126118.5,1124660.0,1124020.0,1125360.0,1125577.0,1127388.5,1127063.0,1125183.0,1125855.0,1127464.5,1121794.0,1127464.5,1125855.0,1125183.0,1127063.0,1127388.5,1125577.0,1125360.0,1124020.0,1124660.0,1126118.5,1122529.5,1119391.0,1117276.5,1116622.5,1113799.5,1111622.0,1110558.5
1144899.0,1144900.0,1147730.5,1146973.5,1145948.0,1146436.0,1149177.0,1148393.0,1148028.0,1149830.5,1153654.0,1151949.0,1151730.5,1149747.0,1151658.5,1151804.0,1151620.0,1153178.0,1152486.0,1153178.0,1151620.0,1151804.0,1151658.5,1149747.0,1151730.5,1151949.0,1153654.0,1149830.5,1148028.0,1148393.0,1149177.0,1146436.0,1145948.0,1146973.5,1147730.5,1144900.0
1123433.0,1125089.5,1125749.5,1126479.5,1127053.5,1127704.5,1130119.5,1127911.0,1125890.5,1125689.5,1123627.0,1123928.5,1123579.0,1125192.5,1125855.5,1126641.0,1126327.5,1126050.0,1125907.0,1126050.0,1126327.5,1126641.0,1125855.5,1125192.5,1123579.0,1123928.5,1123627.0,1125689.5,1125890.5,1127911.0,1130119.5,1127704.5,1127053.5,1126479.5,1125749.5,1125089.5
1125387.0,1126618.5,1129355.5,1128387.5,1132678.0,1134098.0,1136346.5,1137452.0,1140405.0,1143220.0,1145310.5,1145742.0,1144929.5,1147746.0,1148422.5,1149934.0,1152523.0,1154543.0,1154660.0,1154543.0,1152523.0,1149934.0,1148422.5,1147746.0,1144929.5,1145742.0,1145310.5,1143220.0,1140405.0,1137452.0,1136346.5,1134098.0,1132678.0,1128387.5,1129355.5,1126618.5
1109686.0,1109488.5,1109704.5,1112357.5,1115525.5,1114176.5,1116121.0,1116082.5,1114593.0,1117298.0,1117865.5,1115142.5,1113950.0,1114340.0,1114239.0,1112309.0,1112059.5,1112437.0,1112105.0,1112437.0,1112059.5,1112309.0,1114239.0,1114340.0,1113950.0,1115142.5,1117865.5,1117298.0,1114593.0,1116082.5,1116121.0,1114176.5,1115525.5,1112357.5,1109704.5,1109488.5
1169759.0,1170522.5,1174294.5,1174816.0,1173911.5,1172375.0,1172401.5,1177902.5,1175996.5,1177451.5,1176047.5,1178055.0,1177291.5,1175974.0,1175738.0,1175919.0,1173825.5,1174584.5,1174106.0,1174584.5,1173825.5,1175919.0,1175738.0,1175974.0,1177291.5,1178055.0,1176047.5,1177451.5,1175996.5,1177902.5,1172401.5,1172375.0,1173911.5,1174816.0,1174294.5,1170522.5
1101470.0,1103551.5,1109995.5,1111104.5,1111996.0,1114728.0,1115170.0,1116253.0,1112499.0,1115517.0,1115426.5,1117871.5,1115130.0,1121065.0,1120331.5,1119214.0,1117796.0,1118278.5,1120461.0,1118278.5,1117796.0,1119214.0,1120331.5,1121065.0,1115130.0,1117871.5,1115426.5,1115517.0,1112499.0,1116253.0,1115170.0,1114728.0,1111996.0,1111104.5,1109995.5,1103551.5
1059327.0,1060742.5,1062608.0,1062729.5,1064602.0,1066570.0,1067511.5,1065675.0,1064331.5,1064608.0,1062646.0,1062049.5,1060805.5,1059776.5,1060832.0,1062138.0,1061655.0,1063777.0,1063598.0,1063777.0,1061655.0,1062138.0,1060832.0,1059776.5,1060805.5,1062049.5,1062646.0,1064608.0,1064331.5,1065675.0,1067511.5,1066570.0,1064602.0,1062729.5,1062608.0,1060742.5
1102630.0,1103007.0,1105309.5,1106079.5,1107009.5,1107676.5,1106526.0,1103657.0,1103880.0,1102917.0,1105313.0,1106217.0,1105145.0,1106322.5,1107451.5,1108290.5,1105056.0,1107409.0,1106583.0,1107409.0,1105056.0,1108290.5,1107451.5,1106322.5,1105145.0,1106217.0,1105313.0,1102917.0,1103880.0,1103657.0,1106526.0,1107676.5,1107009.5,1106079.5,1105309.5,1103007.0
1114429.0,1116620.5,1119065.0,1118842.0,1121390.5,1120529.0,1122400.5,1125753.0,1128690.5,1130228.0,1130059.5,1128748.0,1127395.0,1127108.0,1127739.5,1124768.5,1125246.5,1124721.0,1123333.0,1124721.0,1125246.5,1124768.5,1127739.5,1127108.0,1127395.0,1128748.0,1130059.5,1130228.0,1128690.5,1125753.0,1122400.5,1120529.0,1121390.5,1118842.0,1119065.0,1116620.5
1075090.0,1076073.5,1075902.0,1077271.5,1079761.5,1081581.5,1082832.5,1085627.5,1087093.0,1086314.5,1086632.0,1089346.0,1087834.5,1089372.5,1086572.5,1086098.0,1087065.0,1086431.0,1086792.0,1086431.0,1087065.0,1086098.0,1086572.5,1089372.5,1087834.5,1089346.0,1086632.0,1086314.5,1087093.0,1085627.5,1082832.5,1081581.5,1079761.5,1077271.5,1075902.0,1076073.5
1095561.0,1094736.0,1095086.0,1095353.0,1097057.5,1098120.0,1097058.0,1097350.0,1098979.0,1100914.0,1100634.5,1102891.5,1102711.5,1105577.5,1107867.5,1105125.0,1107202.5,1108389.5,1107935.0,1108389.5,1107202.5,1105125.0,1107867.5,1105577.5,1102711.5,1102891.5,1100634.5,1100914.0,1098979.0,1097350.0,1097058.0,1098120.0,1097057.5,1095353.0,1095086.0,1094736.0
1126805.0,1128249.0,1127560.5,1129279.0,1130423.0,1131835.0,1132545.5,1132245.0,1134720.0,1135686.0,1133602.0,1132775.0,1132134.5,1131964.0,1128701.5,1127640.5,1128707.5,1131957.5,1130936.0,1131957.5,1128707.5,1127640.5,1128701.5,1131964.0,1132134.5,1132775.0,1133602.0,1135686.0,1134720.0,1132245.0,1132545.5,1131835.0,1130423.0,1129279.0,1127560.5,1128249.0
1085319.0,1083534.5,1084733.5,1084167.0,1085590.0,1084785.0,1085601.0,1087899.0,1084745.5,1085264.5,1085819.0,1086662.5,1087400.0,1087222.5,1087682.0,1086579.5,1088218.0,1087159.5,1085617.0,1087159.5,1088218.0,1086579.5,1087682.0,1087222.5,1087400.0,1086662.5,1085819.0,1085264.5,1084745.5,1087899.0,1085601.0,1084785.0,1085590.0,1084167.0,1084733.5,1083534.5
1150781.0,1153305.0,1155123.5,1157716.0,1158518.5,1157577.0,1154807.0,1157453.5,1157531.0,1158792.5,1162364.0,1165602.5,1164755.5,1163337.0,1165395.5,1163326.5,1159720.0,1161486.0,1165113.0,1161486.0,1159720.0,1163326.5,1165395.5,1163337.0,1164755.5,1165602.5,1162364.0,1158792.5,1157531.0,1157453.5,1154807.0,1157577.0,1158518.5,1157716.0,1155123.5,1153305.0
1111068.0,1113064.5,1114005.0,1115923.5,1117602.5,1118626.5,1118282.0,1116909.0,1117493.5,1115980.5,1117639.5,1116246.5,1117169.5,1120720.5,1118450.5,1117360.5,1116256.5,1114841.5,1111836.0,1114841.5,1116256.5,1117360.5,1118450.5,1120720.5,1117169.5,1116246.5,1117639.5,1115980.5,1117493.5,1116909.0,1118282.0,1118626.5,1117602.5,1115923.5,1114005.0,1113064.5
1093589.0,1094289.0,1095641.0,1097796.5,1099824.0,1101232.5,1102506.5,1100465.5,1100954.0,1101456.0,1100980.5,1099374.5,1098504.0,1101395.5,1101694.0,1101524.5,1100861.5,1101913.0,1100338.0,1101913.0,1100861.5,1101524.5,1101694.0,1101395.5,1098504.0,1099374.5,1100980.5,1101456.0,1100954.0,1100465.5,1102506.5,1101232.5,1099824.0,1097796.5,1095641.0,1094289.0
1128817.0,1132972.0,1132045.5,1133564.0,1136351.5,1136002.0,1138271.0,1138718.0,1140644.0,1138419.5,1141762.0,1139367.0,1140036.0,1140480.5,1139589.0,1138210.5,1135865.0,1135119.5,1132101.0,1135119.5,1135865.0,1138210.5,1139589.0,1140480.5,1140036.0,1139367.0,1141762.0,1138419.5,1140644.0,1138718.0,1138271.0,1136002.0,1136351.5,1133564.0,1132045.5,1132972.0
1111293.0,1115188.0,1115274.0,1118736.0,1118327.0,1120165.5,1123862.0,1125112.0,1127101.0,1126351.5,1131920.0,1134225.5,1136626.0,1134494.0,1134564.0,1138186.5,1137156.5,1136135.0,1136238.0,1136135.0,1137156.5,1138186.5,1134564.0,1134494.0,1136626.0,1134225.5,1131920.0,1126351.5,1127101.0,1125112.0,1123862.0,1120165.5,1118327.0,1118736.0,1115274.0,1115188.0
1147666.0,1147892.5,1152959.0,1154919.0,1155485.0,1159664.5,1161284.5,1163555.5,1162728.5,1165417.5,1167347.0,1170155.5,1173586.5,1176459.5,1178732.0,1181017.5,1178971.5,1177044.5,1172720.0,1177044.5,1178971.5,1181017.5,1178732.0,1176459.5,1173586.5,1170155.5,1167347.0,1165417.5,1162728.5,1163555.5,1161284.5,1159664.5,1155485.0,1154919.0,1152959.0,1147892.5
1085710.0,1089559.0,1092066.0,1095850.0,1099921.0,1102503.0,1101864.0,1099360.0,1097828.5,1094265.5,1094771.5,1094039.0,1094607.5,1097442.0,1099075.0,1099353.0,1098822.5,1098026.5,1096310.0,1098026.5,1098822.5,1099353.0,1099075.0,1097442.0,1094607.5,1094039.0,1094771.5,1094265.5,1097828.5,1099360.0,1101864.0,1102503.0,1099921.0,1095850.0,1092066.0,1089559.0
1133864.0,1133132.0,1134369.5,1135203.0,1136196.0,1137678.5,1138615.0,1140129.5,1140833.5,1141122.0,1142251.5,1144141.5,1141149.5,1139791.5,1140075.5,1141023.5,1141657.0,1141669.5,1143827.0,1141669.5,1141657.0,1141023.5,1140075.5,1139791.5,1141149.5,1144141.5,1142251.5,1141122.0,1140833.5,1140129.5,1138615.0,1137678.5,1136196.0,1135203.0,1134369.5,1133132.0
1101770.0,1103643.5,1105790.5,1106480.0,1106709.5,1106791.5,1108706.0,1111043.0,1111563.0,1112309.5,1113142.5,1116642.5,1115377.5,1117296.0,1117084.5,1117667.5,1119320.0,1119121.5,1120889.0,1119121.5,1119320.0,1117667.5,1117084.5,1117296.0,1115377.5,1116642.5,1113142.5,1112309.5,1111563.0,1111043.0,1108706.0,1106791.5,1106709.5,1106480.0,1105790.5,1103643.5
1091074.0,1095187.5,1095234.0,1094678.5,1098057.0,1098423.5,1098979.0,1100105.5,1101668.0,1101311.0,1102962.5,1104825.0,1106011.0,1105786.5,1105249.0,1104316.0,1104065.0,1103606.5,1103939.0,1103606.5,1104065.0,1104316.0,1105249.0,1105786.5,1106011.0,1104825.0,1102962.5,1101311.0,1101668.0,1100105.5,1098979.0,1098423.5,1098057.0,1094678.5,1095234.0,1095187.5
1081825.0,1084139.0,1085198.5,1088883.5,1086865.0,1090180.0,1089925.0,1091431.0,1089928.5,1088932.0,1089366.5,1088759.5,1087890.5,1086523.0,1085702.0,1086859.5,1086747.0,1084512.0,1085848.0,1084512.0,1086747.0,1086859.5,1085702.0,1086523.0,1087890.5,1088759.5,1089366.5,1088932.0,1089928.5,1091431.0,1089925.0,1090180.0,1086865.0,1088883.5,1085198.5,1084139.0
1131301.0,1131860.5,1132896.5,1133278.0,1135492.0,1134396.5,1133149.5,1133526.0,1133266.5,1134654.0,1136145.0,1135882.0,1135275.5,1136894.5,1134144.0,1135023.5,1135908.5,1136937.0,1137972.0,1136937.0,1135908.5,1135023.5,1134144.0,1136894.5,1135275.5,1135882.0,1136145.0,1134654.0,1133266.5,1133526.0,1133149.5,1134396.5,1135492.0,1133278.0,1132896.5,1131860.5
1174349.0,1174088.5,1174677.5,1177348.0,1177808.5,1180140.0,1180399.0,1180540.0,1180944.5,1181448.0,1182488.0,1184554.5,1183891.0,1181763.0,1183334.5,1184257.5,1186023.0,1183758.0,1181784.0,1183758.0,1186023.0,1184257.5,1183334.5,1181763.0,1183891.0,1184554.5,1182488.0,1181448.0,1180944.5,1180540.0,1180399.0,1180140.0,1177808.5,1177348.0,1174677.5,1174088.5
1101850.0,1104704.5,1105264.5,1110546.0,1109736.5,1111078.5,1109693.0,1112050.5,1113077.0,1113187.0,1110060.0,1110399.0,1110864.5,1110823.5,1109529.5,1107802.5,1105787.5,1105092.0,1105694.0,1105092.0,1105787.5,1107802.5,1109529.5,1110823.5,1110864.5,1110399.0,1110060.0,1113187.0,1113077.0,1112050.5,1109693.0,1111078.5,1109736.5,1110546.0,1105264.5,1104704.5
1101210.0,1101395.0,1102033.0,1104425.0,1106206.0,1105280.0,1106066.5,1106933.5,1108565.5,1108507.5,1107702.5,1108136.0,1109273.0,1111284.5,1112951.5,1113111.5,1115098.5,1114664.5,1113786.0,1114664.5,1115098.5,1113111.5,1112951.5,1111284.5,1109273.0,1108136.0,1107702.5,1108507.5,1108565.5,1106933.5,1106066.5,1105280.0,1106206.0,1104425.0,1102033.0,1101395.0
1127587.0,1134066.5,1134974.0,1129599.0,1130996.5,1132217.0,1133798.5,1131766.0,1130454.5,1131648.0,1132829.5,1129969.5,1130860.0,1127655.5,1128245.0,1130477.5,1129320.0,1131362.0,1133071.0,1131362.0,1129320.0,1130477.5,1128245.0,1127655.5,1130860.0,1129969.5,1132829.5,1131648.0,1130454.5,1131766.0,1133798.5,1132217.0,1130996.5,1129599.0,1134974.0,1134066.5
1141460.0,1144656.0,1147034.0,1147437.0,1147418.0,1147327.5,1146389.0,1147369.0,1148874.0,1148945.0,1150382.5,1152387.5,1152125.5,1154354.0,1151182.5,1150440.5,1152276.0,1153865.5,1155883.0,1153865.5,1152276.0,1150440.5,1151182.5,1154354.0,1152125.5,1152387.5,1150382.5,1148945.0,1148874.0,1147369.0,1146389.0,1147327.5,1147418.0,1147437.0,1147034.0,1144656.0
1157216.0,1159340.5,1161952.5,1161650.0,1162344.0,1163806.0,1164125.0,1165865.0,1165264.0,1164360.5,1167623.5,1168307.0,1166632.0,1164326.5,1162313.0,1163503.5,1164181.0,1163915.0,1164022.0,1163915.0,1164181.0,1163503.5,1162313.0,1164326.5,1166632.0,1168307.0,1167623.5,1164360.5,1165264.0,1165865.0,1164125.0,1163806.0,1162344.0,1161650.0,1161952.5,1159340.5
1131999.0,1132673.5,1136870.0,1136714.5,1139030.0,1139988.0,1138088.5,1138109.0,1135534.0,1142261.0,1138865.0,1138807.0,1139509.0,1138380.5,1138283.5,1135373.5,1138259.5,1137112.0,1137960.0,1137112.0,1138259.5,1135373.5,1138283.5,1138380.5,1139509.0,1138807.0,1138865.0,1142261.0,1135534.0,1138109.0,1138088.5,1139988.0,1139030.0,1136714.5,1136870.0,1132673.5
1078951.0,1079935.0,1082122.5,1083616.5,1086510.5,1088151.0,1090109.5,1090076.0,1091041.5,1090988.0,1089174.0,1089607.5,1088246.0,1087159.0,1085554.0,1083207.0,1084462.0,1083676.5,1084476.0,1083676.5,1084462.0,1083207.0,1085554.0,1087159.0,1088246.0,1089607.5,1089174.0,1090988.0,1091041.5,1090076.0,1090109.5,1088151.0,1086510.5,1083616.5,1082122.5,1079935.0
1146508.0,1145439.5,1145803.0,1148263.5,1149761.0,1150481.0,1148794.5,1150631.5,1151808.5,1152695.5,1152882.0,1151151.0,1151492.5,1149362.5,1149150.0,1148554.5,1145779.0,1146947.0,1149219.0,1146947.0,1145779.0,1148554.5,1149150.0,1149362.5,1151492.5,1151151.0,1152882.0,1152695.5,1151808.5,1150631.5,1148794.5,1150481.0,1149761.0,1148263.5,1145803.0,1145439.5
1133704.0,1138568.5,1140622.0,1142643.5,1145871.0,1146624.0,1145492.5,1142603.0,1140846.0,1142562.5,1144695.0,1144526.0,1149669.5,1149909.5,1145698.0,1141782.5,1139896.5,1140192.0,1139586.0,1140192.0,1139896.5,1141782.5,1145698.0,1149909.5,1149669.5,1144526.0,1144695.0,1142562.5,1140846.0,1142603.0,1145492.5,1146624.0,1145871.0,1142643.5,1140622.0,1138568.5
1166914.0,1167500.5,1170649.0,1170751.0,1171730.0,1169311.0,1170236.0,1170941.5,1172167.0,1170898.5,1171993.5,1170565.5,1170372.0,1171804.0,1172900.0,1172326.5,1172336.5,1171366.5,1171508.0,1171366.5,1172336.5,1172326.5,1172900.0,1171804.0,1170372.0,1170565.5,1171993.5,1170898.5,1172167.0,1170941.5,1170236.0,1169311.0,1171730.0,1170751.0,1170649.0,1167500.5
1115568.0,1122250.0,1121421.0,1126253.0,1128816.0,1133884.5,1133976.0,1136311.5,1134056.5,1135669.5,1135918.0,1134127.0,1135735.5,1134868.0,1135590.5,1132575.5,1132625.5,1128307.0,1130012.0,1128307.0,1132625.5,1132575.5,1135590.5,1134868.0,1135735.5,1134127.0,1135918.0,1135669.5,1134056.5,1136311.5,1133976.0,1133884.5,1128816.0,1126253.0,1121421.0,1122250.0
1060192.0,1061591.0,1062793.5,1071333.5,1075497.5,1083099.5,1082348.5,1082615.5,1082523.0,1082828.5,1084172.5,1087819.0,1090629.5,1095322.0,1096525.5,1098496.0,1097773.0,1098146.0,1098350.0,1098146.0,1097773.0,1098496.0,1096525.5,1095322.0,1090629.5,1087819.0,1084172.5,1082828.5,1082523.0,1082615.5,1082348.5,1083099.5,1075497.5,1071333.5,1062793.5,1061591.0
1137775.0,1140920.5,1144385.5,1144722.5,1145077.5,1148417.5,1149207.5,1149863.0,1148316.0,1147625.5,1145543.0,1146622.0,1147703.0,1148516.0,1148952.5,1148611.5,1148644.0,1148813.5,1153097.0,1148813.5,1148644.0,1148611.5,1148952.5,1148516.0,1147703.0,1146622.0,1145543.0,1147625.5,1148316.0,1149863.0,1149207.5,1148417.5,1145077.5,1144722.5,1144385.5,1140920.5
1110470.0,1116512.0,1118970.0,1118284.0,1121263.0,1120394.5,1117018.5,1115122.0,1117146.5,1117371.5,1114918.5,1119081.0,1118387.0,1115239.5,1116378.0,1118045.5,1118413.0,1120546.0,1119781.0,1120546.0,1118413.0,1118045.5,1116378.0,1115239.5,1118387.0,1119081.0,1114918.5,1117371.5,1117146.5,1115122.0,1117018.5,1120394.5,1121263.0,1118284.0,1118970.0,1116512.0
1083414.0,1086035.0,1088582.0,1091732.0,1090852.5,1095771.5,1096204.5,1098032.0,1098044.0,1099801.5,1096904.0,1095216.5,1093259.0,1094044.0,1090737.5,1090769.0,1091216.0,1088927.0,1087104.0,1088927.0,1091216.0,1090769.0,1090737.5,1094044.0,1093259.0,1095216.5,1096904.0,1099801.5,1098044.0,1098032.0,1096204.5,1095771.5,1090852.5,1091732.0,1088582.0,1086035.0
1091261.0,1094037.0,1096036.5,1098782.5,1099115.0,1102103.5,1103997.5,1108263.0,1104445.0,1104356.5,1105657.0,1107614.0,1104494.0,1101622.0,1101383.5,1099712.0,1098493.0,1095496.5,1094130.0,1095496.5,1098493.0,1099712.0,1101383.5,1101622.0,1104494.0,1107614.0,1105657.0,1104356.5,1104445.0,1108263.0,1103997.5,1102103.5,1099115.0,1098782.5,1096036.5,1094037.0
1130914.0,1130104.0,1134344.0,1137916.5,1141771.0,1145120.5,1146471.0,1151020.5,1153000.5,1156672.5,1157091.5,1157903.5,1157846.0,1160045.0,1160738.0,1159390.0,1161195.5,1162083.5,1162395.0,1162083.5,1161195.5,1159390.0,1160738.0,1160045.0,1157846.0,1157903.5,1157091.5,1156672.5,1153000.5,1151020.5,1146471.0,1145120.5,1141771.0,1137916.5,1134344.0,1130104.0
1106856.0,1108366.5,1109947.0,1109062.5,1109294.5,1110164.0,1111601.0,1114680.0,1116389.0,1117966.5,1118282.5,1120818.5,1121976.0,1123522.5,1125498.0,1129194.0,1127670.0,1127032.0,1123495.0,1127032.0,1127670.0,1129194.0,1125498.0,1123522.5,1121976.0,1120818.5,1118282.5,1117966.5,1116389.0,1114680.0,1111601.0,1110164.0,1109294.5,1109062.5,1109947.0,1108366.5
1106707.0,1109852.5,1108612.0,1111176.0,1112714.5,1111566.5,1108057.5,1109000.0,1109098.0,1110511.5,1112267.5,1110217.5,1112063.0,1109595.5,1107631.0,1109942.5,1112218.5,1109594.5,1113408.0,1109594.5,1112218.5,1109942.5,1107631.0,1109595.5,1112063.0,1110217.5,1112267.5,1110511.5,1109098.0,1109000.0,1108057.5,1111566.5,1112714.5,1111176.0,1108612.0,1109852.5
1105356.0,1105884.5,1106958.0,1107332.0,1107014.5,1109228.5,1113480.0,1111507.0,1110529.5,1112575.0,1113923.5,1111715.5,1114702.5,1113428.0,1114490.5,1115979.5,1113956.0,1115836.0,1116061.0,1115836.0,1113956.0,1115979.5,1114490.5,1113428.0,1114702.5,1111715.5,1113923.5,1112575.0,1110529.5,1111507.0,1113480.0,1109228.5,1107014.5,1107332.0,1106958.0,1105884.5
1140578.0,1143154.5,1145857.5,1147253.0,1149703.0,1151378.5,1155132.5,1154737.5,1156270.5,1155601.0,1156497.5,1155379.0,1154282.5,1155337.0,1152512.5,1148676.5,1148422.0,1146493.0,1147546.0,1146493.0,1148422.0,1148676.5,1152512.5,1155337.0,1154282.5,1155379.0,1156497.5,1155601.0,1156270.5,1154737.5,1155132.5,1151378.5,1149703.0,1147253.0,1145857.5,1143154.5
1125945.0,1128672.0,1127182.0,1124955.0,1124746.0,1123722.5,1124496.0,1126448.0,1127820.5,1126895.0,1128856.5,1129783.0,1129257.5,1128683.5,1127115.0,1125890.0,1128215.0,1128720.0,1126580.0,1128720.0,1128215.0,1125890.0,1127115.0,1128683.5,1129257.5,1129783.0,1128856.5,1126895.0,1127820.5,1126448.0,1124496.0,1123722.5,1124746.0,1124955.0,1127182.0,1128672.0
1086362.0,1092924.5,1093450.0,1095597.5,1096972.0,1096113.0,1094763.0,1095667.0,1096603.0,1097311.0,1096034.0,1098454.5,1098470.0,1099350.5,1097821.5,1097150.5,1097409.5,1097578.5,1094822.0,1097578.5,1097409.5,1097150.5,1097821.5,1099350.5,1098470.0,1098454.5,1096034.0,1097311.0,1096603.0,1095667.0,1094763.0,1096113.0,1096972.0,1095597.5,1093450.0,1092924.5
1138638.0,1141272.0,1141451.5,1140738.5,1141934.0,1143231.0,1144627.0,1145693.0,1146839.0,1150251.0,1152024.0,1153391.5,1154930.5,1159874.0,1163911.0,1160667.5,1159014.5,1160975.5,1165267.0,1160975.5,1159014.5,1160667.5,1163911.0,1159874.0,1154930.5,1153391.5,1152024.0,1150251.0,1146839.0,1145693.0,1144627.0,1143231.0,1141934.0,1140738.5,1141451.5,1141272.0
1107079.0,1110772.0,1114452.5,1115241.5,1111816.5,1110988.5,1113770.5,1116563.5,1118390.0,1117672.0,1117170.5,1116276.5,1116387.0,1117456.5,1115537.0,1116076.0,1115199.0,1113123.5,1110279.0,1113123.5,1115199.0,1116076.0,1115537.0,1117456.5,1116387.0,1116276.5,1117170.5,1117672.0,1118390.0,1116563.5,1113770.5,1110988.5,1111816.5,1115241.5,1114452.5,1110772.0
1087307.0,1088307.5,1090947.5,1091567.0,1094308.0,1094388.5,1093404.0,1094784.0,1094839.0,1095855.5,1098380.0,1099758.5,1099497.0,1100489.5,1099579.0,1100896.0,1101743.0,1101780.5,1101344.0,1101780.5,1101743.0,1100896.0,1099579.0,1100489.5,1099497.0,1099758.5,1098380.0,1095855.5,1094839.0,1094784.0,1093404.0,1094388.5,1094308.0,1091567.0,1090947.5,1088307.5
1107046.0,1108912.5,1109649.0,1111494.5,1112852.0,1115433.0,1118438.5,1118435.0,1120941.0,1122823.5,1119695.5,1119435.0,1119810.5,1119405.5,1120651.0,1118205.5,1117058.5,1114440.0,1112191.0,1114440.0,1117058.5,1118205.5,1120651.0,1119405.5,1119810.5,1119435.0,1119695.5,1122823.5,1120941.0,1118435.0,1118438.5,1115433.0,1112852.0,1111494.5,1109649.0,1108912.5
1118010.0,1118939.5,1118397.5,1120175.0,1121035.5,1120491.0,1123336.0,1123883.0,1125909.5,1127119.0,1125922.5,1128347.5,1126823.0,1126552.0,1126025.0,1127667.5,1127891.0,1128854.0,1129073.0,1128854.0,1127891.0,1127667.5,1126025.0,1126552.0,1126823.0,1128347.5,1125922.5,1127119.0,1125909.5,1123883.0,1123336.0,1120491.0,1121035.5,1120175.0,1118397.5,1118939.5
1080250.0,1080873.0,1084270.5,1083946.5,1084944.5,1086785.5,1084213.5,1085178.0,1087514.5,1086952.5,1087530.5,1088901.0,1089646.5,1088925.5,1089420.0,1090088.5,1090155.5,1093003.5,1094387.0,1093003.5,1090155.5,1090088.5,1089420.0,1088925.5,1089646.5,1088901.0,1087530.5,1086952.5,1087514.5,1085178.0,1084213.5,1086785.5,1084944.5,1083946.5,1084270.5,1080873.0
1079945.0,1086047.0,1084617.5,1083712.5,1086774.0,1087778.0,1084333.5,1086558.5,1086758.5,1084581.0,1086260.0,1087161.5,1087835.0,1088630.5,1086967.5,1088619.0,1088427.0,1088702.0,1088547.0,1088702.0,1088427.0,1088619.0,1086967.5,1088630.5,1087835.0,1087161.5,1086260.0,1084581.0,1086758.5,1086558.5,1084333.5,1087778.0,1086774.0,1083712.5,1084617.5,1086047.0
1116538.0,1119749.5,1119192.5,1122564.0,1121932.0,1122817.0,1124720.5,1125040.0,1125859.5,1127247.0,1128902.0,1129741.0,1131018.5,1130771.0,1133114.5,1131733.0,1130567.0,1132511.5,1132153.0,1132511.5,1130567.0,1131733.0,1133114.5,1130771.0,1131018.5,1129741.0,1128902.0,1127247.0,1125859.5,1125040.0,1124720.5,1122817.0,1121932.0,1122564.0,1119192.5,1119749.5
1112102.0,1115183.0,1115335.0,1117378.5,1117934.5,1118740.0,1119079.0,1119728.0,1118828.0,1116143.5,1116171.5,1117046.0,1116396.0,1115758.0,1116060.0,1114675.5,1117332.5,1117619.5,1120097.0,1117619.5,1117332.5,1114675.5,1116060.0,1115758.0,1116396.0,1117046.0,1116171.5,1116143.5,1118828.0,1119728.0,1119079.0,1118740.0,1117934.5,1117378.5,1115335.0,1115183.0
1118785.0,1118600.5,1122260.5,1123127.5,1122731.5,1121082.0,1120137.5,1120736.5,1123041.5,1123198.5,1122924.5,1123142.5,1121289.5,1120477.0,1121415.5,1122144.5,1122030.0,1122076.5,1124807.0,1122076.5,1122030.0,1122144.5,1121415.5,1120477.0,1121289.5,1123142.5,1122924.5,1123198.5,1123041.5,1120736.5,1120137.5,1121082.0,1122731.5,1123127.5,1122260.5,1118600.5
1116420.0,1116156.0,1118161.0,1117030.0,1119192.0,1118317.0,1121273.0,1122087.5,1122755.0,1124727.5,1125157.0,1123052.5,1124543.0,1124019.5,1124382.5,1124025.0,1125921.0,1125853.0,1127071.0,1125853.0,1125921.0,1124025.0,1124382.5,1124019.5,1124543.0,1123052.5,1125157.0,1124727.5,1122755.0,1122087.5,1121273.0,1118317.0,1119192.0,1117030.0,1118161.0,1116156.0
1082040.0,1085813.5,1087610.5,1088680.5,1086912.0,1087315.5,1088446.5,1089507.0,1090298.5,1091532.5,1091195.0,1090340.5,1090938.5,1089193.0,1087320.5,1086841.0,1086173.0,1089132.5,1087361.0,1089132.5,1086173.0,1086841.0,1087320.5,1089193.0,1090938.5,1090340.5,1091195.0,1091532.5,1090298.5,1089507.0,1088446.5,1087315.5,1086912.0,1088680.5,1087610.5,1085813.5
1071949.0,1073408.5,1071863.5,1074135.5,1072599.0,1074128.5,1073598.5,1077528.5,1076152.0,1074778.5,1074280.5,1072466.0,1072992.0,1074055.5,1075865.5,1077477.0,1075672.0,1076195.5,1079772.0,1076195.5,1075672.0,1077477.0,1075865.5,1074055.5,1072992.0,1072466.0,1074280.5,1074778.5,1076152.0,1077528.5,1073598.5,1074128.5,1072599.0,1074135.5,1071863.5,1073408.5
1150715.0,1152084.0,1151747.0,1153326.0,1154656.5,1154542.5,1157764.0,1161179.0,1161441.0,1163810.0,1165486.5,1164269.5,1166796.0,1165946.0,1167779.5,1170468.5,1172952.0,1172144.5,1175284.0,1172144.5,1172952.0,1170468.5,1167779.5,1165946.0,1166796.0,1164269.5,1165486.5,1163810.0,1161441.0,1161179.0,1157764.0,1154542.5,1154656.5,1153326.0,1151747.0,1152084.0
1100601.0,1103219.0,1106450.0,1107827.5,1106720.5,1107379.5,1106280.0,1106573.5,1108215.0,1108245.5,1107851.5,1105872.0,1105385.0,1106251.5,1107417.0,1104903.0,1102056.0,1104358.5,1104525.0,1104358.5,1102056.0,1104903.0,1107417.0,1106251.5,1105385.0,1105872.0,1107851.5,1108245.5,1108215.0,1106573.5,1106280.0,1107379.5,1106720.5,1107827.5,1106450.0,1103219.0
1104832.0,1109769.5,1112314.5,1113468.0,1112364.5,1113879.5,1110496.0,1108420.0,1110111.5,1112763.5,1115762.5,1115333.5,1116101.0,1114472.0,1112688.5,1112423.0,1115175.5,1115734.0,1116132.0,1115734.0,1115175.5,1112423.0,1112688.5,1114472.0,1116101.0,1115333.5,1115762.5,1112763.5,1110111.5,1108420.0,1110496.0,1113879.5,1112364.5,1113468.0,1112314.5,1109769.5
1172670.0,1172816.0,1173250.5,1172927.0,1170396.5,1173122.5,1172977.5,1171067.0,1171136.0,1171594.5,1170703.0,1169384.5,1171651.0,1174477.0,1174545.5,1174988.0,1175534.5,1175047.5,1173629.0,1175047.5,1175534.5,1174988.0,1174545.5,1174477.0,1171651.0,1169384.5,1170703.0,1171594.5,1171136.0,1171067.0,1172977.5,1173122.5,1170396.5,1172927.0,1173250.5,1172816.0
1143706.0,1145587.0,1146891.5,1147484.0,1146757.0,1147512.5,1145314.5,1148577.5,1149970.0,1150993.5,1149148.0,1149270.5,1149299.5,1150959.5,1151994.5,1150542.0,1151473.0,1152151.5,1150642.0,1152151.5,1151473.0,1150542.0,1151994.5,1150959.5,1149299.5,1149270.5,1149148.0,1150993.5,1149970.0,1148577.5,1145314.5,1147512.5,1146757.0,1147484.0,1146891.5,1145587.0
1162606.0,1165628.5,1164593.5,1166004.0,1167302.0,1169666.0,1169060.0,1169148.5,1170222.0,1171046.5,1168853.0,1170022.0,1167638.0,1166241.5,1162856.0,1161852.0,1159797.5,1160047.0,1159902.0,1160047.0,1159797.5,1161852.0,1162856.0,1166241.5,1167638.0,1170022.0,1168853.0,1171046.5,1170222.0,1169148.5,1169060.0,1169666.0,1167302.0,1166004.0,1164593.5,1165628.5
1148513.0,1147327.5,1147169.5,1151193.5,1148212.5,1146811.5,1149874.5,1148803.5,1148374.0,1148252.0,1149713.5,1146318.5,1146792.5,1149356.5,1148463.0,1147762.0,1151156.5,1148586.0,1144129.0,1148586.0,1151156.5,1147762.0,1148463.0,1149356.5,1146792.5,1146318.5,1149713.5,1148252.0,1148374.0,1148803.5,1149874.5,1146811.5,1148212.5,1151193.5,1147169.5,1147327.5
1123157.0,1125698.5,1125396.0,1125961.0,1127179.0,1127291.0,1128364.5,1126688.0,1128232.5,1126037.5,1125890.5,1126533.0,1126695.0,1127946.0,1126219.0,1126621.5,1126471.5,1126905.0,1127974.0,1126905.0,1126471.5,1126621.5,1126219.0,1127946.0,1126695.0,1126533.0,1125890.5,1126037.5,1128232.5,1126688.0,1128364.5,1127291.0,1127179.0,1125961.0,1125396.0,1125698.5
1119945.0,1121339.0,1121467.5,1123876.5,1125063.5,1127358.5,1127704.0,1129207.0,1129322.0,1127562.0,1128215.5,1126979.5,1129259.5,1130330.0,1132968.0,1133784.0,1134960.5,1136626.0,1137741.0,1136626.0,1134960.5,1133784.0,1132968.0,1130330.0,1129259.5,1126979.5,1128215.5,1127562.0,1129322.0,1129207.0,1127704.0,1127358.5,1125063.5,1123876.5,1121467.5,1121339.0
1116593.0,1116231.5,1117340.5,1120191.0,1122407.0,1126229.5,1128171.0,1131868.5,1133493.0,1133563.5,1135000.5,1135328.0,1135167.0,1135905.0,1136630.5,1138080.5,1138225.5,1136180.5,1136997.0,1136180.5,1138225.5,1138080.5,1136630.5,1135905.0,1135167.0,1135328.0,1135000.5,1133563.5,1133493.0,1131868.5,1128171.0,1126229.5,1122407.0,1120191.0,1117340.5,1116231.5
1113087.0,1115335.5,1117086.0,1119713.0,1121540.5,1119893.5,1117213.0,1115599.0,1114911.5,1115884.0,1116959.5,1118409.0,1118353.0,1118406.5,1117261.0,1118151.0,1117204.0,1118141.0,1117669.0,1118141.0,1117204.0,1118151.0,1117261.0,1118406.5,1118353.0,1118409.0,1116959.5,1115884.0,1114911.5,1115599.0,1117213.0,1119893.5,1121540.5,1119713.0,1117086.0,1115335.5
1095250.0,1096731.5,1096096.5,1096342.0,1098344.0,1101269.0,1103687.0,1105658.5,1106477.0,1108451.5,1111568.5,1115307.5,1119382.0,1121374.0,1119712.0,1120605.5,1124566.0,1123940.5,1124448.0,1123940.5,1124566.0,1120605.5,1119712.0,1121374.0,1119382.0,1115307.5,1111568.5,1108451.5,1106477.0,1105658.5,1103687.0,1101269.0,1098344.0,1096342.0,1096096.5,1096731.5
1119826.0,1122065.5,1122781.5,1125863.0,1126957.0,1128798.5,1130740.5,1131310.0,1133993.5,1135957.0,1137967.0,1139164.0,1140924.5,1141878.5,1143891.0,1147662.5,1147209.5,1147910.0,1146687.0,1147910.0,1147209.5,1147662.5,1143891.0,1141878.5,1140924.5,1139164.0,1137967.0,1135957.0,1133993.5,1131310.0,1130740.5,1128798.5,1126957.0,1125863.0,1122781.5,1122065.5
1079933.0,1081288.0,1085175.5,1088472.5,1087450.0,1089041.0,1088535.5,1086484.5,1087702.5,1086471.5,1086693.0,1085514.5,1085026.5,1085385.0,1088201.5,1087213.0,1087518.5,1088038.0,1086493.0,1088038.0,1087518.5,1087213.0,1088201.5,1085385.0,1085026.5,1085514.5,1086693.0,1086471.5,1087702.5,1086484.5,1088535.5,1089041.0,1087450.0,1088472.5,1085175.5,1081288.0
1144473.0,1147655.0,1147227.5,1144363.5,1147109.5,1147131.0,1146992.0,1144536.0,1148423.0,1153080.0,1148560.0,1146899.0,1148509.5,1150810.5,1152189.0,1150299.5,1149649.5,1149820.0,1147708.0,1149820.0,1149649.5,1150299.5,1152189.0,1150810.5,1148509.5,1146899.0,1148560.0,1153080.0,1148423.0,1144536.0,1146992.0,1147131.0,1147109.5,1144363.5,1147227.5,1147655.0
1086042.0,1086081.0,1087683.0,1087750.5,1090127.5,1094943.5,1096814.5,1100220.0,1101508.0,1100947.5,1102272.0,1100624.5,1100139.5,1095743.0,1095736.5,1094841.5,1093188.0,1092641.5,1093516.0,1092641.5,1093188.0,1094841.5,1095736.5,1095743.0,1100139.5,1100624.5,1102272.0,1100947.5,1101508.0,1100220.0,1096814.5,1094943.5,1090127.5,1087750.5,1087683.0,1086081.0
1141130.0,1143312.5,1146708.0,1144660.5,1145503.5,1146893.0,1149100.5,1147792.5,1145778.5,1144705.5,1145676.5,1145764.5,1147529.5,1148930.5,1150231.0,1148645.5,1146687.0,1147624.5,1148699.0,1147624.5,1146687.0,1148645.5,1150231.0,1148930.5,1147529.5,1145764.5,1145676.5,1144705.5,1145778.5,1147792.5,1149100.5,1146893.0,1145503.5,1144660.5,1146708.0,1143312.5
1166244.0,1167780.0,1168737.0,1170985.0,1172763.0,1172671.5,1172865.5,1174868.0,1173868.5,1175020.5,1173556.0,1175274.5,1174194.0,1178381.0,1180182.0,1178831.5,1179365.0,1181498.5,1180769.0,1181498.5,1179365.0,1178831.5,1180182.0,1178381.0,1174194.0,1175274.5,1173556.0,1175020.5,1173868.5,1174868.0,1172865.5,1172671.5,1172763.0,1170985.0,1168737.0,1167780.0
1148909.0,1151130.0,1151807.5,1151289.5,1154190.0,1155465.5,1156004.0,1154537.0,1156510.5,1156111.0,1154466.0,1154290.5,1156309.5,1153198.5,1153989.5,1155007.5,1153818.0,1151779.5,1152859.0,1151779.5,1153818.0,1155007.5,1153989.5,1153198.5,1156309.5,1154290.5,1154466.0,1156111.0,1156510.5,1154537.0,1156004.0,1155465.5,1154190.0,1151289.5,1151807.5,1151130.0
1163939.0,1166981.5,1165018.5,1169212.5,1170102.0,1173377.5,1172003.0,1173565.0,1176005.0,1177697.5,1177150.0,1176178.0,1178280.0,1179488.5,1181054.5,1180737.0,1182950.0,1183564.5,1186563.0,1183564.5,1182950.0,1180737.0,1181054.5,1179488.5,1178280.0,1176178.0,1177150.0,1177697.5,1176005.0,1173565.0,1172003.0,1173377.5,1170102.0,1169212.5,1165018.5,1166981.5
1095991.0,1097160.5,1096691.5,1098145.0,1101091.0,1102198.5,1102905.5,1102243.5,1102410.0,1103234.0,1101208.0,1099819.0,1099680.0,1098872.5,1102042.5,1102844.0,1099818.5,1098978.0,1099541.0,1098978.0,1099818.5,1102844.0,1102042.5,1098872.5,1099680.0,1099819.0,1101208.0,1103234.0,1102410.0,1102243.5,1102905.5,1102198.5,1101091.0,1098145.0,1096691.5,1097160.5
1110600.0,1109830.0,1112165.0,1111924.5,1112309.5,1114610.5,1116315.5,1116185.0,1116021.5,1116509.5,1117992.0,1119782.0,1119021.5,1119732.0,1120428.0,1118021.0,1119585.5,1121536.5,1122845.0,1121536.5,1119585.5,1118021.0,1120428.0,1119732.0,1119021.5,1119782.0,1117992.0,1116509.5,1116021.5,1116185.0,1116315.5,1114610.5,1112309.5,1111924.5,1112165.0,1109830.0
1162136.0,1160605.5,1164143.0,1166922.5,1165418.0,1162565.5,1163674.0,1165600.0,1167071.5,1167258.5,1167446.0,1162680.0,1163334.0,1167229.0,1165294.0,1162970.0,1162970.5,1166421.0,1165042.0,1166421.0,1162970.5,1162970.0,1165294.0,1167229.0,1163334.0,1162680.0,1167446.0,1167258.5,1167071.5,1165600.0,1163674.0,1162565.5,1165418.0,1166922.5,1164143.0,1160605.5
1099425.0,1101881.0,1102586.0,1104780.0,1104950.5,1106364.0,1105484.0,1105569.5,1107864.0,1106558.0,1106533.0,1106749.5,1106997.0,1103235.0,1106358.5,1103723.0,1104173.0,1101794.0,1106131.0,1101794.0,1104173.0,1103723.0,1106358.5,1103235.0,1106997.0,1106749.5,1106533.0,1106558.0,1107864.0,1105569.5,1105484.0,1106364.0,1104950.5,1104780.0,1102586.0,1101881.0
1093683.0,1092985.0,1094592.5,1095213.5,1099665.5,1097497.5,1097304.5,1097428.0,1093970.5,1095434.5,1095001.0,1096359.5,1096233.5,1097311.0,1097402.0,1097194.5,1095293.0,1094762.5,1093658.0,1094762.5,1095293.0,1097194.5,1097402.0,1097311.0,1096233.5,1096359.5,1095001.0,1095434.5,1093970.5,1097428.0,1097304.5,1097497.5,1099665.5,1095213.5,1094592.5,1092985.0
1112155.0,1114051.0,1116392.0,1118885.5,1117657.0,1117566.0,1117391.0,1120801.0,1123095.0,1121457.0,1118068.5,1119277.0,1120267.5,1121001.0,1123270.5,1122454.0,1120989.5,1123871.5,1126391.0,1123871.5,1120989.5,1122454.0,1123270.5,1121001.0,1120267.5,1119277.0,1118068.5,1121457.0,1123095.0,1120801.0,1117391.0,1117566.0,1117657.0,1118885.5,1116392.0,1114051.0
1090961.0,1094320.5,1098307.5,1102728.5,1107011.5,1110466.5,1116875.5,1120315.0,1120500.5,1118580.5,1114585.5,1113274.5,1110901.0,1108050.0,1104213.5,1103624.5,1102576.5,1101434.0,1101292.0,1101434.0,1102576.5,1103624.5,1104213.5,1108050.0,1110901.0,1113274.5,1114585.5,1118580.5,1120500.5,1120315.0,1116875.5,1110466.5,1107011.5,1102728.5,1098307.5,1094320.5
1133440.0,1133620.5,1134799.5,1136463.5,1138014.5,1135861.0,1138495.5,1137909.0,1136895.5,1139224.5,1136871.5,1136329.0,1137973.5,1140322.5,1140514.0,1138817.5,1138495.0,1139508.5,1138088.0,1139508.5,1138495.0,1138817.5,1140514.0,1140322.5,1137973.5,1136329.0,1136871.5,1139224.5,1136895.5,1137909.0,1138495.5,1135861.0,1138014.5,1136463.5,1134799.5,1133620.5
1176169.0,1178927.0,1178896.0,1183754.5,1185447.5,1188602.0,1188441.0,1192358.5,1194973.5,1199435.0,1199207.0,1197775.0,1201563.5,1206513.0,1209661.0,1210682.0,1208948.0,1209633.5,1212435.0,1209633.5,1208948.0,1210682.0,1209661.0,1206513.0,1201563.5,1197775.0,1199207.0,1199435.0,1194973.5,1192358.5,1188441.0,1188602.0,1185447.5,1183754.5,1178896.0,1178927.0
1157264.0,1158728.5,1161241.0,1159244.0,1160662.0,1161943.0,1161987.5,1160672.0,1163738.0,1166428.5,1167639.0,1167459.0,1165413.0,1166871.5,1169233.5,1170711.0,1168727.0,1169301.5,1168424.0,1169301.5,1168727.0,1170711.0,1169233.5,1166871.5,1165413.0,1167459.0,1167639.0,1166428.5,1163738.0,1160672.0,1161987.5,1161943.0,1160662.0,1159244.0,1161241.0,1158728.5
1104631.0,1106360.0,1106008.0,1109101.5,1110763.5,1109301.5,1110042.5,1110211.0,1109671.0,1111024.0,1110699.5,1110365.5,1109459.0,1109936.5,1108540.0,1109183.0,1109107.0,1111196.5,1111559.0,1111196.5,1109107.0,1109183.0,1108540.0,1109936.5,1109459.0,1110365.5,1110699.5,1111024.0,1109671.0,1110211.0,1110042.5,1109301.5,1110763.5,1109101.5,1106008.0,1106360.0
1111943.0,1112858.5,1115906.0,1116517.5,1117447.5,1119385.0,1119051.0,1118807.5,1119648.0,1119204.0,1118958.0,1120779.0,1118235.5,1118033.5,1119030.5,1118485.0,1118780.0,1113492.5,1110791.0,1113492.5,1118780.0,1118485.0,1119030.5,1118033.5,1118235.5,1120779.0,1118958.0,1119204.0,1119648.0,1118807.5,1119051.0,1119385.0,1117447.5,1116517.5,1115906.0,1112858.5
1056387.0,1059957.5,1062095.0,1063481.5,1061104.5,1060385.0,1061645.5,1062410.0,1064775.5,1065793.5,1062374.5,1061812.5,1064328.5,1063860.0,1062083.5,1062858.5,1063844.5,1064775.5,1063338.0,1064775.5,1063844.5,1062858.5,1062083.5,1063860.0,1064328.5,1061812.5,1062374.5,1065793.5,1064775.5,1062410.0,1061645.5,1060385.0,1061104.5,1063481.5,1062095.0,1059957.5
1103569.0,1103596.0,1104686.0,1108759.5,1108940.5,1110453.5,1111184.0,1113914.5,1113868.0,1114366.0,1114429.0,1113823.0,1116810.5,1115408.0,1114739.0,1115639.5,1112797.5,1113787.0,1111664.0,1113787.0,1112797.5,1115639.5,1114739.0,1115408.0,1116810.5,1113823.0,1114429.0,1114366.0,1113868.0,1113914.5,1111184.0,1110453.5,1108940.5,1108759.5,1104686.0,1103596.0
1075278.0,1077255.0,1080548.5,1080488.5,1084090.5,1082291.5,1083544.0,1082639.5,1084807.5,1085660.0,1088374.5,1088859.5,1091192.5,1091277.5,1091517.5,1090802.5,1092471.5,1092634.0,1094723.0,1092634.0,1092471.5,1090802.5,1091517.5,1091277.5,1091192.5,1088859.5,1088374.5,1085660.0,1084807.5,1082639.5,1083544.0,1082291.5,1084090.5,1080488.5,1080548.5,1077255.0
1132370.0,1133409.5,1136417.0,1134655.0,1135773.5,1136855.0,1139855.5,1137226.5,1136023.5,1136557.0,1137494.0,1134238.0,1132962.0,1131186.5,1136379.5,1134286.5,1136170.0,1136865.5,1139021.0,1136865.5,1136170.0,1134286.5,1136379.5,1131186.5,1132962.0,1134238.0,1137494.0,1136557.0,1136023.5,1137226.5,1139855.5,1136855.0,1135773.5,1134655.0,1136417.0,1133409.5
1087121.0,1086487.5,1088292.0,1088167.0,1092285.0,1091775.0,1092595.0,1093191.0,1096550.5,1096165.0,1096773.0,1096932.0,1097582.0,1099390.5,1100723.0,1100372.5,1103247.0,1101976.5,1103702.0,1101976.5,1103247.0,1100372.5,1100723.0,1099390.5,1097582.0,1096932.0,1096773.0,1096165.0,1096550.5,1093191.0,1092595.0,1091775.0,1092285.0,1088167.0,1088292.0,1086487.5
1123195.0,1122929.0,1124308.5,1125670.5,1128898.5,1128670.5,1127714.0,1128331.5,1129356.0,1128845.0,1130855.0,1130869.5,1128495.5,1127604.0,1128740.0,1128668.0,1127479.0,1128902.5,1129673.0,1128902.5,1127479.0,1128668.0,1128740.0,1127604.0,1128495.5,1130869.5,1130855.0,1128845.0,1129356.0,1128331.5,1127714.0,1128670.5,1128898.5,1125670.5,1124308.5,1122929.0
1139825.0,1140367.5,1141534.0,1142066.0,1145871.0,1147356.5,1147297.5,1149174.0,1145041.5,1146449.0,1149619.5,1149710.5,1150596.0,1150199.5,1148092.5,1147713.5,1146853.0,1146554.0,1146612.0,1146554.0,1146853.0,1147713.5,1148092.5,1150199.5,1150596.0,1149710.5,1149619.5,1146449.0,1145041.5,1149174.0,1147297.5,1147356.5,1145871.0,1142066.0,1141534.0,1140367.5
1117814.0,1117037.0,1118660.0,1120849.5,1124664.0,1127651.5,1128737.5,1133125.5,1132446.0,1132178.5,1133690.5,1131893.5,1131052.5,1128714.5,1126990.0,1124942.5,1123862.5,1124134.5,1121696.0,1124134.5,1123862.5,1124942.5,1126990.0,1128714.5,1131052.5,1131893.5,1133690.5,1132178.5,1132446.0,1133125.5,1128737.5,1127651.5,1124664.0,1120849.5,1118660.0,1117037.0
1125188.0,1128856.5,1131870.0,1132764.5,1133929.5,1133811.5,1135030.0,1133608.0,1134233.0,1137367.0,1139620.5,1139718.5,1139625.0,1141375.0,1143453.5,1143492.0,1144853.0,1145486.0,1147013.0,1145486.0,1144853.0,1143492.0,1143453.5,1141375.0,1139625.0,1139718.5,1139620.5,1137367.0,1134233.0,1133608.0,1135030.0,1133811.5,1133929.5,1132764.5,1131870.0,1128856.5
1082569.0,1084535.0,1085725.5,1083984.0,1085570.0,1086267.5,1086120.5,1090207.0,1092479.0,1093332.5,1093861.0,1094201.0,1093657.0,1094891.0,1095358.0,1094987.5,1094987.5,1095894.5,1095522.0,1095894.5,1094987.5,1094987.5,1095358.0,1094891.0,1093657.0,1094201.0,1093861.0,1093332.5,1092479.0,1090207.0,1086120.5,1086267.5,1085570.0,1083984.0,1085725.5,1084535.0
1104984.0,1107843.0,1107622.0,1108389.0,1110833.0,1112085.0,1116113.5,1115129.0,1119034.5,1118458.0,1119314.0,1118184.0,1117538.0,1116274.5,1113877.0,1113613.5,1112930.5,1112032.0,1110619.0,1112032.0,1112930.5,1113613.5,1113877.0,1116274.5,1117538.0,1118184.0,1119314.0,1118458.0,1119034.5,1115129.0,1116113.5,1112085.0,1110833.0,1108389.0,1107622.0,1107843.0
