245470.0,247477.0,250073.5,251346.0,251586.5,251200.0,251513.5,252909.0,253523.0,252909.0,251513.5,251200.0,251586.5,251346.0,250073.5,247477.0
223267.0,224700.0,228061.5,232012.5,236816.5,241126.5,244887.0,247791.0,248559.0,247791.0,244887.0,241126.5,236816.5,232012.5,228061.5,224700.0
228977.0,229780.0,230457.5,230470.5,230848.0,232490.5,232135.5,232762.0,233887.0,232762.0,232135.5,232490.5,230848.0,230470.5,230457.5,229780.0
239488.0,242087.5,246004.5,247097.0,246738.0,245480.0,244571.0,246492.5,247339.0,246492.5,244571.0,245480.0,246738.0,247097.0,246004.5,242087.5
229897.0,231414.5,232511.0,233809.0,233386.0,234223.0,234193.0,234037.5,233443.0,234037.5,234193.0,234223.0,233386.0,233809.0,232511.0,231414.5
225966.0,226282.0,226998.0,226692.0,226340.0,226179.5,226222.0,227630.5,227400.0,227630.5,226222.0,226179.5,226340.0,226692.0,226998.0,226282.0
226860.0,227499.5,228326.0,233007.5,233980.5,235733.5,234865.0,235054.0,235044.0,235054.0,234865.0,235733.5,233980.5,233007.5,228326.0,227499.5
230844.0,232882.5,236611.0,239648.5,240618.5,239588.5,240954.5,242770.5,243024.0,242770.5,240954.5,239588.5,240618.5,239648.5,236611.0,232882.5
238324.0,238919.0,240801.5,239855.0,239921.0,239638.0,240037.0,238619.5,238728.0,238619.5,240037.0,239638.0,239921.0,239855.0,240801.5,238919.0
210745.0,211526.5,212628.0,213103.0,214185.5,215203.5,215165.0,216525.0,217462.0,216525.0,215165.0,215203.5,214185.5,213103.0,212628.0,211526.5
260578.0,262900.5,263209.5,263885.5,264823.0,264587.5,266102.0,265751.5,265639.0,265751.5,266102.0,264587.5,264823.0,263885.5,263209.5,262900.5
221902.0,224236.5,225616.0,228123.5,229493.5,229683.5,228684.0,227488.5,228279.0,227488.5,228684.0,229683.5,229493.5,228123.5,225616.0,224236.5
231590.0,234302.5,235399.0,235891.0,236703.5,236376.0,236878.0,237935.5,238985.0,237935.5,236878.0,236376.0,236703.5,235891.0,235399.0,234302.5
220216.0,223190.0,225013.0,225217.5,227025.0,226615.0,228164.5,230535.5,230549.0,230535.5,228164.5,226615.0,227025.0,225217.5,225013.0,223190.0
237056.0,238521.5,239918.5,239705.5,239576.0,239485.5,239895.5,238669.5,238476.0,238669.5,239895.5,239485.5,239576.0,239705.5,239918.5,238521.5
231682.0,233190.0,233884.0,233440.0,233560.0,234388.0,235821.0,235040.0,233938.0,235040.0,235821.0,234388.0,233560.0,233440.0,233884.0,233190.0
236272.0,238100.0,241351.5,241281.0,240096.5,242141.5,243867.0,243830.5,244008.0,243830.5,243867.0,242141.5,240096.5,241281.0,241351.5,238100.0
226652.0,228954.0,230885.0,231305.5,231635.5,233669.5,234435.0,233471.0,231997.0,233471.0,234435.0,233669.5,231635.5,231305.5,230885.0,228954.0
209088.0,209952.5,213067.5,215341.0,216736.0,218934.0,219631.5,220253.5,220692.0,220253.5,219631.5,218934.0,216736.0,215341.0,213067.5,209952.5
225939.0,227294.0,228460.0,228970.5,229875.0,228932.0,230169.0,231231.5,230333.0,231231.5,230169.0,228932.0,229875.0,228970.5,228460.0,227294.0
224200.0,224353.0,224670.0,225487.0,224475.0,225726.5,226537.5,227028.5,226181.0,227028.5,226537.5,225726.5,224475.0,225487.0,224670.0,224353.0
253397.0,253783.0,256125.5,258008.5,258399.0,257546.0,257526.0,257119.5,256280.0,257119.5,257526.0,257546.0,258399.0,258008.5,256125.5,253783.0
228049.0,228117.0,229435.5,230226.0,231527.5,231785.0,232127.5,232685.0,232730.0,232685.0,232127.5,231785.0,231527.5,230226.0,229435.5,228117.0
212331.0,214034.5,215267.0,215610.5,217546.0,217707.5,218185.5,218295.0,217861.0,218295.0,218185.5,217707.5,217546.0,215610.5,215267.0,214034.5
222525.0,224510.5,225696.0,228242.0,231137.0,233534.0,235566.5,236349.5,236008.0,236349.5,235566.5,233534.0,231137.0,228242.0,225696.0,224510.5
228364.0,229238.0,232340.0,234916.5,237331.5,237926.0,238263.0,237074.0,237614.0,237074.0,238263.0,237926.0,237331.5,234916.5,232340.0,229238.0
229428.0,231045.0,230898.0,231223.0,230538.5,229781.5,231111.5,229972.0,230279.0,229972.0,231111.5,229781.5,230538.5,231223.0,230898.0,231045.0
245871.0,247469.0,249722.0,251591.5,252424.5,252035.0,250524.5,248574.5,247575.0,248574.5,250524.5,252035.0,252424.5,251591.5,249722.0,247469.0
224332.0,225773.5,228718.0,231212.5,234165.0,238087.5,240028.0,241556.5,242854.0,241556.5,240028.0,238087.5,234165.0,231212.5,228718.0,225773.5
232457.0,234655.0,235848.0,238746.5,242872.5,245736.0,248442.0,248518.5,248002.0,248518.5,248442.0,245736.0,242872.5,238746.5,235848.0,234655.0
238013.0,239550.0,241358.5,242627.5,243476.5,244327.5,244910.5,246520.0,248408.0,246520.0,244910.5,244327.5,243476.5,242627.5,241358.5,239550.0
234492.0,236234.0,237847.5,236937.0,238367.5,238541.0,240971.5,239695.0,239121.0,239695.0,240971.5,238541.0,238367.5,236937.0,237847.5,236234.0
260307.0,261202.0,262620.5,264405.5,265050.0,265990.5,265739.5,265618.0,264769.0,265618.0,265739.5,265990.5,265050.0,264405.5,262620.5,261202.0
253894.0,256590.5,258578.0,260955.5,262495.5,263764.0,265515.5,262929.5,263759.0,262929.5,265515.5,263764.0,262495.5,260955.5,258578.0,256590.5
241782.0,243031.0,244337.0,247626.5,250381.5,254012.5,256494.0,258981.0,259537.0,258981.0,256494.0,254012.5,250381.5,247626.5,244337.0,243031.0
217080.0,217996.0,218190.0,218687.0,219398.5,218859.0,219374.0,220477.5,218926.0,220477.5,219374.0,218859.0,219398.5,218687.0,218190.0,217996.0
236075.0,239725.5,242764.5,243489.5,245245.5,246325.5,246802.5,245229.0,245115.0,245229.0,246802.5,246325.5,245245.5,243489.5,242764.5,239725.5
243576.0,245562.0,246855.0,246535.0,246094.0,247287.5,247990.0,247266.5,245820.0,247266.5,247990.0,247287.5,246094.0,246535.0,246855.0,245562.0
229245.0,231522.0,232709.5,235589.0,238466.5,239889.0,241140.5,241284.5,243115.0,241284.5,241140.5,239889.0,238466.5,235589.0,232709.5,231522.0
253925.0,254233.5,254191.0,254104.0,254649.0,254607.0,255093.0,253729.5,253805.0,253729.5,255093.0,254607.0,254649.0,254104.0,254191.0,254233.5
214882.0,216072.5,216655.5,217555.5,218316.5,218976.5,219168.0,219071.5,220120.0,219071.5,219168.0,218976.5,218316.5,217555.5,216655.5,216072.5
239022.0,243338.0,250686.5,252025.0,250466.0,249125.0,248092.0,243943.0,242339.0,243943.0,248092.0,249125.0,250466.0,252025.0,250686.5,243338.0
250560.0,252383.5,255014.5,256986.0,260139.0,264348.5,266137.0,267329.0,267493.0,267329.0,266137.0,264348.5,260139.0,256986.0,255014.5,252383.5
252377.0,254357.5,258623.0,258998.0,258003.0,257734.5,259150.0,259976.0,259831.0,259976.0,259150.0,257734.5,258003.0,258998.0,258623.0,254357.5
246572.0,248900.0,250333.0,251520.0,250662.0,250092.0,250913.0,251303.5,252243.0,251303.5,250913.0,250092.0,250662.0,251520.0,250333.0,248900.0
236508.0,238453.0,240167.5,243736.5,246885.0,248636.5,251041.0,251334.0,251785.0,251334.0,251041.0,248636.5,246885.0,243736.5,240167.5,238453.0
218434.0,222773.5,228813.0,232354.5,239988.5,245276.5,245303.0,245793.5,248257.0,245793.5,245303.0,245276.5,239988.5,232354.5,228813.0,222773.5
259068.0,261917.5,263540.0,263212.0,265303.0,265128.5,263171.5,263165.5,263320.0,263165.5,263171.5,265128.5,265303.0,263212.0,263540.0,261917.5
231351.0,233294.0,233043.0,234319.0,234628.5,234077.0,233788.5,232181.5,232476.0,232181.5,233788.5,234077.0,234628.5,234319.0,233043.0,233294.0
235336.0,235524.5,236046.0,236755.0,239293.5,240012.5,241958.0,242385.5,243194.0,242385.5,241958.0,240012.5,239293.5,236755.0,236046.0,235524.5
235167.0,237210.5,239473.5,240452.0,243304.0,243761.0,242138.0,242120.5,241770.0,242120.5,242138.0,243761.0,243304.0,240452.0,239473.5,237210.5
228599.0,230106.0,230231.5,231290.5,230361.5,229662.0,230471.5,230312.0,231329.0,230312.0,230471.5,229662.0,230361.5,231290.5,230231.5,230106.0
230854.0,232989.5,232149.5,234809.0,234949.0,235393.5,236689.0,236796.0,237235.0,236796.0,236689.0,235393.5,234949.0,234809.0,232149.5,232989.5
234697.0,237304.5,239222.0,240428.5,243421.5,244383.5,245046.5,246162.5,247425.0,246162.5,245046.5,244383.5,243421.5,240428.5,239222.0,237304.5
226183.0,227216.5,228724.0,229346.0,227981.0,228125.0,226883.5,227746.5,229868.0,227746.5,226883.5,228125.0,227981.0,229346.0,228724.0,227216.5
219578.0,220773.5,222985.0,225584.0,228011.5,229454.0,229870.5,230306.5,230588.0,230306.5,229870.5,229454.0,228011.5,225584.0,222985.0,220773.5
236695.0,239121.5,241879.0,244983.0,246922.5,248373.5,250469.5,249438.0,249347.0,249438.0,250469.5,248373.5,246922.5,244983.0,241879.0,239121.5
266275.0,269892.5,270950.0,269431.0,271149.5,270147.5,268430.0,269016.0,269420.0,269016.0,268430.0,270147.5,271149.5,269431.0,270950.0,269892.5
228930.0,230500.5,229638.5,229184.0,229975.0,228974.0,229969.5,230263.0,229311.0,230263.0,229969.5,228974.0,229975.0,229184.0,229638.5,230500.5
229311.0,231395.5,232197.0,234492.5,235613.5,237354.5,237957.5,238544.5,237867.0,238544.5,237957.5,237354.5,235613.5,234492.5,232197.0,231395.5
251383.0,258503.0,263566.5,267595.0,265104.5,265680.0,264418.0,261007.0,258373.0,261007.0,264418.0,265680.0,265104.5,267595.0,263566.5,258503.0
251870.0,253939.5,255979.0,256591.5,259344.0,261638.0,262376.0,265018.0,266374.0,265018.0,262376.0,261638.0,259344.0,256591.5,255979.0,253939.5
232251.0,234871.0,236049.5,240094.5,244690.0,247739.5,252624.5,253283.0,256005.0,253283.0,252624.5,247739.5,244690.0,240094.5,236049.5,234871.0
236621.0,239084.0,239451.5,241942.5,240041.0,239977.5,240875.5,243557.0,244793.0,243557.0,240875.5,239977.5,240041.0,241942.5,239451.5,239084.0
254662.0,257081.0,260819.5,263418.0,264712.0,264833.0,264576.5,266787.5,268429.0,266787.5,264576.5,264833.0,264712.0,263418.0,260819.5,257081.0
238277.0,239615.0,241177.5,241393.0,243270.0,244642.0,244279.5,245566.0,245741.0,245566.0,244279.5,244642.0,243270.0,241393.0,241177.5,239615.0
220441.0,224215.5,222787.5,223133.5,226357.5,224964.5,226653.0,227988.5,227847.0,227988.5,226653.0,224964.5,226357.5,223133.5,222787.5,224215.5
234593.0,234778.5,236693.5,238996.5,240189.0,240408.5,240884.5,239818.5,240155.0,239818.5,240884.5,240408.5,240189.0,238996.5,236693.5,234778.5
243681.0,244211.0,245079.5,245041.0,245617.5,245010.5,245093.5,244058.5,244600.0,244058.5,245093.5,245010.5,245617.5,245041.0,245079.5,244211.0
238270.0,239173.5,239619.5,240742.0,241347.5,240654.0,240054.5,239142.5,238335.0,239142.5,240054.5,240654.0,241347.5,240742.0,239619.5,239173.5
218964.0,220069.0,222773.5,224316.0,224285.0,224088.5,222341.0,221806.5,221801.0,221806.5,222341.0,224088.5,224285.0,224316.0,222773.5,220069.0
218916.0,221793.5,224496.5,224758.5,222854.5,223790.0,224949.5,225813.5,224556.0,225813.5,224949.5,223790.0,222854.5,224758.5,224496.5,221793.5
240741.0,241656.0,243779.0,244445.0,246775.5,248981.5,248473.5,248805.5,249483.0,248805.5,248473.5,248981.5,246775.5,244445.0,243779.0,241656.0
243898.0,245651.5,246652.0,247231.0,248581.0,249628.5,248988.0,249880.5,250279.0,249880.5,248988.0,249628.5,248581.0,247231.0,246652.0,245651.5
248628.0,249458.5,250348.0,251235.0,250651.0,251438.5,251968.5,252137.0,253267.0,252137.0,251968.5,251438.5,250651.0,251235.0,250348.0,249458.5
227234.0,229576.0,231367.0,232405.0,234422.5,235930.0,237177.0,238215.0,237797.0,238215.0,237177.0,235930.0,234422.5,232405.0,231367.0,229576.0
242191.0,243920.5,247476.0,249583.5,253777.0,257243.5,260738.0,261881.5,263113.0,261881.5,260738.0,257243.5,253777.0,249583.5,247476.0,243920.5
241348.0,242670.0,245601.0,247025.5,249133.5,251726.0,251461.0,252536.0,252682.0,252536.0,251461.0,251726.0,249133.5,247025.5,245601.0,242670.0
237929.0,239484.5,242118.0,243151.5,245103.0,245429.5,245863.5,246620.5,246858.0,246620.5,245863.5,245429.5,245103.0,243151.5,242118.0,239484.5
223267.0,224894.0,225007.5,225840.0,226287.5,227683.5,228327.5,228429.5,228658.0,228429.5,228327.5,227683.5,226287.5,225840.0,225007.5,224894.0
225513.0,227615.5,228186.5,228817.0,231694.5,233913.5,234344.0,235838.0,236949.0,235838.0,234344.0,233913.5,231694.5,228817.0,228186.5,227615.5
226381.0,227876.0,228073.0,227474.5,229852.0,229674.5,229137.5,230160.5,230257.0,230160.5,229137.5,229674.5,229852.0,227474.5,228073.0,227876.0
236430.0,238162.5,239427.5,237668.0,236761.5,237817.5,239333.5,238196.0,238221.0,238196.0,239333.5,237817.5,236761.5,237668.0,239427.5,238162.5
251520.0,254803.5,256389.5,258516.5,259020.5,261075.5,259184.0,260116.5,260078.0,260116.5,259184.0,261075.5,259020.5,258516.5,256389.5,254803.5
232394.0,236017.5,238489.5,239175.5,237131.5,238101.0,239425.5,235463.0,233951.0,235463.0,239425.5,238101.0,237131.5,239175.5,238489.5,236017.5
246906.0,249512.5,251907.0,257315.5,260363.0,262839.0,264120.0,265076.0,265136.0,265076.0,264120.0,262839.0,260363.0,257315.5,251907.0,249512.5
246489.0,247981.5,249597.5,250720.5,251799.0,251478.0,251357.0,252757.0,252850.0,252757.0,251357.0,251478.0,251799.0,250720.5,249597.5,247981.5
236882.0,238267.0,239164.5,239229.5,239330.5,240958.5,240414.0,241377.0,242080.0,241377.0,240414.0,240958.5,239330.5,239229.5,239164.5,238267.0
237072.0,239807.0,241465.5,241610.0,242114.0,243237.0,244182.5,245812.5,246435.0,245812.5,244182.5,243237.0,242114.0,241610.0,241465.5,239807.0
245192.0,248778.5,252240.0,254855.0,255510.0,258195.5,261245.0,262733.0,261582.0,262733.0,261245.0,258195.5,255510.0,254855.0,252240.0,248778.5
226560.0,228484.5,229407.5,230628.0,230405.5,232374.5,233053.5,232935.0,231895.0,232935.0,233053.5,232374.5,230405.5,230628.0,229407.5,228484.5
235628.0,237392.5,239178.0,242155.0,242201.5,244842.5,243874.0,243692.0,244189.0,243692.0,243874.0,244842.5,242201.5,242155.0,239178.0,237392.5
248163.0,250645.0,253737.5,256823.0,259398.0,259346.5,258930.5,258045.5,255537.0,258045.5,258930.5,259346.5,259398.0,256823.0,253737.5,250645.0
245876.0,246475.0,246186.5,246508.5,245754.5,246356.0,245913.5,246784.5,246127.0,246784.5,245913.5,246356.0,245754.5,246508.5,246186.5,246475.0
229731.0,231587.5,230530.5,230662.5,233063.5,232581.5,233684.5,233740.5,233492.0,233740.5,233684.5,232581.5,233063.5,230662.5,230530.5,231587.5
232538.0,232890.5,234053.0,235886.0,235577.5,236110.0,235636.0,234791.5,235201.0,234791.5,235636.0,236110.0,235577.5,235886.0,234053.0,232890.5
235182.0,237071.5,241243.0,243904.0,246071.0,245401.0,244940.0,244572.0,244675.0,244572.0,244940.0,245401.0,246071.0,243904.0,241243.0,237071.5
240236.0,241345.5,243835.0,246774.0,249278.0,251625.5,254289.5,256725.5,257430.0,256725.5,254289.5,251625.5,249278.0,246774.0,243835.0,241345.5
241870.0,243889.5,244724.5,244868.0,244996.0,245331.0,245650.0,248435.5,248485.0,248435.5,245650.0,245331.0,244996.0,244868.0,244724.5,243889.5
246839.0,248679.5,249863.5,250331.0,251367.5,252969.5,254700.5,254880.0,254818.0,254880.0,254700.5,252969.5,251367.5,250331.0,249863.5,248679.5
221022.0,223938.5,228069.5,229667.0,230378.0,232629.0,234441.5,231411.5,231204.0,231411.5,234441.5,232629.0,230378.0,229667.0,228069.5,223938.5
227768.0,228290.0,229320.5,229918.5,229376.5,230323.5,231071.0,230825.0,231174.0,230825.0,231071.0,230323.5,229376.5,229918.5,229320.5,228290.0
213080.0,214850.0,217052.0,219103.0,219501.0,219263.0,220518.0,222036.0,223060.0,222036.0,220518.0,219263.0,219501.0,219103.0,217052.0,214850.0
230266.0,233290.5,234657.5,236025.0,237757.5,238421.5,239252.0,238050.0,238438.0,238050.0,239252.0,238421.5,237757.5,236025.0,234657.5,233290.5
237058.0,238482.0,241005.0,243910.0,246696.0,248444.5,250920.0,252218.5,253204.0,252218.5,250920.0,248444.5,246696.0,243910.0,241005.0,238482.0
231785.0,234716.5,236695.0,238750.5,238395.5,238227.0,239898.5,242287.0,243469.0,242287.0,239898.5,238227.0,238395.5,238750.5,236695.0,234716.5
249236.0,251100.5,253091.5,253419.5,253092.0,252813.5,252345.5,252256.5,253318.0,252256.5,252345.5,252813.5,253092.0,253419.5,253091.5,251100.5
235827.0,236767.5,238009.5,238994.5,239535.5,238068.0,236792.5,236226.0,235478.0,236226.0,236792.5,238068.0,239535.5,238994.5,238009.5,236767.5
224263.0,226027.0,227970.5,226731.0,229420.5,232160.5,230863.5,232144.0,233395.0,232144.0,230863.5,232160.5,229420.5,226731.0,227970.5,226027.0
225421.0,225269.5,227734.5,227635.5,227390.5,228069.0,227941.0,227428.0,225613.0,227428.0,227941.0,228069.0,227390.5,227635.5,227734.5,225269.5
223509.0,225855.0,228395.5,231038.0,233621.0,234946.0,235949.5,235695.0,234691.0,235695.0,235949.5,234946.0,233621.0,231038.0,228395.5,225855.0
249515.0,252462.5,254593.5,257610.5,259965.0,261443.0,263568.5,264385.0,264517.0,264385.0,263568.5,261443.0,259965.0,257610.5,254593.5,252462.5
247043.0,251460.5,249799.5,251869.0,251494.0,252578.0,253484.5,254204.5,255913.0,254204.5,253484.5,252578.0,251494.0,251869.0,249799.5,251460.5
225870.0,228527.5,229620.5,231934.0,235862.0,237351.0,239855.0,241185.5,241561.0,241185.5,239855.0,237351.0,235862.0,231934.0,229620.5,228527.5
235958.0,238835.5,239159.0,239943.0,240035.0,240808.5,240144.5,239116.0,241175.0,239116.0,240144.5,240808.5,240035.0,239943.0,239159.0,238835.5
230089.0,233211.5,234562.5,237888.0,238642.0,240660.5,239512.5,240978.0,240731.0,240978.0,239512.5,240660.5,238642.0,237888.0,234562.5,233211.5
234200.0,236039.5,236953.0,236762.0,236749.5,237659.5,236509.0,237091.0,238447.0,237091.0,236509.0,237659.5,236749.5,236762.0,236953.0,236039.5
223891.0,225601.5,227190.5,226813.0,227241.0,225425.5,226163.5,227188.0,226647.0,227188.0,226163.5,225425.5,227241.0,226813.0,227190.5,225601.5
243293.0,244556.5,246609.0,246260.5,246532.5,247709.0,248652.0,249016.0,248468.0,249016.0,248652.0,247709.0,246532.5,246260.5,246609.0,244556.5
222685.0,225194.0,228783.0,232531.5,234719.0,238956.5,241852.0,245194.5,246234.0,245194.5,241852.0,238956.5,234719.0,232531.5,228783.0,225194.0
225850.0,228789.0,229674.0,229444.5,229081.0,229496.5,228186.5,229272.5,231164.0,229272.5,228186.5,229496.5,229081.0,229444.5,229674.0,228789.0
236196.0,237757.5,238770.0,239559.5,239727.0,238652.0,239289.5,240450.5,240744.0,240450.5,239289.5,238652.0,239727.0,239559.5,238770.0,237757.5
224922.0,226467.5,228199.0,230384.5,232919.0,233891.5,234401.0,233637.5,231582.0,233637.5,234401.0,233891.5,232919.0,230384.5,228199.0,226467.5
238549.0,240278.5,242266.0,245565.5,246894.5,248751.5,249565.0,252534.5,253292.0,252534.5,249565.0,248751.5,246894.5,245565.5,242266.0,240278.5
243957.0,245667.0,247610.0,251180.5,254263.5,256442.5,257896.0,258346.0,260704.0,258346.0,257896.0,256442.5,254263.5,251180.5,247610.0,245667.0
227814.0,229808.5,230791.5,232512.5,234047.5,236059.0,235366.5,236058.5,236948.0,236058.5,235366.5,236059.0,234047.5,232512.5,230791.5,229808.5
233490.0,234939.0,236330.0,236502.5,236154.0,236622.5,236213.0,235580.5,235961.0,235580.5,236213.0,236622.5,236154.0,236502.5,236330.0,234939.0
242885.0,246002.0,247557.0,250224.5,251677.5,253669.5,254782.0,255884.0,256902.0,255884.0,254782.0,253669.5,251677.5,250224.5,247557.0,246002.0
242614.0,243090.0,245541.5,247613.5,250578.0,252029.5,252813.5,253895.5,252739.0,253895.5,252813.5,252029.5,250578.0,247613.5,245541.5,243090.0
242722.0,245265.0,246006.5,247782.5,249445.5,250058.0,250236.5,249872.5,250669.0,249872.5,250236.5,250058.0,249445.5,247782.5,246006.5,245265.0
224593.0,225958.0,227310.5,227479.5,228131.0,227731.5,226133.5,225286.0,225065.0,225286.0,226133.5,227731.5,228131.0,227479.5,227310.5,225958.0
232487.0,235509.5,238791.0,241988.5,245965.5,250321.0,252114.5,253538.0,255137.0,253538.0,252114.5,250321.0,245965.5,241988.5,238791.0,235509.5
228005.0,229827.0,231580.5,234367.5,236560.0,238336.5,239268.5,239001.0,239485.0,239001.0,239268.5,238336.5,236560.0,234367.5,231580.5,229827.0
234511.0,235522.5,237178.0,238268.0,239381.0,239948.5,239920.5,238942.0,238468.0,238942.0,239920.5,239948.5,239381.0,238268.0,237178.0,235522.5
213091.0,213104.5,212919.0,213730.0,214112.0,213883.5,212993.0,212571.0,213221.0,212571.0,212993.0,213883.5,214112.0,213730.0,212919.0,213104.5
241428.0,244121.0,246988.5,244153.0,241515.0,245057.0,248074.5,245295.5,242991.0,245295.5,248074.5,245057.0,241515.0,244153.0,246988.5,244121.0
221439.0,223608.5,225997.5,227217.5,229104.5,231366.0,230303.5,230245.5,230885.0,230245.5,230303.5,231366.0,229104.5,227217.5,225997.5,223608.5
209522.0,209776.0,210129.0,210988.5,211475.0,210788.5,211741.0,211569.0,212328.0,211569.0,211741.0,210788.5,211475.0,210988.5,210129.0,209776.0
235124.0,236419.5,237078.0,236345.0,236687.5,236554.0,236410.0,236528.5,236117.0,236528.5,236410.0,236554.0,236687.5,236345.0,237078.0,236419.5
237837.0,240545.5,242562.5,246972.5,251673.5,256020.5,258454.5,260063.5,262958.0,260063.5,258454.5,256020.5,251673.5,246972.5,242562.5,240545.5
232397.0,233225.5,233432.5,232679.0,232597.5,233112.5,233018.5,232944.0,233732.0,232944.0,233018.5,233112.5,232597.5,232679.0,233432.5,233225.5
228478.0,230489.5,229951.0,231479.0,231586.0,232507.0,231129.0,230718.5,229150.0,230718.5,231129.0,232507.0,231586.0,231479.0,229951.0,230489.5
232432.0,235037.5,238223.0,241413.0,243706.0,245079.5,248920.5,251034.5,252444.0,251034.5,248920.5,245079.5,243706.0,241413.0,238223.0,235037.5
230398.0,233316.0,235441.5,237046.0,238897.5,237292.5,238742.5,242351.5,240731.0,242351.5,238742.5,237292.5,238897.5,237046.0,235441.5,233316.0
239292.0,242418.0,243819.0,244643.0,245743.0,245658.0,245403.0,242794.5,242949.0,242794.5,245403.0,245658.0,245743.0,244643.0,243819.0,242418.0
228152.0,230458.5,231288.0,231007.5,230910.0,230690.5,229717.0,230246.5,231152.0,230246.5,229717.0,230690.5,230910.0,231007.5,231288.0,230458.5
232074.0,234606.0,236563.0,236730.5,239641.5,239880.5,240087.5,242074.0,243262.0,242074.0,240087.5,239880.5,239641.5,236730.5,236563.0,234606.0
237046.0,240239.5,240378.5,241262.0,240098.0,241000.5,240926.0,241742.0,242085.0,241742.0,240926.0,241000.5,240098.0,241262.0,240378.5,240239.5
239947.0,242878.5,243764.0,247501.5,248125.5,247213.5,246430.0,247077.0,247423.0,247077.0,246430.0,247213.5,248125.5,247501.5,243764.0,242878.5
205750.0,206245.5,207791.0,208634.0,210423.5,212675.0,212592.0,213424.5,214313.0,213424.5,212592.0,212675.0,210423.5,208634.0,207791.0,206245.5
235548.0,237941.0,238437.0,242006.0,243777.5,247530.0,249269.0,250823.0,251349.0,250823.0,249269.0,247530.0,243777.5,242006.0,238437.0,237941.0
228856.0,232514.0,235997.5,239334.5,243152.5,245929.0,246876.5,247759.5,250071.0,247759.5,246876.5,245929.0,243152.5,239334.5,235997.5,232514.0
224387.0,224811.0,225591.0,226550.0,228633.5,231837.5,234677.0,235463.0,237425.0,235463.0,234677.0,231837.5,228633.5,226550.0,225591.0,224811.0
230801.0,231295.5,232019.5,232271.5,231755.0,232910.0,232798.5,231862.5,231302.0,231862.5,232798.5,232910.0,231755.0,232271.5,232019.5,231295.5
233240.0,235611.0,237127.0,237872.5,238489.5,238509.0,237930.0,237515.5,238155.0,237515.5,237930.0,238509.0,238489.5,237872.5,237127.0,235611.0
230088.0,235030.0,234626.0,238155.0,239056.0,239452.5,240981.0,239388.0,242195.0,239388.0,240981.0,239452.5,239056.0,238155.0,234626.0,235030.0
227454.0,229746.0,230311.5,231173.0,232883.5,233251.0,234453.5,235456.0,234977.0,235456.0,234453.5,233251.0,232883.5,231173.0,230311.5,229746.0
223120.0,225667.0,226257.5,225860.5,227081.0,227079.0,226797.0,226667.5,225999.0,226667.5,226797.0,227079.0,227081.0,225860.5,226257.5,225667.0
220026.0,223092.0,222884.5,225717.5,226269.5,228393.5,229658.0,232293.5,230405.0,232293.5,229658.0,228393.5,226269.5,225717.5,222884.5,223092.0
222100.0,223463.0,225686.0,226530.0,226753.5,226999.5,227044.0,225262.5,224243.0,225262.5,227044.0,226999.5,226753.5,226530.0,225686.0,223463.0
219887.0,222220.5,223694.5,222996.5,223464.0,223713.5,223894.5,224437.5,224079.0,224437.5,223894.5,223713.5,223464.0,222996.5,223694.5,222220.5
253482.0,255275.5,257400.5,259726.5,260370.5,258194.0,258170.0,257879.5,257143.0,257879.5,258170.0,258194.0,260370.5,259726.5,257400.5,255275.5
224538.0,226650.0,227325.5,227544.5,228704.5,228029.0,227301.0,227220.5,227048.0,227220.5,227301.0,228029.0,228704.5,227544.5,227325.5,226650.0
231600.0,232193.5,233884.0,234983.0,233868.5,234006.5,234258.5,234810.0,235724.0,234810.0,234258.5,234006.5,233868.5,234983.0,233884.0,232193.5
224298.0,224949.0,226082.5,227702.5,227005.5,228245.0,227268.5,228019.5,227861.0,228019.5,227268.5,228245.0,227005.5,227702.5,226082.5,224949.0
247087.0,248981.0,251936.0,252567.0,252978.0,253449.5,252547.5,250468.0,249747.0,250468.0,252547.5,253449.5,252978.0,252567.0,251936.0,248981.0
215325.0,216844.0,218209.5,219614.5,220174.0,221145.0,222839.0,223823.5,224852.0,223823.5,222839.0,221145.0,220174.0,219614.5,218209.5,216844.0
232126.0,233726.5,234581.0,237880.5,238585.0,239286.5,239581.5,239776.5,240563.0,239776.5,239581.5,239286.5,238585.0,237880.5,234581.0,233726.5
239603.0,243384.5,243951.5,244951.5,244977.5,244779.0,245470.0,241943.5,242574.0,241943.5,245470.0,244779.0,244977.5,244951.5,243951.5,243384.5
232588.0,234526.0,236202.5,238905.0,240376.5,240423.0,240309.5,240466.0,241891.0,240466.0,240309.5,240423.0,240376.5,238905.0,236202.5,234526.0
264792.0,267589.5,267348.5,267703.0,269142.0,269098.5,269661.5,270300.5,269771.0,270300.5,269661.5,269098.5,269142.0,267703.0,267348.5,267589.5
230537.0,233549.0,235093.5,237564.0,239364.0,239841.0,241241.5,243806.0,244049.0,243806.0,241241.5,239841.0,239364.0,237564.0,235093.5,233549.0
228572.0,230788.5,232937.5,233515.5,235282.0,237960.5,237976.0,237688.0,237436.0,237688.0,237976.0,237960.5,235282.0,233515.5,232937.5,230788.5
236667.0,238968.5,241847.0,243132.0,245730.0,247249.5,248532.0,249767.0,251351.0,249767.0,248532.0,247249.5,245730.0,243132.0,241847.0,238968.5
223132.0,224652.0,225349.0,225254.5,225758.5,225335.0,224660.5,225656.5,225872.0,225656.5,224660.5,225335.0,225758.5,225254.5,225349.0,224652.0
233422.0,234017.0,235246.5,237042.0,237875.5,238192.0,238220.5,237748.5,237250.0,237748.5,238220.5,238192.0,237875.5,237042.0,235246.5,234017.0
233620.0,236730.5,239062.5,240238.5,244093.5,245387.0,244683.5,246392.0,247111.0,246392.0,244683.5,245387.0,244093.5,240238.5,239062.5,236730.5
244968.0,245721.0,248563.0,249180.0,251056.5,251865.5,250235.5,248985.5,249906.0,248985.5,250235.5,251865.5,251056.5,249180.0,248563.0,245721.0
231505.0,233625.0,234686.0,238389.0,241878.5,244930.0,248044.0,248888.0,250238.0,248888.0,248044.0,244930.0,241878.5,238389.0,234686.0,233625.0
235625.0,238113.5,241555.5,244054.0,243993.0,242645.5,240643.0,239831.0,240220.0,239831.0,240643.0,242645.5,243993.0,244054.0,241555.5,238113.5
238127.0,241025.0,242289.0,244018.5,246029.5,246460.0,249453.0,251166.0,251541.0,251166.0,249453.0,246460.0,246029.5,244018.5,242289.0,241025.0
249186.0,249931.0,252947.5,254171.5,254363.5,255345.0,257196.0,259295.5,261184.0,259295.5,257196.0,255345.0,254363.5,254171.5,252947.5,249931.0
227469.0,231093.0,231964.5,231904.0,229949.5,230593.0,231458.5,230965.0,231116.0,230965.0,231458.5,230593.0,229949.5,231904.0,231964.5,231093.0
239675.0,241868.0,242084.5,242161.0,242865.5,241977.5,242883.5,243443.5,244542.0,243443.5,242883.5,241977.5,242865.5,242161.0,242084.5,241868.0
233259.0,236232.0,237423.5,237248.0,237500.5,236731.0,238057.5,239929.0,240514.0,239929.0,238057.5,236731.0,237500.5,237248.0,237423.5,236232.0
239628.0,240814.5,243780.5,244547.5,245166.0,244870.5,245525.5,245786.5,245654.0,245786.5,245525.5,244870.5,245166.0,244547.5,243780.5,240814.5
216189.0,218213.0,219750.0,220386.5,218461.5,217848.5,220266.0,219648.0,219144.0,219648.0,220266.0,217848.5,218461.5,220386.5,219750.0,218213.0
220347.0,222086.5,223369.5,224218.5,224034.5,224606.5,225487.0,225437.5,225505.0,225437.5,225487.0,224606.5,224034.5,224218.5,223369.5,222086.5
224583.0,226449.5,226148.5,227480.5,227535.5,227619.0,227983.5,227549.0,228062.0,227549.0,227983.5,227619.0,227535.5,227480.5,226148.5,226449.5
248007.0,249925.0,252022.0,252636.5,252185.5,251446.0,252391.0,251926.5,251198.0,251926.5,252391.0,251446.0,252185.5,252636.5,252022.0,249925.0
233811.0,234992.0,237535.5,240900.5,244481.0,245689.5,247759.0,250274.5,251389.0,250274.5,247759.0,245689.5,244481.0,240900.5,237535.5,234992.0
229953.0,229084.5,230558.0,231301.5,230178.5,228496.5,229950.0,231788.5,231096.0,231788.5,229950.0,228496.5,230178.5,231301.5,230558.0,229084.5
225452.0,226009.0,228195.0,230414.0,230975.5,231328.5,232748.0,234201.5,235291.0,234201.5,232748.0,231328.5,230975.5,230414.0,228195.0,226009.0
249676.0,252292.5,253285.5,253967.0,253647.0,251421.0,252458.5,254257.5,255302.0,254257.5,252458.5,251421.0,253647.0,253967.0,253285.5,252292.5
237929.0,242376.0,243996.0,245642.5,246940.0,250325.5,252100.5,253263.0,254004.0,253263.0,252100.5,250325.5,246940.0,245642.5,243996.0,242376.0
227155.0,230666.5,232330.5,233055.0,238433.5,239860.0,241577.5,243872.5,242054.0,243872.5,241577.5,239860.0,238433.5,233055.0,232330.5,230666.5
245448.0,247427.0,250087.5,251647.0,252722.0,254047.0,254696.0,255229.0,255193.0,255229.0,254696.0,254047.0,252722.0,251647.0,250087.5,247427.0
236787.0,237781.0,237281.0,237994.5,238088.0,238930.5,239235.5,238761.5,239389.0,238761.5,239235.5,238930.5,238088.0,237994.5,237281.0,237781.0
217923.0,219204.5,220861.0,222078.0,222491.5,222617.5,222889.0,222812.0,223914.0,222812.0,222889.0,222617.5,222491.5,222078.0,220861.0,219204.5
219885.0,221121.5,221485.5,221611.0,222313.0,222832.0,223944.5,224192.5,223209.0,224192.5,223944.5,222832.0,222313.0,221611.0,221485.5,221121.5
236418.0,238533.0,241019.0,243908.0,247491.5,249793.5,252946.0,254772.5,254993.0,254772.5,252946.0,249793.5,247491.5,243908.0,241019.0,238533.0
226933.0,229363.0,231558.5,233471.0,233674.5,235794.0,238190.0,235931.5,236900.0,235931.5,238190.0,235794.0,233674.5,233471.0,231558.5,229363.0
220223.0,220272.0,220087.0,220740.5,220982.5,221123.0,222600.0,224119.5,224584.0,224119.5,222600.0,221123.0,220982.5,220740.5,220087.0,220272.0
237694.0,238263.5,240247.0,242649.5,244581.5,246153.5,247306.0,248728.5,250241.0,248728.5,247306.0,246153.5,244581.5,242649.5,240247.0,238263.5
225660.0,228865.5,230409.5,229341.0,229147.0,229370.0,229801.5,230497.5,229636.0,230497.5,229801.5,229370.0,229147.0,229341.0,230409.5,228865.5
218977.0,221691.0,224805.5,230753.5,237003.5,243855.5,249412.0,251908.0,253597.0,251908.0,249412.0,243855.5,237003.5,230753.5,224805.5,221691.0
258236.0,260201.5,259941.5,259641.0,259745.5,260529.5,259971.0,259864.0,259640.0,259864.0,259971.0,260529.5,259745.5,259641.0,259941.5,260201.5
242619.0,244632.0,245846.0,243907.5,244935.0,245820.5,245380.0,245951.5,245782.0,245951.5,245380.0,245820.5,244935.0,243907.5,245846.0,244632.0
265169.0,266960.0,269015.0,270250.5,272127.0,272671.0,273306.0,272342.5,270287.0,272342.5,273306.0,272671.0,272127.0,270250.5,269015.0,266960.0
252790.0,254353.0,255136.5,257089.5,256867.0,258342.0,258800.5,259701.5,260490.0,259701.5,258800.5,258342.0,256867.0,257089.5,255136.5,254353.0
246995.0,248941.5,250536.5,251218.5,251601.5,251274.5,250911.0,249181.5,248431.0,249181.5,250911.0,251274.5,251601.5,251218.5,250536.5,248941.5
232925.0,236020.0,238573.0,239737.5,241942.5,243404.5,241009.5,239944.0,241277.0,239944.0,241009.5,243404.5,241942.5,239737.5,238573.0,236020.0
238149.0,239713.0,240089.0,240159.0,240293.5,240040.5,239744.5,239380.5,240587.0,239380.5,239744.5,240040.5,240293.5,240159.0,240089.0,239713.0
250112.0,253148.5,252296.5,253957.0,254140.0,253752.0,254195.0,251869.0,254916.0,251869.0,254195.0,253752.0,254140.0,253957.0,252296.5,253148.5
225624.0,226277.5,226875.5,227404.0,226326.5,226197.0,226788.5,227437.5,227587.0,227437.5,226788.5,226197.0,226326.5,227404.0,226875.5,226277.5
232057.0,235338.5,240445.5,243328.5,244999.5,244213.5,240453.0,239124.5,238013.0,239124.5,240453.0,244213.5,244999.5,243328.5,240445.5,235338.5
220505.0,222164.5,221522.5,221625.5,223119.0,223323.5,222960.0,221946.0,222375.0,221946.0,222960.0,223323.5,223119.0,221625.5,221522.5,222164.5
253828.0,253889.5,254087.0,255085.5,256109.5,255932.0,256362.5,257738.5,258019.0,257738.5,256362.5,255932.0,256109.5,255085.5,254087.0,253889.5
218007.0,219509.0,221439.0,223715.5,224462.5,223222.0,221952.0,220701.5,220738.0,220701.5,221952.0,223222.0,224462.5,223715.5,221439.0,219509.0
251462.0,254003.5,257374.5,258138.0,257558.5,256477.0,257277.0,257360.5,258454.0,257360.5,257277.0,256477.0,257558.5,258138.0,257374.5,254003.5
219487.0,221082.0,223036.5,226511.0,230728.0,234837.0,237762.5,239910.0,239955.0,239910.0,237762.5,234837.0,230728.0,226511.0,223036.5,221082.0
219877.0,220893.5,222062.0,223391.0,222464.5,222511.0,222591.5,220750.0,221204.0,220750.0,222591.5,222511.0,222464.5,223391.0,222062.0,220893.5
235833.0,236567.5,238450.0,240850.0,243385.0,245097.5,246763.0,247003.0,248103.0,247003.0,246763.0,245097.5,243385.0,240850.0,238450.0,236567.5
252231.0,253390.5,254583.5,256101.5,256905.0,256748.5,256376.5,256699.5,256607.0,256699.5,256376.5,256748.5,256905.0,256101.5,254583.5,253390.5
223318.0,225796.5,226340.5,228399.0,231644.5,233096.0,235946.0,236653.0,238085.0,236653.0,235946.0,233096.0,231644.5,228399.0,226340.5,225796.5
240016.0,241639.0,242091.5,241357.0,241990.5,241572.0,241343.5,241962.0,242649.0,241962.0,241343.5,241572.0,241990.5,241357.0,242091.5,241639.0
235869.0,237498.5,239559.0,239614.5,240354.5,239049.0,239620.0,240577.0,241294.0,240577.0,239620.0,239049.0,240354.5,239614.5,239559.0,237498.5
233619.0,234021.0,234167.5,235630.0,234458.5,233206.0,233587.5,234626.5,235197.0,234626.5,233587.5,233206.0,234458.5,235630.0,234167.5,234021.0
231187.0,232106.5,233659.0,235938.0,234814.5,234951.5,232933.0,233577.0,231558.0,233577.0,232933.0,234951.5,234814.5,235938.0,233659.0,232106.5
230622.0,231475.5,231856.5,232829.0,234346.5,236006.0,236961.0,237129.0,237485.0,237129.0,236961.0,236006.0,234346.5,232829.0,231856.5,231475.5
231324.0,231292.0,231679.5,232194.0,232713.0,233831.5,233572.5,234052.5,234694.0,234052.5,233572.5,233831.5,232713.0,232194.0,231679.5,231292.0
221547.0,224198.5,226469.0,226381.0,227155.5,227782.0,226913.5,229937.5,232171.0,229937.5,226913.5,227782.0,227155.5,226381.0,226469.0,224198.5
235835.0,238130.5,240010.0,243311.0,247285.5,250684.5,253046.5,254949.0,254595.0,254949.0,253046.5,250684.5,247285.5,243311.0,240010.0,238130.5
237753.0,240243.0,243343.5,244329.0,243241.0,243216.0,243450.0,243329.0,245240.0,243329.0,243450.0,243216.0,243241.0,244329.0,243343.5,240243.0
229943.0,230904.5,231544.5,231411.0,231992.5,232343.0,232167.5,232311.5,232496.0,232311.5,232167.5,232343.0,231992.5,231411.0,231544.5,230904.5
231581.0,232454.5,232612.0,231654.0,231331.5,231817.5,232757.0,232556.0,232222.0,232556.0,232757.0,231817.5,231331.5,231654.0,232612.0,232454.5
226493.0,228144.0,230263.5,231711.5,231499.0,232990.0,232137.5,232113.5,230237.0,232113.5,232137.5,232990.0,231499.0,231711.5,230263.5,228144.0
234722.0,236185.0,238424.0,238970.5,239602.0,241090.5,241775.5,240877.5,240918.0,240877.5,241775.5,241090.5,239602.0,238970.5,238424.0,236185.0
250722.0,252647.0,254904.5,259238.5,263373.5,266292.0,269190.5,270455.5,270867.0,270455.5,269190.5,266292.0,263373.5,259238.5,254904.5,252647.0
254195.0,256973.0,258318.0,258369.5,262001.0,263166.0,262608.5,263245.5,263914.0,263245.5,262608.5,263166.0,262001.0,258369.5,258318.0,256973.0
228676.0,230711.0,232230.0,234266.5,237261.5,240583.5,242855.0,244130.0,244905.0,244130.0,242855.0,240583.5,237261.5,234266.5,232230.0,230711.0
234579.0,234374.5,235317.0,235343.0,235741.5,235389.5,235362.5,235567.0,234923.0,235567.0,235362.5,235389.5,235741.5,235343.0,235317.0,234374.5
237420.0,237549.5,237439.0,238672.5,239102.0,240445.0,240202.5,241036.5,241248.0,241036.5,240202.5,240445.0,239102.0,238672.5,237439.0,237549.5
249173.0,251128.5,255044.5,256999.5,261175.5,267185.0,270056.5,272844.5,274827.0,272844.5,270056.5,267185.0,261175.5,256999.5,255044.5,251128.5
218892.0,219148.0,220021.5,220762.5,220807.0,220319.0,220721.0,221223.5,220771.0,221223.5,220721.0,220319.0,220807.0,220762.5,220021.5,219148.0
229322.0,231204.0,231552.0,230299.5,230603.5,230738.5,231793.5,231282.0,229194.0,231282.0,231793.5,230738.5,230603.5,230299.5,231552.0,231204.0
221076.0,223016.0,224163.0,226313.0,227305.5,226943.0,227168.0,226523.0,227661.0,226523.0,227168.0,226943.0,227305.5,226313.0,224163.0,223016.0
246495.0,247871.0,251139.5,252852.0,253956.0,253843.0,253416.0,251537.5,251297.0,251537.5,253416.0,253843.0,253956.0,252852.0,251139.5,247871.0
253806.0,254864.5,255596.0,256034.5,256270.0,256370.0,256936.0,256211.0,255998.0,256211.0,256936.0,256370.0,256270.0,256034.5,255596.0,254864.5
231208.0,232141.0,234993.0,233657.0,233718.5,233499.0,234921.5,233371.5,232411.0,233371.5,234921.5,233499.0,233718.5,233657.0,234993.0,232141.0
232569.0,233976.5,234828.0,237852.0,239853.0,240461.5,239957.0,237975.5,238304.0,237975.5,239957.0,240461.5,239853.0,237852.0,234828.0,233976.5
257786.0,258767.5,260644.5,261434.0,264430.5,264820.0,264303.0,263426.0,263011.0,263426.0,264303.0,264820.0,264430.5,261434.0,260644.5,258767.5
232037.0,233291.5,232891.0,233252.0,233755.5,233290.0,233297.0,233380.5,232524.0,233380.5,233297.0,233290.0,233755.5,233252.0,232891.0,233291.5
233413.0,234481.0,234574.0,233095.0,233522.0,233581.5,233400.0,234086.0,234442.0,234086.0,233400.0,233581.5,233522.0,233095.0,234574.0,234481.0
228554.0,231425.5,231975.0,230114.0,231038.0,230803.0,231394.5,231446.5,228259.0,231446.5,231394.5,230803.0,231038.0,230114.0,231975.0,231425.5
227497.0,230121.0,230400.5,231236.5,232878.5,233498.5,235154.5,235696.0,236052.0,235696.0,235154.5,233498.5,232878.5,231236.5,230400.5,230121.0
243619.0,246376.5,249409.5,251040.0,252562.5,251007.5,249575.5,247518.0,246202.0,247518.0,249575.5,251007.5,252562.5,251040.0,249409.5,246376.5
234644.0,236588.5,237553.0,237779.0,237631.5,236759.0,236357.0,235958.0,236578.0,235958.0,236357.0,236759.0,237631.5,237779.0,237553.0,236588.5
237101.0,238483.0,240267.5,241318.0,241531.5,241939.0,243038.5,244851.0,246006.0,244851.0,243038.5,241939.0,241531.5,241318.0,240267.5,238483.0
248613.0,251063.0,254911.5,260788.0,267831.5,273879.0,278397.5,282434.0,283070.0,282434.0,278397.5,273879.0,267831.5,260788.0,254911.5,251063.0
221056.0,221381.5,222241.5,223079.0,223291.5,221760.0,223142.5,222435.5,223705.0,222435.5,223142.5,221760.0,223291.5,223079.0,222241.5,221381.5
232627.0,236265.5,236741.5,238683.5,238826.0,239212.5,236778.0,236762.0,234365.0,236762.0,236778.0,239212.5,238826.0,238683.5,236741.5,236265.5
243530.0,244432.0,243785.0,245069.5,246068.5,245775.5,247518.5,247672.0,247446.0,247672.0,247518.5,245775.5,246068.5,245069.5,243785.0,244432.0
251812.0,254214.0,255481.5,253779.5,253148.0,253497.5,255651.5,254617.5,253437.0,254617.5,255651.5,253497.5,253148.0,253779.5,255481.5,254214.0
240443.0,244918.0,246347.5,249828.5,251817.0,256548.5,261504.5,262271.0,262023.0,262271.0,261504.5,256548.5,251817.0,249828.5,246347.5,244918.0
216641.0,217668.0,219782.0,222182.0,225999.0,228926.0,231705.0,233501.0,234057.0,233501.0,231705.0,228926.0,225999.0,222182.0,219782.0,217668.0
225590.0,227255.0,227321.0,228335.5,228532.5,227586.5,227797.0,227356.5,227224.0,227356.5,227797.0,227586.5,228532.5,228335.5,227321.0,227255.0
239672.0,242550.0,245300.0,246152.5,248649.0,249841.5,248061.0,247824.5,249325.0,247824.5,248061.0,249841.5,248649.0,246152.5,245300.0,242550.0
226931.0,228292.0,229359.5,230545.0,231841.5,231398.0,232684.5,232560.5,235077.0,232560.5,232684.5,231398.0,231841.5,230545.0,229359.5,228292.0
243793.0,244590.5,244542.0,244525.5,245011.0,245370.0,245198.0,246083.0,246479.0,246083.0,245198.0,245370.0,245011.0,244525.5,244542.0,244590.5
233989.0,236567.5,236072.0,238124.0,239661.5,242443.0,242215.0,242755.5,243306.0,242755.5,242215.0,242443.0,239661.5,238124.0,236072.0,236567.5
247674.0,250537.0,252960.5,254312.0,257156.5,259381.0,261697.0,261966.0,261434.0,261966.0,261697.0,259381.0,257156.5,254312.0,252960.5,250537.0
230998.0,232396.5,234799.0,236826.0,237935.5,239362.5,239054.5,237507.0,235932.0,237507.0,239054.5,239362.5,237935.5,236826.0,234799.0,232396.5
224956.0,227406.5,228010.5,226675.0,226853.5,227091.5,227000.0,227054.0,227274.0,227054.0,227000.0,227091.5,226853.5,226675.0,228010.5,227406.5
239891.0,241853.0,244041.0,248445.5,251421.5,256414.0,260277.0,262862.5,262304.0,262862.5,260277.0,256414.0,251421.5,248445.5,244041.0,241853.0
230771.0,231641.0,234154.0,235612.5,239464.0,242507.0,244711.5,246418.5,246732.0,246418.5,244711.5,242507.0,239464.0,235612.5,234154.0,231641.0
218862.0,219815.0,221892.5,224236.0,226602.5,228681.5,230683.0,231891.5,231742.0,231891.5,230683.0,228681.5,226602.5,224236.0,221892.5,219815.0
242628.0,246222.5,249062.5,252676.5,252009.5,253064.0,252793.5,250287.0,249255.0,250287.0,252793.5,253064.0,252009.5,252676.5,249062.5,246222.5
239039.0,239745.0,242123.5,243677.5,244575.5,244341.0,243650.0,242315.5,242349.0,242315.5,243650.0,244341.0,244575.5,243677.5,242123.5,239745.0
230636.0,232242.5,234066.5,232984.5,234167.5,236378.5,236272.5,237752.5,238227.0,237752.5,236272.5,236378.5,234167.5,232984.5,234066.5,232242.5
243702.0,246291.0,248080.5,249474.5,249999.0,251569.0,250805.0,252292.0,253572.0,252292.0,250805.0,251569.0,249999.0,249474.5,248080.5,246291.0
230060.0,231741.5,231703.0,232842.0,232766.0,232728.5,232499.5,232617.0,232053.0,232617.0,232499.5,232728.5,232766.0,232842.0,231703.0,231741.5
219128.0,223243.0,222200.5,222880.5,223261.5,223947.5,222460.0,224819.0,224344.0,224819.0,222460.0,223947.5,223261.5,222880.5,222200.5,223243.0
210118.0,212853.5,213380.5,215329.5,217376.0,219505.0,221201.5,222909.0,222710.0,222909.0,221201.5,219505.0,217376.0,215329.5,213380.5,212853.5
223044.0,224052.5,224250.5,224068.0,225242.5,226180.5,225866.5,226172.5,226526.0,226172.5,225866.5,226180.5,225242.5,224068.0,224250.5,224052.5
226509.0,227130.0,228602.0,230914.0,233305.0,236328.5,238554.5,239910.5,241130.0,239910.5,238554.5,236328.5,233305.0,230914.0,228602.0,227130.0
242058.0,242988.5,244356.5,247274.5,248045.5,249835.5,249718.0,249323.5,249260.0,249323.5,249718.0,249835.5,248045.5,247274.5,244356.5,242988.5
227518.0,229991.0,232241.0,232317.0,232793.5,233666.5,232719.5,231967.5,232162.0,231967.5,232719.5,233666.5,232793.5,232317.0,232241.0,229991.0
235377.0,234986.0,236026.5,236598.5,237539.5,239017.0,239583.5,239745.5,240926.0,239745.5,239583.5,239017.0,237539.5,236598.5,236026.5,234986.0
234843.0,237357.0,238034.5,238980.5,239070.5,241112.0,243358.0,243335.5,244121.0,243335.5,243358.0,241112.0,239070.5,238980.5,238034.5,237357.0
258254.0,259680.0,259544.5,259949.5,261478.0,259058.5,259698.5,259906.0,257844.0,259906.0,259698.5,259058.5,261478.0,259949.5,259544.5,259680.0
229592.0,229256.5,230232.5,231471.0,232169.5,234109.0,235275.5,235133.5,235557.0,235133.5,235275.5,234109.0,232169.5,231471.0,230232.5,229256.5
210014.0,211303.0,211410.0,211374.0,212412.0,211891.5,211938.5,211765.5,210729.0,211765.5,211938.5,211891.5,212412.0,211374.0,211410.0,211303.0
241138.0,242945.5,244746.5,244269.5,243807.5,243269.5,244043.5,242890.5,244401.0,242890.5,244043.5,243269.5,243807.5,244269.5,244746.5,242945.5
234909.0,237516.5,239827.0,239593.0,240490.0,242586.5,244562.0,245880.0,246205.0,245880.0,244562.0,242586.5,240490.0,239593.0,239827.0,237516.5
226782.0,227670.5,230117.5,231747.5,231984.0,231494.0,232866.5,233976.0,233526.0,233976.0,232866.5,231494.0,231984.0,231747.5,230117.5,227670.5
236579.0,237937.5,240622.5,242691.5,243774.5,243575.5,243247.5,244478.0,244187.0,244478.0,243247.5,243575.5,243774.5,242691.5,240622.5,237937.5
234940.0,236953.0,238067.0,239073.0,237710.5,236519.5,237168.0,237347.5,238375.0,237347.5,237168.0,236519.5,237710.5,239073.0,238067.0,236953.0
239219.0,242461.5,243917.0,244881.0,245862.5,245163.5,247336.5,248229.0,248615.0,248229.0,247336.5,245163.5,245862.5,244881.0,243917.0,242461.5
238592.0,241001.5,241184.5,241293.0,241106.0,239826.0,240925.5,241253.5,242664.0,241253.5,240925.5,239826.0,241106.0,241293.0,241184.5,241001.5
237650.0,237741.0,237255.5,237495.0,237115.0,237048.5,238534.5,237834.5,238954.0,237834.5,238534.5,237048.5,237115.0,237495.0,237255.5,237741.0
203719.0,205353.0,207824.0,209960.0,211838.0,213055.0,212497.5,212241.0,212000.0,212241.0,212497.5,213055.0,211838.0,209960.0,207824.0,205353.0
243451.0,245708.0,245908.5,244505.0,245595.0,245220.0,245537.5,245889.0,245703.0,245889.0,245537.5,245220.0,245595.0,244505.0,245908.5,245708.0
241782.0,242396.0,243615.5,244148.5,243102.0,242198.5,243020.0,243331.0,242699.0,243331.0,243020.0,242198.5,243102.0,244148.5,243615.5,242396.0
236981.0,237464.5,237408.5,239380.5,239759.5,241525.5,242302.5,243046.5,244060.0,243046.5,242302.5,241525.5,239759.5,239380.5,237408.5,237464.5
265396.0,267272.0,267151.0,267108.5,267726.0,266231.0,266645.0,267463.5,267564.0,267463.5,266645.0,266231.0,267726.0,267108.5,267151.0,267272.0
233310.0,234582.0,235802.5,235553.5,235455.5,233961.5,234575.0,235635.0,234792.0,235635.0,234575.0,233961.5,235455.5,235553.5,235802.5,234582.0
223267.0,224272.0,225176.0,224912.5,225961.5,226747.5,225913.0,226609.0,227710.0,226609.0,225913.0,226747.5,225961.5,224912.5,225176.0,224272.0
233077.0,235736.5,235547.5,236675.5,236143.5,235733.5,237055.0,236165.0,237356.0,236165.0,237055.0,235733.5,236143.5,236675.5,235547.5,235736.5
240914.0,243758.0,245707.0,244494.0,244043.5,243411.5,243775.5,245227.0,245295.0,245227.0,243775.5,243411.5,244043.5,244494.0,245707.0,243758.0
253164.0,257466.5,262712.0,266126.0,267219.0,270996.5,271451.5,276064.0,278357.0,276064.0,271451.5,270996.5,267219.0,266126.0,262712.0,257466.5
237437.0,238524.5,238679.5,239231.0,239164.5,238834.0,239812.0,240078.5,239549.0,240078.5,239812.0,238834.0,239164.5,239231.0,238679.5,238524.5
239747.0,240466.5,242710.5,241596.0,242837.5,242439.5,242524.5,242948.0,244674.0,242948.0,242524.5,242439.5,242837.5,241596.0,242710.5,240466.5
235302.0,237367.5,240863.5,245727.0,250015.5,252512.0,254591.5,255837.5,255685.0,255837.5,254591.5,252512.0,250015.5,245727.0,240863.5,237367.5
243310.0,246802.5,248858.5,249710.0,251907.5,252903.5,250733.5,249118.0,248155.0,249118.0,250733.5,252903.5,251907.5,249710.0,248858.5,246802.5
235729.0,237891.0,239070.5,240409.5,240970.5,241828.0,243843.5,243982.0,243895.0,243982.0,243843.5,241828.0,240970.5,240409.5,239070.5,237891.0
233501.0,239388.0,240783.0,242744.0,247388.5,248829.0,251967.5,255642.5,254856.0,255642.5,251967.5,248829.0,247388.5,242744.0,240783.0,239388.0
220754.0,221295.5,223730.5,223811.0,223453.0,224901.5,225720.5,227488.0,227590.0,227488.0,225720.5,224901.5,223453.0,223811.0,223730.5,221295.5
250286.0,252252.5,253551.5,251957.5,251940.0,252113.5,252460.0,252957.0,252708.0,252957.0,252460.0,252113.5,251940.0,251957.5,253551.5,252252.5
227035.0,228631.0,230946.5,232862.0,234291.5,234521.5,237067.5,237910.5,238436.0,237910.5,237067.5,234521.5,234291.5,232862.0,230946.5,228631.0
228829.0,231408.5,232246.5,234041.0,237326.0,238473.5,240105.5,241573.0,242239.0,241573.0,240105.5,238473.5,237326.0,234041.0,232246.5,231408.5
230586.0,231911.0,233187.0,234399.5,233537.0,232238.5,232498.0,233678.0,235032.0,233678.0,232498.0,232238.5,233537.0,234399.5,233187.0,231911.0
210250.0,211196.5,213779.0,217276.0,220061.5,219136.0,219226.5,217515.0,217317.0,217515.0,219226.5,219136.0,220061.5,217276.0,213779.0,211196.5
217029.0,219719.0,223051.0,224123.0,223516.5,222322.5,222806.0,223038.0,225139.0,223038.0,222806.0,222322.5,223516.5,224123.0,223051.0,219719.0
243998.0,245409.5,247588.0,248424.0,250524.0,252752.0,254503.5,255396.5,254655.0,255396.5,254503.5,252752.0,250524.0,248424.0,247588.0,245409.5
231248.0,231617.5,234844.0,238056.5,240677.5,240626.0,239862.0,239053.5,239382.0,239053.5,239862.0,240626.0,240677.5,238056.5,234844.0,231617.5
232396.0,233884.5,234663.5,233366.5,235059.5,233717.5,234926.0,235980.5,235736.0,235980.5,234926.0,233717.5,235059.5,233366.5,234663.5,233884.5
237625.0,237952.5,239269.5,240238.0,241282.5,242137.0,242645.0,243988.5,244777.0,243988.5,242645.0,242137.0,241282.5,240238.0,239269.5,237952.5
227275.0,228286.0,229094.5,229973.5,230798.5,231328.0,232004.5,232970.5,233576.0,232970.5,232004.5,231328.0,230798.5,229973.5,229094.5,228286.0
242787.0,248103.0,253489.5,252648.5,250547.0,252213.5,254313.0,255988.0,256950.0,255988.0,254313.0,252213.5,250547.0,252648.5,253489.5,248103.0
224391.0,225279.0,225960.0,225707.5,224346.0,223989.0,224072.5,226330.5,226184.0,226330.5,224072.5,223989.0,224346.0,225707.5,225960.0,225279.0
242355.0,244281.5,246208.5,245912.0,246014.0,245492.0,245640.5,246958.5,247397.0,246958.5,245640.5,245492.0,246014.0,245912.0,246208.5,244281.5
237071.0,238348.0,238633.5,239749.0,239506.0,240933.0,241214.5,241364.0,242745.0,241364.0,241214.5,240933.0,239506.0,239749.0,238633.5,238348.0
217838.0,219462.5,221465.0,221761.0,221423.0,220523.5,221629.0,224114.0,224854.0,224114.0,221629.0,220523.5,221423.0,221761.0,221465.0,219462.5
233218.0,235039.5,237361.5,240071.5,242065.5,241811.5,240332.5,238965.0,237442.0,238965.0,240332.5,241811.5,242065.5,240071.5,237361.5,235039.5
238422.0,239474.0,241036.0,243869.0,246021.5,247792.5,249623.0,251768.5,252761.0,251768.5,249623.0,247792.5,246021.5,243869.0,241036.0,239474.0
239612.0,240805.5,242451.5,243674.0,245278.0,247819.0,249757.0,250648.5,250749.0,250648.5,249757.0,247819.0,245278.0,243674.0,242451.5,240805.5
246554.0,247080.0,247944.0,248157.5,248188.0,247631.0,248342.0,247186.0,247201.0,247186.0,248342.0,247631.0,248188.0,248157.5,247944.0,247080.0
231165.0,231302.0,234106.0,236435.0,238671.0,239131.0,237797.5,237536.5,236577.0,237536.5,237797.5,239131.0,238671.0,236435.0,234106.0,231302.0
220232.0,222676.5,225369.5,227529.0,230420.0,233605.5,233643.5,235007.0,237122.0,235007.0,233643.5,233605.5,230420.0,227529.0,225369.5,222676.5
234020.0,236373.0,237861.0,239086.5,243180.5,246990.5,246829.0,248588.0,252579.0,248588.0,246829.0,246990.5,243180.5,239086.5,237861.0,236373.0
236781.0,237323.5,238615.5,239704.5,239767.5,241051.5,241038.5,240977.5,241562.0,240977.5,241038.5,241051.5,239767.5,239704.5,238615.5,237323.5
235727.0,242523.5,245379.0,251955.0,256897.5,258329.5,262166.0,259508.0,260260.0,259508.0,262166.0,258329.5,256897.5,251955.0,245379.0,242523.5
227525.0,229739.5,231573.0,233340.5,236556.5,237135.5,236736.0,236586.5,235592.0,236586.5,236736.0,237135.5,236556.5,233340.5,231573.0,229739.5
228924.0,231928.0,234039.0,234071.5,232865.0,233214.5,233381.5,231972.0,231941.0,231972.0,233381.5,233214.5,232865.0,234071.5,234039.0,231928.0
242516.0,245676.0,248407.5,250646.0,252469.5,251867.0,253781.0,255993.0,256058.0,255993.0,253781.0,251867.0,252469.5,250646.0,248407.5,245676.0
217842.0,220116.5,220853.0,223429.5,225547.5,227057.0,226495.5,226835.0,226334.0,226835.0,226495.5,227057.0,225547.5,223429.5,220853.0,220116.5
239084.0,242436.5,244029.0,245929.5,246088.5,248902.5,250458.0,249798.5,249199.0,249798.5,250458.0,248902.5,246088.5,245929.5,244029.0,242436.5
224341.0,224774.5,225706.0,226820.0,226849.0,225657.5,226570.0,227726.0,227779.0,227726.0,226570.0,225657.5,226849.0,226820.0,225706.0,224774.5
228141.0,229065.0,229680.5,230808.0,232212.0,232224.0,232006.5,232753.5,232586.0,232753.5,232006.5,232224.0,232212.0,230808.0,229680.5,229065.0
222060.0,222744.0,223987.0,223326.5,222431.0,222662.0,222427.0,222311.0,223683.0,222311.0,222427.0,222662.0,222431.0,223326.5,223987.0,222744.0
235472.0,236125.5,236191.5,235798.5,236191.0,236383.5,236620.0,236700.0,236572.0,236700.0,236620.0,236383.5,236191.0,235798.5,236191.5,236125.5
238664.0,239274.0,241130.0,242899.5,244276.0,246321.0,246603.0,247350.0,248881.0,247350.0,246603.0,246321.0,244276.0,242899.5,241130.0,239274.0
241196.0,242476.0,242277.5,241417.5,242992.5,242182.5,242459.5,242954.0,240805.0,242954.0,242459.5,242182.5,242992.5,241417.5,242277.5,242476.0
236997.0,239398.5,240777.0,240331.0,243686.0,244555.5,244118.5,244950.0,244562.0,244950.0,244118.5,244555.5,243686.0,240331.0,240777.0,239398.5
228604.0,230285.0,232208.5,232874.5,231723.0,230045.5,230549.5,231297.0,231454.0,231297.0,230549.5,230045.5,231723.0,232874.5,232208.5,230285.0
219271.0,220287.5,221872.0,222030.5,222282.5,222400.5,222612.5,221366.5,221293.0,221366.5,222612.5,222400.5,222282.5,222030.5,221872.0,220287.5
229837.0,230047.5,231863.0,233122.5,236108.5,234830.5,233514.0,232428.5,232026.0,232428.5,233514.0,234830.5,236108.5,233122.5,231863.0,230047.5
221853.0,223485.0,224261.5,224367.5,225042.0,224354.0,223964.5,223287.5,222719.0,223287.5,223964.5,224354.0,225042.0,224367.5,224261.5,223485.0
237456.0,239042.5,239312.5,239018.0,240216.5,239494.0,239082.0,239457.5,238672.0,239457.5,239082.0,239494.0,240216.5,239018.0,239312.5,239042.5
230404.0,232375.5,233642.5,232302.0,232611.0,233500.5,234185.0,234764.5,235400.0,234764.5,234185.0,233500.5,232611.0,232302.0,233642.5,232375.5
246903.0,249185.5,248998.5,248477.5,249857.0,249437.0,249552.5,249407.0,248925.0,249407.0,249552.5,249437.0,249857.0,248477.5,248998.5,249185.5
251764.0,252051.0,252798.5,255499.5,257001.0,257243.5,256698.5,256188.0,256456.0,256188.0,256698.5,257243.5,257001.0,255499.5,252798.5,252051.0
241756.0,244517.5,246500.0,247883.0,248838.5,247567.5,247803.0,247183.0,247519.0,247183.0,247803.0,247567.5,248838.5,247883.0,246500.0,244517.5
246879.0,248328.5,253110.5,257146.0,262001.5,265660.0,269378.5,271593.0,273043.0,271593.0,269378.5,265660.0,262001.5,257146.0,253110.5,248328.5
242383.0,244486.0,245227.0,245524.0,248492.0,247135.0,247915.5,250277.0,249204.0,250277.0,247915.5,247135.0,248492.0,245524.0,245227.0,244486.0
241553.0,243802.0,245288.5,245703.5,246837.0,247026.0,248621.5,248272.5,247169.0,248272.5,248621.5,247026.0,246837.0,245703.5,245288.5,243802.0
237979.0,238508.0,239976.5,241182.0,242109.5,242826.0,243769.0,243872.0,244003.0,243872.0,243769.0,242826.0,242109.5,241182.0,239976.5,238508.0
258306.0,259390.0,261901.5,261528.5,262378.0,264609.0,266223.5,266208.5,266232.0,266208.5,266223.5,264609.0,262378.0,261528.5,261901.5,259390.0
222269.0,224618.0,225520.0,226643.5,227456.0,227479.5,224946.5,224822.0,226800.0,224822.0,224946.5,227479.5,227456.0,226643.5,225520.0,224618.0
254659.0,257528.0,257893.0,259053.5,258271.0,257538.5,258422.0,259502.0,259101.0,259502.0,258422.0,257538.5,258271.0,259053.5,257893.0,257528.0
247089.0,249686.0,250240.0,249707.0,252218.5,251853.0,253538.0,253338.0,253878.0,253338.0,253538.0,251853.0,252218.5,249707.0,250240.0,249686.0
235724.0,238465.0,240049.0,240606.0,242443.0,242497.0,240847.0,241058.0,242050.0,241058.0,240847.0,242497.0,242443.0,240606.0,240049.0,238465.0
213050.0,213704.0,215662.5,216458.5,217336.0,219017.5,220645.0,221673.0,222877.0,221673.0,220645.0,219017.5,217336.0,216458.5,215662.5,213704.0
242013.0,243615.0,246077.0,248824.5,250722.0,251932.0,253315.5,255047.5,254852.0,255047.5,253315.5,251932.0,250722.0,248824.5,246077.0,243615.0
240016.0,239568.0,240676.5,241663.5,241930.0,240882.5,241289.5,240634.0,239528.0,240634.0,241289.5,240882.5,241930.0,241663.5,240676.5,239568.0
224677.0,226722.0,229184.5,228955.5,228909.0,228164.5,227476.5,227200.0,227299.0,227200.0,227476.5,228164.5,228909.0,228955.5,229184.5,226722.0
227988.0,230825.0,231827.0,233594.5,234122.0,235260.5,236721.0,236876.0,237290.0,236876.0,236721.0,235260.5,234122.0,233594.5,231827.0,230825.0
225322.0,225249.5,226462.5,227048.0,228555.5,230036.5,230709.5,231705.5,232062.0,231705.5,230709.5,230036.5,228555.5,227048.0,226462.5,225249.5
255965.0,259467.5,265254.5,270125.5,277594.0,281689.0,285486.5,289948.5,289980.0,289948.5,285486.5,281689.0,277594.0,270125.5,265254.5,259467.5
230153.0,232900.5,233864.5,237763.0,238786.5,239862.0,239768.5,241192.5,240252.0,241192.5,239768.5,239862.0,238786.5,237763.0,233864.5,232900.5
247723.0,250141.5,252198.0,251664.5,249478.0,250828.0,252674.5,250335.0,249942.0,250335.0,252674.5,250828.0,249478.0,251664.5,252198.0,250141.5
245967.0,248009.0,248984.5,248546.5,248276.0,247554.0,248142.5,247998.0,247402.0,247998.0,248142.5,247554.0,248276.0,248546.5,248984.5,248009.0
238932.0,240495.0,242969.5,245802.0,248528.5,251113.5,252958.0,254520.0,254567.0,254520.0,252958.0,251113.5,248528.5,245802.0,242969.5,240495.0
247972.0,250389.5,249970.5,250568.5,251185.0,251193.0,249390.0,248568.0,248635.0,248568.0,249390.0,251193.0,251185.0,250568.5,249970.5,250389.5
252418.0,255255.5,256379.5,256241.5,259669.0,260636.0,262531.5,264573.0,264362.0,264573.0,262531.5,260636.0,259669.0,256241.5,256379.5,255255.5
240247.0,240213.0,241405.5,240974.5,240962.5,240942.0,240908.0,239289.5,237591.0,239289.5,240908.0,240942.0,240962.5,240974.5,241405.5,240213.0
239303.0,242049.5,243270.0,244927.5,246582.0,250862.5,250592.0,253330.5,253301.0,253330.5,250592.0,250862.5,246582.0,244927.5,243270.0,242049.5
231968.0,233621.0,234954.0,237166.5,238550.0,239964.5,240833.5,240718.0,240781.0,240718.0,240833.5,239964.5,238550.0,237166.5,234954.0,233621.0
223023.0,224743.0,225849.5,226780.0,226752.5,228349.5,229596.0,229413.0,229140.0,229413.0,229596.0,228349.5,226752.5,226780.0,225849.5,224743.0
237815.0,238914.0,240428.5,243215.0,243712.0,243896.0,243834.5,243560.5,243236.0,243560.5,243834.5,243896.0,243712.0,243215.0,240428.5,238914.0
218436.0,220710.5,222405.0,225161.0,226875.5,230339.0,233475.0,234565.5,234047.0,234565.5,233475.0,230339.0,226875.5,225161.0,222405.0,220710.5
231217.0,233337.0,235172.5,235363.5,235292.5,234608.5,236012.0,238021.0,238825.0,238021.0,236012.0,234608.5,235292.5,235363.5,235172.5,233337.0
238353.0,240247.0,241649.0,241931.5,241093.0,241176.5,240556.5,240802.0,240200.0,240802.0,240556.5,241176.5,241093.0,241931.5,241649.0,240247.0
226186.0,230148.5,233903.0,236720.0,235964.5,233879.5,236293.0,239979.5,242938.0,239979.5,236293.0,233879.5,235964.5,236720.0,233903.0,230148.5
225928.0,227378.5,228563.5,229710.0,229942.5,229860.5,231665.0,233256.5,232367.0,233256.5,231665.0,229860.5,229942.5,229710.0,228563.5,227378.5
240382.0,242357.5,243567.5,245427.0,244119.5,243477.5,243083.0,241513.0,242242.0,241513.0,243083.0,243477.5,244119.5,245427.0,243567.5,242357.5
228421.0,229384.5,231954.0,233256.5,233403.0,232876.5,233859.5,236646.5,238162.0,236646.5,233859.5,232876.5,233403.0,233256.5,231954.0,229384.5
227759.0,229081.0,229646.0,233782.0,234276.5,237819.0,237965.0,239115.0,238470.0,239115.0,237965.0,237819.0,234276.5,233782.0,229646.0,229081.0
219425.0,223107.5,221833.5,223786.5,222890.5,223776.0,222087.0,222210.5,221854.0,222210.5,222087.0,223776.0,222890.5,223786.5,221833.5,223107.5
210561.0,210958.0,211852.0,212817.0,213141.5,213189.5,212303.5,212073.0,212386.0,212073.0,212303.5,213189.5,213141.5,212817.0,211852.0,210958.0
229370.0,231967.0,232084.0,232618.0,234397.0,235239.0,236156.5,236651.5,237956.0,236651.5,236156.5,235239.0,234397.0,232618.0,232084.0,231967.0
224750.0,226465.5,227047.0,227460.5,226233.0,226567.5,226348.5,227424.5,227273.0,227424.5,226348.5,226567.5,226233.0,227460.5,227047.0,226465.5
214063.0,217686.5,219390.5,220721.0,223875.5,225783.5,227348.5,229287.0,230912.0,229287.0,227348.5,225783.5,223875.5,220721.0,219390.5,217686.5
239103.0,239725.5,239910.0,239686.5,239973.0,240080.0,240520.0,240573.0,240979.0,240573.0,240520.0,240080.0,239973.0,239686.5,239910.0,239725.5
238746.0,239584.5,241944.0,246364.5,251446.5,255527.0,259024.0,262634.5,264102.0,262634.5,259024.0,255527.0,251446.5,246364.5,241944.0,239584.5
243499.0,244490.5,244191.5,244319.0,244626.0,244987.0,245911.0,245330.5,245640.0,245330.5,245911.0,244987.0,244626.0,244319.0,244191.5,244490.5
243089.0,245219.5,244873.0,244611.5,245660.5,245557.0,246024.5,246617.0,245825.0,246617.0,246024.5,245557.0,245660.5,244611.5,244873.0,245219.5
223982.0,227026.5,228195.0,230353.0,232327.0,233311.0,234243.0,235774.5,235790.0,235774.5,234243.0,233311.0,232327.0,230353.0,228195.0,227026.5
256451.0,257446.5,260473.0,261772.0,265615.5,268604.0,271387.5,270258.0,271178.0,270258.0,271387.5,268604.0,265615.5,261772.0,260473.0,257446.5
238515.0,239397.5,243515.0,245701.5,248049.5,247102.0,247908.0,247121.0,248224.0,247121.0,247908.0,247102.0,248049.5,245701.5,243515.0,239397.5
246324.0,247350.5,247979.0,247419.5,248916.5,249029.0,248146.0,248774.5,249222.0,248774.5,248146.0,249029.0,248916.5,247419.5,247979.0,247350.5
222406.0,222676.0,223565.5,224126.5,225034.0,224447.5,224285.0,223944.0,223229.0,223944.0,224285.0,224447.5,225034.0,224126.5,223565.5,222676.0
227357.0,229532.5,234032.0,237170.0,240596.0,244830.5,246140.5,248661.5,252025.0,248661.5,246140.5,244830.5,240596.0,237170.0,234032.0,229532.5
242054.0,244312.5,245303.5,246064.0,247438.5,248795.0,250202.5,251614.5,252109.0,251614.5,250202.5,248795.0,247438.5,246064.0,245303.5,244312.5
224571.0,225619.5,227221.5,230177.0,232572.5,234876.5,237502.0,239563.0,240709.0,239563.0,237502.0,234876.5,232572.5,230177.0,227221.5,225619.5
243636.0,245516.5,247034.5,249700.5,251359.5,253279.0,254203.0,253086.0,253478.0,253086.0,254203.0,253279.0,251359.5,249700.5,247034.5,245516.5
225260.0,227718.0,229940.0,231411.0,234026.0,235860.0,233487.0,234426.0,235596.0,234426.0,233487.0,235860.0,234026.0,231411.0,229940.0,227718.0
219476.0,223932.0,225270.0,230082.5,231025.0,233216.0,234140.0,235116.5,235024.0,235116.5,234140.0,233216.0,231025.0,230082.5,225270.0,223932.0
230503.0,232255.5,234013.5,234965.5,235600.0,235910.5,234370.0,233217.5,234998.0,233217.5,234370.0,235910.5,235600.0,234965.5,234013.5,232255.5
228182.0,229021.0,229206.0,230690.0,232771.5,231999.5,231747.5,231561.5,230416.0,231561.5,231747.5,231999.5,232771.5,230690.0,229206.0,229021.0
225480.0,227108.5,227576.5,228096.5,226969.5,225704.5,225819.0,227091.5,227020.0,227091.5,225819.0,225704.5,226969.5,228096.5,227576.5,227108.5
242338.0,242210.5,244217.0,247289.0,249508.0,252273.0,253937.0,254419.5,254498.0,254419.5,253937.0,252273.0,249508.0,247289.0,244217.0,242210.5
214169.0,216759.5,219878.0,221603.0,221275.0,220539.5,221509.0,222666.5,224478.0,222666.5,221509.0,220539.5,221275.0,221603.0,219878.0,216759.5
225934.0,226175.5,228617.0,230182.5,232469.0,234498.5,236381.0,235986.0,235307.0,235986.0,236381.0,234498.5,232469.0,230182.5,228617.0,226175.5
227876.0,229775.5,232270.5,233411.5,234859.0,237266.5,240095.0,240468.5,240877.0,240468.5,240095.0,237266.5,234859.0,233411.5,232270.5,229775.5
238743.0,240947.0,242121.0,241629.0,243476.0,242554.0,241927.5,241937.0,241282.0,241937.0,241927.5,242554.0,243476.0,241629.0,242121.0,240947.0
227872.0,228714.0,229939.5,230953.0,231515.5,231768.5,231172.0,231811.5,232090.0,231811.5,231172.0,231768.5,231515.5,230953.0,229939.5,228714.0
229931.0,231798.0,233886.0,237815.0,240107.5,242555.5,245346.0,246885.0,247957.0,246885.0,245346.0,242555.5,240107.5,237815.0,233886.0,231798.0
241552.0,242643.5,243389.0,245218.0,248519.0,249587.5,252255.0,253191.0,253206.0,253191.0,252255.0,249587.5,248519.0,245218.0,243389.0,242643.5
233510.0,233586.0,234986.0,236833.0,238493.0,239041.5,239067.0,238554.5,238088.0,238554.5,239067.0,239041.5,238493.0,236833.0,234986.0,233586.0
257527.0,257701.5,258172.5,258653.0,257921.5,257572.0,258431.5,259087.5,259562.0,259087.5,258431.5,257572.0,257921.5,258653.0,258172.5,257701.5
222745.0,224084.0,225319.5,224975.0,224909.5,225265.5,226047.5,224961.5,224866.0,224961.5,226047.5,225265.5,224909.5,224975.0,225319.5,224084.0
239723.0,243032.5,241856.0,243305.0,242931.0,244351.0,242804.0,242526.5,242719.0,242526.5,242804.0,244351.0,242931.0,243305.0,241856.0,243032.5
224179.0,225138.5,227282.5,228929.0,228657.5,229141.5,229301.0,230957.0,232399.0,230957.0,229301.0,229141.5,228657.5,228929.0,227282.5,225138.5
241724.0,243272.5,246436.0,251069.0,256059.0,260135.0,264071.0,266215.0,267107.0,266215.0,264071.0,260135.0,256059.0,251069.0,246436.0,243272.5
213299.0,214605.5,215071.5,217742.0,219021.0,220836.0,222016.5,222953.5,222577.0,222953.5,222016.5,220836.0,219021.0,217742.0,215071.5,214605.5
235586.0,236411.5,239192.0,242181.5,243185.0,243158.5,245133.5,247651.5,247587.0,247651.5,245133.5,243158.5,243185.0,242181.5,239192.0,236411.5
220927.0,221881.0,223324.0,222888.5,222245.0,223771.0,223186.5,223145.0,223649.0,223145.0,223186.5,223771.0,222245.0,222888.5,223324.0,221881.0
241217.0,241695.5,244765.5,247735.5,250129.0,251119.0,252218.5,252629.5,252944.0,252629.5,252218.5,251119.0,250129.0,247735.5,244765.5,241695.5
246040.0,247195.5,248511.5,248112.0,248417.5,247385.0,247074.5,247978.5,247847.0,247978.5,247074.5,247385.0,248417.5,248112.0,248511.5,247195.5
226886.0,228264.0,228591.5,228147.5,229358.0,229740.0,230475.5,230300.5,230768.0,230300.5,230475.5,229740.0,229358.0,228147.5,228591.5,228264.0
235828.0,236659.5,237128.5,238558.0,238484.5,239357.0,239345.0,240445.5,239928.0,240445.5,239345.0,239357.0,238484.5,238558.0,237128.5,236659.5
220199.0,222708.5,223675.5,221366.0,223221.5,225581.0,224631.5,224281.5,225168.0,224281.5,224631.5,225581.0,223221.5,221366.0,223675.5,222708.5
218297.0,220088.0,221898.5,222553.5,224395.0,225275.0,224748.5,224624.5,224793.0,224624.5,224748.5,225275.0,224395.0,222553.5,221898.5,220088.0
244454.0,247710.5,252300.5,255443.5,257816.5,256255.5,253847.5,251152.5,248917.0,251152.5,253847.5,256255.5,257816.5,255443.5,252300.5,247710.5
222861.0,225852.5,227983.0,230634.5,231016.0,229244.5,228627.0,227858.0,228492.0,227858.0,228627.0,229244.5,231016.0,230634.5,227983.0,225852.5
231661.0,233284.0,234411.5,234529.0,233698.0,233436.5,233976.0,234663.0,234517.0,234663.0,233976.0,233436.5,233698.0,234529.0,234411.5,233284.0
248744.0,249221.5,249044.0,249282.5,249598.5,250209.5,249168.0,250270.5,250635.0,250270.5,249168.0,250209.5,249598.5,249282.5,249044.0,249221.5
238355.0,240598.5,242245.5,243190.0,244627.5,244612.5,244597.5,243193.0,241940.0,243193.0,244597.5,244612.5,244627.5,243190.0,242245.5,240598.5
236347.0,237720.0,238144.0,240001.0,240052.0,241457.0,242353.5,242191.0,243662.0,242191.0,242353.5,241457.0,240052.0,240001.0,238144.0,237720.0
224570.0,226789.5,228414.5,228900.5,228932.0,228512.5,230360.5,231452.5,233498.0,231452.5,230360.5,228512.5,228932.0,228900.5,228414.5,226789.5
233170.0,235275.5,236494.0,236681.5,239108.5,238849.5,239341.0,240961.0,239094.0,240961.0,239341.0,238849.5,239108.5,236681.5,236494.0,235275.5
222654.0,224605.0,226002.0,226323.0,226114.0,225334.0,225166.5,226936.0,228505.0,226936.0,225166.5,225334.0,226114.0,226323.0,226002.0,224605.0
220339.0,220125.5,221402.0,220421.5,219979.0,220784.0,220742.0,220445.5,220040.0,220445.5,220742.0,220784.0,219979.0,220421.5,221402.0,220125.5
240321.0,240577.5,241745.0,243924.5,244639.5,247089.5,249317.5,249180.0,250124.0,249180.0,249317.5,247089.5,244639.5,243924.5,241745.0,240577.5
231910.0,234061.5,235692.0,235899.0,236691.0,236912.5,236072.0,237881.0,237526.0,237881.0,236072.0,236912.5,236691.0,235899.0,235692.0,234061.5
247052.0,247832.5,249476.0,251014.5,250733.5,250556.5,251204.5,252514.5,253240.0,252514.5,251204.5,250556.5,250733.5,251014.5,249476.0,247832.5
243472.0,246173.0,249464.5,250008.5,251161.0,250894.0,248670.5,246343.5,245224.0,246343.5,248670.5,250894.0,251161.0,250008.5,249464.5,246173.0
230703.0,232479.0,232602.5,233780.0,234944.5,234541.0,235669.5,235740.0,235280.0,235740.0,235669.5,234541.0,234944.5,233780.0,232602.5,232479.0
259493.0,261549.5,262995.5,265062.0,265511.5,265748.0,267326.5,268100.5,269040.0,268100.5,267326.5,265748.0,265511.5,265062.0,262995.5,261549.5
244950.0,247915.0,251622.5,254170.5,257553.0,260541.5,261683.5,263097.0,263948.0,263097.0,261683.5,260541.5,257553.0,254170.5,251622.5,247915.0
237426.0,239914.5,240110.5,241965.0,242629.5,242270.5,242025.5,241173.0,240717.0,241173.0,242025.5,242270.5,242629.5,241965.0,240110.5,239914.5
230059.0,231951.5,235341.5,235433.5,233120.0,231832.0,233578.0,236025.0,237046.0,236025.0,233578.0,231832.0,233120.0,235433.5,235341.5,231951.5
229685.0,230081.0,230726.5,230355.5,230217.0,230147.5,230869.0,230585.0,230538.0,230585.0,230869.0,230147.5,230217.0,230355.5,230726.5,230081.0
258064.0,258653.0,259071.5,260475.0,263158.0,263849.5,264969.0,267070.5,266887.0,267070.5,264969.0,263849.5,263158.0,260475.0,259071.5,258653.0
240214.0,242509.5,245883.0,247946.0,247991.5,247863.5,249317.5,252586.0,254526.0,252586.0,249317.5,247863.5,247991.5,247946.0,245883.0,242509.5
230770.0,233317.5,235414.5,235733.5,234870.5,235586.0,237149.5,236268.0,235783.0,236268.0,237149.5,235586.0,234870.5,235733.5,235414.5,233317.5
217148.0,219096.5,223081.0,227715.0,230194.5,229548.0,226905.5,225330.0,224559.0,225330.0,226905.5,229548.0,230194.5,227715.0,223081.0,219096.5
223325.0,222242.5,222715.5,223315.0,222752.0,222459.0,223413.0,222963.0,222955.0,222963.0,223413.0,222459.0,222752.0,223315.0,222715.5,222242.5
237095.0,240220.5,242930.5,240595.0,239859.5,240171.5,241828.5,242070.0,241372.0,242070.0,241828.5,240171.5,239859.5,240595.0,242930.5,240220.5
219998.0,222702.5,223245.5,223987.5,224823.0,224993.5,225412.5,225200.5,226304.0,225200.5,225412.5,224993.5,224823.0,223987.5,223245.5,222702.5
240712.0,243363.0,243830.0,245064.5,245961.0,247634.5,250260.5,251239.0,252051.0,251239.0,250260.5,247634.5,245961.0,245064.5,243830.0,243363.0
230600.0,231105.5,231442.5,230911.0,230481.5,230934.0,230617.5,230307.5,229729.0,230307.5,230617.5,230934.0,230481.5,230911.0,231442.5,231105.5
230195.0,233422.0,232309.5,234471.0,234472.0,235140.0,235829.0,235463.0,236936.0,235463.0,235829.0,235140.0,234472.0,234471.0,232309.5,233422.0
232444.0,234314.5,237269.0,238897.5,238924.5,238168.0,238551.0,239109.0,240305.0,239109.0,238551.0,238168.0,238924.5,238897.5,237269.0,234314.5
255544.0,257647.0,257936.0,260834.0,263565.5,266723.0,268920.0,270402.0,270465.0,270402.0,268920.0,266723.0,263565.5,260834.0,257936.0,257647.0
231579.0,233295.0,233754.5,235155.5,236161.0,235048.5,234634.5,232721.0,232321.0,232721.0,234634.5,235048.5,236161.0,235155.5,233754.5,233295.0
252284.0,252851.0,254250.0,256407.5,258982.0,260990.0,262982.5,264084.5,264187.0,264084.5,262982.5,260990.0,258982.0,256407.5,254250.0,252851.0
239115.0,241237.0,242469.0,245986.0,249231.5,249806.5,250566.5,250304.5,250241.0,250304.5,250566.5,249806.5,249231.5,245986.0,242469.0,241237.0
233789.0,235801.0,235443.5,236362.0,235447.5,234875.0,235701.5,235574.0,235870.0,235574.0,235701.5,234875.0,235447.5,236362.0,235443.5,235801.0
233339.0,234515.0,236134.5,238402.5,240599.5,242023.5,242629.5,243279.0,243698.0,243279.0,242629.5,242023.5,240599.5,238402.5,236134.5,234515.0
222113.0,225085.5,227129.5,229283.5,229683.5,229649.5,229803.5,229600.5,229016.0,229600.5,229803.5,229649.5,229683.5,229283.5,227129.5,225085.5
233467.0,236120.0,239097.0,241593.5,242741.5,242662.0,243869.0,242711.5,243602.0,242711.5,243869.0,242662.0,242741.5,241593.5,239097.0,236120.0
237938.0,239648.0,241871.0,244203.5,245450.0,246738.5,248659.0,249500.5,249887.0,249500.5,248659.0,246738.5,245450.0,244203.5,241871.0,239648.0
229087.0,232345.0,234179.5,234544.5,235663.0,234884.5,235504.5,235656.0,234703.0,235656.0,235504.5,234884.5,235663.0,234544.5,234179.5,232345.0
225064.0,227259.0,226752.5,227096.5,227843.0,227195.5,227348.0,227670.5,226538.0,227670.5,227348.0,227195.5,227843.0,227096.5,226752.5,227259.0
221388.0,222727.0,225337.0,228414.0,230790.5,232621.5,234217.5,235218.5,234920.0,235218.5,234217.5,232621.5,230790.5,228414.0,225337.0,222727.0
243736.0,243675.0,243702.0,244746.0,245214.0,245603.5,246118.5,246705.0,247042.0,246705.0,246118.5,245603.5,245214.0,244746.0,243702.0,243675.0
233668.0,235334.0,237678.5,237898.5,238149.5,238359.5,238319.5,239441.0,241227.0,239441.0,238319.5,238359.5,238149.5,237898.5,237678.5,235334.0
236406.0,236761.5,238165.0,237178.0,236749.5,237294.0,237189.0,237598.5,237083.0,237598.5,237189.0,237294.0,236749.5,237178.0,238165.0,236761.5
238851.0,240124.0,241396.5,239898.0,241105.5,242562.5,240709.5,241357.5,241844.0,241357.5,240709.5,242562.5,241105.5,239898.0,241396.5,240124.0
237041.0,238294.5,240193.0,241985.5,242191.0,242559.0,242674.0,240190.0,239265.0,240190.0,242674.0,242559.0,242191.0,241985.5,240193.0,238294.5
225551.0,229180.5,232816.0,236521.0,241417.0,246370.5,251600.0,254436.0,254795.0,254436.0,251600.0,246370.5,241417.0,236521.0,232816.0,229180.5
239463.0,242618.0,246875.0,249929.0,252181.5,255709.0,255075.5,255211.0,253051.0,255211.0,255075.5,255709.0,252181.5,249929.0,246875.0,242618.0
223083.0,225723.0,230683.5,239035.5,249002.5,257406.0,265799.5,270135.0,271103.0,270135.0,265799.5,257406.0,249002.5,239035.5,230683.5,225723.0
227414.0,230925.5,237850.0,243867.5,249907.5,256402.5,262005.5,263512.5,262860.0,263512.5,262005.5,256402.5,249907.5,243867.5,237850.0,230925.5
236388.0,237550.5,237736.0,238593.5,240088.5,239154.5,239370.0,241326.5,242293.0,241326.5,239370.0,239154.5,240088.5,238593.5,237736.0,237550.5
240016.0,242592.5,244991.5,246186.5,247072.5,247085.5,246351.5,246350.0,246744.0,246350.0,246351.5,247085.5,247072.5,246186.5,244991.5,242592.5
253565.0,255756.0,255438.5,258085.0,255900.5,255698.0,256135.5,256997.0,258630.0,256997.0,256135.5,255698.0,255900.5,258085.0,255438.5,255756.0
239340.0,242061.5,243613.5,244147.0,242824.0,243119.5,242355.5,242979.0,241164.0,242979.0,242355.5,243119.5,242824.0,244147.0,243613.5,242061.5
245014.0,246424.5,247492.0,249146.0,249822.0,250001.5,250629.5,251532.0,253239.0,251532.0,250629.5,250001.5,249822.0,249146.0,247492.0,246424.5
234487.0,235768.0,237276.0,237380.5,239232.0,240213.5,240439.0,241814.0,241267.0,241814.0,240439.0,240213.5,239232.0,237380.5,237276.0,235768.0
216743.0,218979.5,218728.5,218799.0,219558.0,219951.0,219918.0,220941.0,219869.0,220941.0,219918.0,219951.0,219558.0,218799.0,218728.5,218979.5
235266.0,236667.5,239152.5,241207.5,243071.0,244907.5,244859.5,244745.5,246032.0,244745.5,244859.5,244907.5,243071.0,241207.5,239152.5,236667.5
230123.0,231405.0,233058.0,234245.0,236350.0,237744.5,237404.0,236665.0,236342.0,236665.0,237404.0,237744.5,236350.0,234245.0,233058.0,231405.0
234365.0,234645.5,236301.5,238276.0,241299.5,242530.0,245511.5,246912.5,246738.0,246912.5,245511.5,242530.0,241299.5,238276.0,236301.5,234645.5
230101.0,230619.5,231042.5,231309.0,230986.5,230936.0,231240.5,231864.5,232274.0,231864.5,231240.5,230936.0,230986.5,231309.0,231042.5,230619.5
220395.0,222156.5,223435.0,224495.5,225266.5,226352.5,225870.5,227136.5,228031.0,227136.5,225870.5,226352.5,225266.5,224495.5,223435.0,222156.5
224268.0,227275.0,228578.0,231261.5,230536.0,230632.5,231412.0,233693.0,234704.0,233693.0,231412.0,230632.5,230536.0,231261.5,228578.0,227275.0
213561.0,216353.0,217861.5,221364.0,221975.5,221851.5,220182.0,217352.0,216950.0,217352.0,220182.0,221851.5,221975.5,221364.0,217861.5,216353.0
227206.0,229463.5,231606.0,233458.5,236077.0,238016.0,241407.5,243266.5,245746.0,243266.5,241407.5,238016.0,236077.0,233458.5,231606.0,229463.5
