238865.0,241124.0,241644.5,242442.0,241142.5,241233.0,239535.5,240955.0,240798.0,240955.0,239535.5,241233.0,241142.5,242442.0,241644.5,241124.0
224628.0,226683.0,226671.5,227119.5,227714.5,227536.5,228513.5,227390.5,227566.0,227390.5,228513.5,227536.5,227714.5,227119.5,226671.5,226683.0
248080.0,250295.0,254300.0,255504.0,256268.5,255214.5,257220.0,258180.0,259086.0,258180.0,257220.0,255214.5,256268.5,255504.0,254300.0,250295.0
234468.0,236229.0,237956.5,240006.0,241426.0,240951.0,244008.0,244347.0,246981.0,244347.0,244008.0,240951.0,241426.0,240006.0,237956.5,236229.0
257929.0,261417.5,266994.0,271640.0,277214.5,277812.5,280050.5,282063.0,280299.0,282063.0,280050.5,277812.5,277214.5,271640.0,266994.0,261417.5
250342.0,251831.5,251807.0,251496.5,254405.0,254252.5,255563.0,257676.5,256702.0,257676.5,255563.0,254252.5,254405.0,251496.5,251807.0,251831.5
252401.0,254371.0,255886.5,257740.5,260082.5,259831.0,261783.0,261445.5,262377.0,261445.5,261783.0,259831.0,260082.5,257740.5,255886.5,254371.0
228807.0,229673.5,229900.0,229533.0,229807.0,229141.0,229427.0,229894.5,230097.0,229894.5,229427.0,229141.0,229807.0,229533.0,229900.0,229673.5
233296.0,235442.5,234644.5,236133.5,235804.5,237353.5,237966.0,237372.0,238991.0,237372.0,237966.0,237353.5,235804.5,236133.5,234644.5,235442.5
256003.0,258582.0,262502.5,265830.0,266865.5,265790.0,265694.5,267546.0,267412.0,267546.0,265694.5,265790.0,266865.5,265830.0,262502.5,258582.0
253497.0,256923.0,261729.0,265332.0,268032.0,267259.0,267830.5,270385.5,271335.0,270385.5,267830.5,267259.0,268032.0,265332.0,261729.0,256923.0
238762.0,239997.0,240953.5,241129.5,240989.0,242498.5,243272.5,243287.0,243724.0,243287.0,243272.5,242498.5,240989.0,241129.5,240953.5,239997.0
245759.0,248428.0,251148.0,250432.5,249656.5,248061.0,249237.0,250943.5,251388.0,250943.5,249237.0,248061.0,249656.5,250432.5,251148.0,248428.0
222587.0,224750.0,228896.0,233122.5,236598.0,238743.5,239569.5,240335.0,240504.0,240335.0,239569.5,238743.5,236598.0,233122.5,228896.0,224750.0
231426.0,232590.0,233597.5,234306.0,233114.5,232898.0,232876.5,233390.0,233141.0,233390.0,232876.5,232898.0,233114.5,234306.0,233597.5,232590.0
226509.0,230211.0,230688.0,232248.5,233269.5,231648.5,233857.5,235052.0,235997.0,235052.0,233857.5,231648.5,233269.5,232248.5,230688.0,230211.0
237719.0,237865.5,239207.0,240048.5,240338.0,240350.0,241187.5,242916.5,243457.0,242916.5,241187.5,240350.0,240338.0,240048.5,239207.0,237865.5
233025.0,234530.0,236851.5,236557.5,235750.5,237706.0,238203.5,235833.5,233486.0,235833.5,238203.5,237706.0,235750.5,236557.5,236851.5,234530.0
232232.0,234486.5,235679.5,238377.5,239159.5,239719.0,237813.5,236783.5,235318.0,236783.5,237813.5,239719.0,239159.5,238377.5,235679.5,234486.5
235674.0,237784.0,238787.0,238481.0,240195.0,237966.5,239394.5,239866.5,237601.0,239866.5,239394.5,237966.5,240195.0,238481.0,238787.0,237784.0
234925.0,237250.0,237135.0,237249.0,237182.5,236841.5,236886.5,236822.5,237331.0,236822.5,236886.5,236841.5,237182.5,237249.0,237135.0,237250.0
231247.0,232974.5,236536.5,240188.0,242154.5,241948.5,238279.5,235331.0,235204.0,235331.0,238279.5,241948.5,242154.5,240188.0,236536.5,232974.5
228694.0,229523.5,229120.0,230638.0,229881.5,230248.0,231048.0,231255.5,231493.0,231255.5,231048.0,230248.0,229881.5,230638.0,229120.0,229523.5
239149.0,239939.0,241052.5,241182.0,241945.0,243221.0,244020.5,244140.0,245259.0,244140.0,244020.5,243221.0,241945.0,241182.0,241052.5,239939.0
227815.0,229252.0,230667.0,231159.0,232829.0,235065.0,237471.5,237535.0,239300.0,237535.0,237471.5,235065.0,232829.0,231159.0,230667.0,229252.0
216911.0,219108.5,222253.0,225840.5,230270.0,233290.0,236245.5,237282.0,237406.0,237282.0,236245.5,233290.0,230270.0,225840.5,222253.0,219108.5
237327.0,238998.0,238610.0,238656.5,238836.0,239275.0,239982.0,239757.0,239564.0,239757.0,239982.0,239275.0,238836.0,238656.5,238610.0,238998.0
251715.0,253680.5,255742.5,257322.5,258097.0,258222.5,259679.0,260771.5,263122.0,260771.5,259679.0,258222.5,258097.0,257322.5,255742.5,253680.5
224243.0,227036.0,228287.5,229026.5,229717.5,228707.0,228873.5,230722.0,232417.0,230722.0,228873.5,228707.0,229717.5,229026.5,228287.5,227036.0
256353.0,257906.0,259636.0,259624.5,260026.5,261072.0,260398.0,259109.5,259364.0,259109.5,260398.0,261072.0,260026.5,259624.5,259636.0,257906.0
235505.0,238514.0,241303.5,240616.0,243163.5,243850.0,242206.0,242544.0,244045.0,242544.0,242206.0,243850.0,243163.5,240616.0,241303.5,238514.0
231423.0,233528.5,233684.5,234125.5,235654.0,235125.0,235165.5,235695.0,236261.0,235695.0,235165.5,235125.0,235654.0,234125.5,233684.5,233528.5
248059.0,249404.0,251682.0,252078.5,250700.0,250724.0,252153.5,252625.5,253092.0,252625.5,252153.5,250724.0,250700.0,252078.5,251682.0,249404.0
230490.0,231629.0,234723.5,237993.5,239117.0,239451.5,239841.5,241023.5,241327.0,241023.5,239841.5,239451.5,239117.0,237993.5,234723.5,231629.0
231572.0,234584.5,234633.0,235441.5,234094.5,234245.0,234174.0,236230.0,234439.0,236230.0,234174.0,234245.0,234094.5,235441.5,234633.0,234584.5
244489.0,246832.0,248071.5,248208.5,248654.0,247995.0,247440.0,247095.5,247464.0,247095.5,247440.0,247995.0,248654.0,248208.5,248071.5,246832.0
250116.0,252708.5,257516.5,258445.0,254850.5,252586.0,255118.5,255662.5,255737.0,255662.5,255118.5,252586.0,254850.5,258445.0,257516.5,252708.5
249455.0,254100.5,253719.0,255964.5,253834.5,255879.0,253235.0,256273.5,255109.0,256273.5,253235.0,255879.0,253834.5,255964.5,253719.0,254100.5
230544.0,231609.0,232988.5,233760.5,234526.5,233741.0,232557.5,231781.5,231323.0,231781.5,232557.5,233741.0,234526.5,233760.5,232988.5,231609.0
242554.0,246392.0,250423.5,250350.5,248690.0,249780.0,250498.0,249299.5,249571.0,249299.5,250498.0,249780.0,248690.0,250350.5,250423.5,246392.0
236064.0,238296.0,239467.0,239687.0,242074.0,242340.0,243540.5,245237.0,245005.0,245237.0,243540.5,242340.0,242074.0,239687.0,239467.0,238296.0
224231.0,226801.5,226143.0,226277.0,225622.5,225972.5,226411.0,226547.0,227212.0,226547.0,226411.0,225972.5,225622.5,226277.0,226143.0,226801.5
250181.0,251146.0,252173.5,253033.0,252712.0,252272.5,252611.0,251858.5,251454.0,251858.5,252611.0,252272.5,252712.0,253033.0,252173.5,251146.0
228436.0,231192.5,232513.5,232943.0,234074.0,232799.0,231960.5,232953.5,233380.0,232953.5,231960.5,232799.0,234074.0,232943.0,232513.5,231192.5
252788.0,252287.5,253411.0,253998.5,253856.0,253468.5,253816.0,253423.0,254543.0,253423.0,253816.0,253468.5,253856.0,253998.5,253411.0,252287.5
237011.0,239135.5,241325.5,241017.0,241094.0,243046.0,241368.0,240274.5,240026.0,240274.5,241368.0,243046.0,241094.0,241017.0,241325.5,239135.5
233843.0,235483.0,237153.0,236402.5,235044.5,234662.5,235707.0,235804.0,235934.0,235804.0,235707.0,234662.5,235044.5,236402.5,237153.0,235483.0
238070.0,238584.0,240003.5,241007.5,241544.0,242198.0,243088.5,244554.5,244850.0,244554.5,243088.5,242198.0,241544.0,241007.5,240003.5,238584.0
241784.0,243440.5,246542.5,248442.5,252499.0,256755.0,258872.0,261532.0,263425.0,261532.0,258872.0,256755.0,252499.0,248442.5,246542.5,243440.5
240773.0,242848.5,243650.5,244948.0,248205.5,248376.5,250894.5,252940.0,251852.0,252940.0,250894.5,248376.5,248205.5,244948.0,243650.5,242848.5
246675.0,248979.5,251622.5,252729.0,252941.5,255210.0,255599.5,257087.0,256345.0,257087.0,255599.5,255210.0,252941.5,252729.0,251622.5,248979.5
219514.0,221787.5,223490.0,225391.0,226382.0,227482.0,228600.5,227268.5,226007.0,227268.5,228600.5,227482.0,226382.0,225391.0,223490.0,221787.5
252182.0,254525.0,256844.0,261987.5,266093.0,269745.5,272535.0,272938.0,274334.0,272938.0,272535.0,269745.5,266093.0,261987.5,256844.0,254525.0
239228.0,242328.0,246164.5,250295.0,252278.5,252391.5,253047.5,252510.5,252901.0,252510.5,253047.5,252391.5,252278.5,250295.0,246164.5,242328.0
243414.0,244568.0,246886.5,248055.0,247660.5,246580.5,247406.5,248324.5,248471.0,248324.5,247406.5,246580.5,247660.5,248055.0,246886.5,244568.0
239211.0,241215.5,241420.0,242581.5,242963.5,243004.5,244092.0,245328.5,246890.0,245328.5,244092.0,243004.5,242963.5,242581.5,241420.0,241215.5
236622.0,237690.0,239559.0,239650.0,238474.0,238658.5,238871.5,238489.0,239484.0,238489.0,238871.5,238658.5,238474.0,239650.0,239559.0,237690.0
235372.0,236765.0,237670.0,238050.0,237727.0,238801.0,237543.5,238046.5,236376.0,238046.5,237543.5,238801.0,237727.0,238050.0,237670.0,236765.0
231905.0,234728.0,235214.5,235314.5,235991.5,237144.0,237845.0,237199.5,237149.0,237199.5,237845.0,237144.0,235991.5,235314.5,235214.5,234728.0
244421.0,246829.5,250107.5,251822.0,256784.5,260717.5,261477.5,263240.0,265794.0,263240.0,261477.5,260717.5,256784.5,251822.0,250107.5,246829.5
249532.0,251728.5,254329.5,254181.5,252338.5,252007.5,253071.5,254664.0,254412.0,254664.0,253071.5,252007.5,252338.5,254181.5,254329.5,251728.5
237843.0,238856.5,239675.0,239712.0,239271.0,239321.0,240843.5,240293.5,241324.0,240293.5,240843.5,239321.0,239271.0,239712.0,239675.0,238856.5
224781.0,225966.0,226016.5,225678.5,227640.0,227575.5,227835.0,228239.0,228078.0,228239.0,227835.0,227575.5,227640.0,225678.5,226016.5,225966.0
230311.0,231663.0,233402.0,235873.5,238648.5,240458.0,240270.0,242130.0,240323.0,242130.0,240270.0,240458.0,238648.5,235873.5,233402.0,231663.0
241414.0,244197.5,247734.5,248963.0,250496.5,250523.0,249337.0,248252.5,249514.0,248252.5,249337.0,250523.0,250496.5,248963.0,247734.5,244197.5
243767.0,246106.5,248482.0,249901.5,253466.5,253422.5,254202.0,254454.5,252994.0,254454.5,254202.0,253422.5,253466.5,249901.5,248482.0,246106.5
239623.0,240857.5,242842.5,242063.5,241423.0,241634.5,243367.0,242700.0,242443.0,242700.0,243367.0,241634.5,241423.0,242063.5,242842.5,240857.5
240081.0,240860.5,240454.5,240637.0,240620.5,240451.0,240519.0,241619.5,241621.0,241619.5,240519.0,240451.0,240620.5,240637.0,240454.5,240860.5
240151.0,243361.5,245730.5,247619.5,248628.5,248638.0,250708.5,253661.5,253893.0,253661.5,250708.5,248638.0,248628.5,247619.5,245730.5,243361.5
242212.0,242476.0,244119.5,245567.5,246242.0,246159.5,246721.0,247105.5,246812.0,247105.5,246721.0,246159.5,246242.0,245567.5,244119.5,242476.0
263750.0,263946.5,263995.0,265646.0,265651.0,266518.0,265635.5,267189.0,267186.0,267189.0,265635.5,266518.0,265651.0,265646.0,263995.0,263946.5
227513.0,229563.0,230214.5,229082.5,230880.5,228754.5,229930.0,231293.5,229308.0,231293.5,229930.0,228754.5,230880.5,229082.5,230214.5,229563.0
230129.0,233996.0,236768.0,238718.5,240900.5,241858.5,243199.0,247113.0,247960.0,247113.0,243199.0,241858.5,240900.5,238718.5,236768.0,233996.0
240199.0,241755.5,242369.0,242156.5,243860.5,244448.5,243475.5,243144.5,243621.0,243144.5,243475.5,244448.5,243860.5,242156.5,242369.0,241755.5
221372.0,225393.5,230562.0,232831.0,234783.0,235200.5,234811.0,232417.0,231308.0,232417.0,234811.0,235200.5,234783.0,232831.0,230562.0,225393.5
249748.0,251962.5,254597.0,256102.5,257476.0,258161.0,257932.0,258554.5,259265.0,258554.5,257932.0,258161.0,257476.0,256102.5,254597.0,251962.5
232146.0,232756.5,233118.5,235216.5,236765.0,238712.5,239614.5,240012.5,240478.0,240012.5,239614.5,238712.5,236765.0,235216.5,233118.5,232756.5
243959.0,245153.5,248083.0,250434.5,254596.0,257418.5,258406.5,258934.0,259051.0,258934.0,258406.5,257418.5,254596.0,250434.5,248083.0,245153.5
229476.0,231792.5,233584.0,235167.5,237270.5,238676.5,238821.0,238013.0,238340.0,238013.0,238821.0,238676.5,237270.5,235167.5,233584.0,231792.5
219461.0,222273.0,223518.0,224723.5,225102.0,225719.0,224243.5,222276.5,219868.0,222276.5,224243.5,225719.0,225102.0,224723.5,223518.0,222273.0
243750.0,246070.0,248296.0,247492.0,248075.0,247414.5,245538.0,246414.5,248414.0,246414.5,245538.0,247414.5,248075.0,247492.0,248296.0,246070.0
256433.0,255732.0,257533.5,258516.5,258185.0,257778.0,258388.5,258781.5,259353.0,258781.5,258388.5,257778.0,258185.0,258516.5,257533.5,255732.0
246647.0,248814.5,251098.0,253288.5,254307.5,256620.0,256265.5,255805.0,254683.0,255805.0,256265.5,256620.0,254307.5,253288.5,251098.0,248814.5
214085.0,215464.0,215604.0,217112.5,217162.5,217936.5,217239.5,216807.5,216110.0,216807.5,217239.5,217936.5,217162.5,217112.5,215604.0,215464.0
245065.0,248661.5,252783.5,257999.5,264091.0,264610.0,264236.5,264371.0,262341.0,264371.0,264236.5,264610.0,264091.0,257999.5,252783.5,248661.5
253594.0,254990.0,256746.5,256549.5,257179.0,256102.5,256012.5,255343.5,255231.0,255343.5,256012.5,256102.5,257179.0,256549.5,256746.5,254990.0
239656.0,241429.0,241604.0,240750.5,242029.5,241158.5,241184.0,241028.0,239787.0,241028.0,241184.0,241158.5,242029.5,240750.5,241604.0,241429.0
236281.0,239066.0,243390.5,248281.5,249028.5,245588.5,243516.0,240067.0,239579.0,240067.0,243516.0,245588.5,249028.5,248281.5,243390.5,239066.0
229029.0,231050.5,233491.5,233864.0,235605.0,235349.5,233006.5,231971.0,232639.0,231971.0,233006.5,235349.5,235605.0,233864.0,233491.5,231050.5
232503.0,233442.5,235022.5,236066.5,235870.0,235844.0,237011.5,238847.0,239345.0,238847.0,237011.5,235844.0,235870.0,236066.5,235022.5,233442.5
252990.0,253744.5,254576.5,256701.0,255391.5,255646.0,256649.0,258166.5,258332.0,258166.5,256649.0,255646.0,255391.5,256701.0,254576.5,253744.5
209851.0,211260.5,212237.0,211965.5,213093.5,213497.0,213328.5,212933.0,212911.0,212933.0,213328.5,213497.0,213093.5,211965.5,212237.0,211260.5
226598.0,227798.0,226613.5,226520.5,226708.0,227410.5,226752.5,225767.0,226598.0,225767.0,226752.5,227410.5,226708.0,226520.5,226613.5,227798.0
246759.0,248864.5,250621.5,250636.0,249757.5,249959.5,249095.5,249295.5,249923.0,249295.5,249095.5,249959.5,249757.5,250636.0,250621.5,248864.5
222865.0,226179.5,228169.0,230968.0,234439.0,237206.0,240286.0,242580.5,244659.0,242580.5,240286.0,237206.0,234439.0,230968.0,228169.0,226179.5
246859.0,248971.5,249216.5,251133.5,252223.5,252973.0,254986.5,255280.0,256692.0,255280.0,254986.5,252973.0,252223.5,251133.5,249216.5,248971.5
253488.0,255272.0,256218.0,256839.5,257945.0,258750.5,259470.0,259849.0,260400.0,259849.0,259470.0,258750.5,257945.0,256839.5,256218.0,255272.0
242540.0,244420.5,247350.5,251000.0,254593.0,257304.0,259587.0,261124.5,261421.0,261124.5,259587.0,257304.0,254593.0,251000.0,247350.5,244420.5
237348.0,237945.0,240564.5,240444.0,241065.0,243199.5,244850.0,246277.0,245626.0,246277.0,244850.0,243199.5,241065.0,240444.0,240564.5,237945.0
230334.0,231460.0,232593.5,233949.0,235323.0,236604.5,236708.0,237351.0,238026.0,237351.0,236708.0,236604.5,235323.0,233949.0,232593.5,231460.0
241376.0,245425.5,247534.5,249445.5,250189.5,251378.5,250851.5,252357.5,253007.0,252357.5,250851.5,251378.5,250189.5,249445.5,247534.5,245425.5
205221.0,204768.0,206590.0,207216.0,209210.5,209727.0,211177.0,212154.0,212898.0,212154.0,211177.0,209727.0,209210.5,207216.0,206590.0,204768.0
244254.0,246772.0,246936.5,248084.0,248885.0,248381.5,249119.5,248512.5,248224.0,248512.5,249119.5,248381.5,248885.0,248084.0,246936.5,246772.0
241654.0,242728.0,244202.0,244608.0,244292.5,244339.5,243715.0,245790.5,246059.0,245790.5,243715.0,244339.5,244292.5,244608.0,244202.0,242728.0
220097.0,223269.0,224122.5,224867.0,225283.0,226463.0,222680.5,223667.0,223189.0,223667.0,222680.5,226463.0,225283.0,224867.0,224122.5,223269.0
264070.0,266056.0,266603.0,264526.0,266602.0,268131.0,267104.0,268286.5,269769.0,268286.5,267104.0,268131.0,266602.0,264526.0,266603.0,266056.0
242141.0,246253.0,249263.5,248576.0,249490.0,251637.0,255322.0,255604.0,254408.0,255604.0,255322.0,251637.0,249490.0,248576.0,249263.5,246253.0
236453.0,239189.5,240677.0,241193.5,241674.0,239510.0,239424.5,239442.0,237862.0,239442.0,239424.5,239510.0,241674.0,241193.5,240677.0,239189.5
250041.0,251146.5,251540.0,253041.0,253219.0,253902.0,253752.0,254924.5,255005.0,254924.5,253752.0,253902.0,253219.0,253041.0,251540.0,251146.5
215270.0,217848.5,220177.5,219997.0,218210.5,215569.0,217040.5,219776.5,220643.0,219776.5,217040.5,215569.0,218210.5,219997.0,220177.5,217848.5
242281.0,244365.5,245027.0,245685.5,244985.5,244977.0,245155.5,246074.5,245632.0,246074.5,245155.5,244977.0,244985.5,245685.5,245027.0,244365.5
238572.0,239130.0,239952.0,238948.0,239714.5,240021.5,240224.0,240220.5,240135.0,240220.5,240224.0,240021.5,239714.5,238948.0,239952.0,239130.0
230968.0,231859.5,231569.0,231783.5,232025.0,231894.5,231540.5,232054.5,231467.0,232054.5,231540.5,231894.5,232025.0,231783.5,231569.0,231859.5
231912.0,233020.5,233258.0,233006.5,232700.5,232600.0,233225.0,232094.0,233459.0,232094.0,233225.0,232600.0,232700.5,233006.5,233258.0,233020.5
243342.0,242076.5,242651.5,243657.0,243355.5,243506.0,243584.5,242856.5,241771.0,242856.5,243584.5,243506.0,243355.5,243657.0,242651.5,242076.5
225175.0,225895.0,227566.5,228622.5,230091.5,229615.5,232007.5,232677.0,231414.0,232677.0,232007.5,229615.5,230091.5,228622.5,227566.5,225895.0
234488.0,238039.5,239673.0,239566.5,239024.0,239287.5,238631.5,237270.5,238887.0,237270.5,238631.5,239287.5,239024.0,239566.5,239673.0,238039.5
233342.0,234335.0,235855.0,236932.0,239199.5,240042.5,240117.5,239872.5,241198.0,239872.5,240117.5,240042.5,239199.5,236932.0,235855.0,234335.0
244757.0,249069.0,249124.0,249496.5,249191.5,248532.0,250636.0,250505.0,252773.0,250505.0,250636.0,248532.0,249191.5,249496.5,249124.0,249069.0
237620.0,240253.5,242190.5,244138.0,245754.0,248652.5,248956.5,249278.0,248446.0,249278.0,248956.5,248652.5,245754.0,244138.0,242190.5,240253.5
265254.0,266995.5,267303.0,267385.0,267931.5,267724.0,266712.0,267648.0,267376.0,267648.0,266712.0,267724.0,267931.5,267385.0,267303.0,266995.5
227988.0,230328.5,230424.0,231328.5,230745.5,230712.5,231456.0,232868.0,232128.0,232868.0,231456.0,230712.5,230745.5,231328.5,230424.0,230328.5
223929.0,224132.5,225933.5,227797.5,229092.0,231706.5,232776.5,234383.5,234457.0,234383.5,232776.5,231706.5,229092.0,227797.5,225933.5,224132.5
229357.0,230522.5,232033.0,232143.0,232927.0,235253.0,237493.0,237735.5,236985.0,237735.5,237493.0,235253.0,232927.0,232143.0,232033.0,230522.5
219966.0,221748.5,223671.5,225109.5,223899.0,224155.0,224130.5,227325.0,228146.0,227325.0,224130.5,224155.0,223899.0,225109.5,223671.5,221748.5
248841.0,249551.0,249681.5,250656.0,248791.0,249065.0,249403.0,249286.0,250078.0,249286.0,249403.0,249065.0,248791.0,250656.0,249681.5,249551.0
235744.0,236418.5,236592.5,236420.0,236821.5,237137.0,237055.5,237396.0,238260.0,237396.0,237055.5,237137.0,236821.5,236420.0,236592.5,236418.5
230369.0,233497.0,234706.5,235213.0,237257.5,238440.5,237896.0,237063.0,237332.0,237063.0,237896.0,238440.5,237257.5,235213.0,234706.5,233497.0
238624.0,241967.5,245083.5,248957.5,253012.5,255560.5,257558.0,258317.0,257401.0,258317.0,257558.0,255560.5,253012.5,248957.5,245083.5,241967.5
245072.0,246792.0,246934.5,248192.0,250405.0,250527.0,249669.0,250287.0,250115.0,250287.0,249669.0,250527.0,250405.0,248192.0,246934.5,246792.0
230746.0,233132.0,238044.5,239854.5,243218.0,242702.0,240701.5,242372.5,241640.0,242372.5,240701.5,242702.0,243218.0,239854.5,238044.5,233132.0
240201.0,241383.0,241875.0,242920.0,241725.0,241175.5,241499.0,242026.5,242675.0,242026.5,241499.0,241175.5,241725.0,242920.0,241875.0,241383.0
248565.0,251392.0,254978.0,254763.0,258788.5,261555.5,259271.0,259731.5,261466.0,259731.5,259271.0,261555.5,258788.5,254763.0,254978.0,251392.0
240506.0,241286.5,242249.5,244294.0,245262.0,247041.0,246366.0,246500.0,246492.0,246500.0,246366.0,247041.0,245262.0,244294.0,242249.5,241286.5
227048.0,229716.0,231501.5,234324.5,238564.0,239255.0,241339.0,241842.5,239999.0,241842.5,241339.0,239255.0,238564.0,234324.5,231501.5,229716.0
237592.0,242439.5,240692.0,243039.0,242439.5,245018.5,241760.0,246110.5,241566.0,246110.5,241760.0,245018.5,242439.5,243039.0,240692.0,242439.5
230525.0,232036.0,232762.0,232156.5,232842.5,232751.5,233680.5,233578.0,233629.0,233578.0,233680.5,232751.5,232842.5,232156.5,232762.0,232036.0
244387.0,245652.0,249135.5,254849.0,260025.0,265426.5,271455.0,274106.5,274806.0,274106.5,271455.0,265426.5,260025.0,254849.0,249135.5,245652.0
255416.0,255308.0,258095.0,258410.5,258587.0,259390.5,258644.0,259713.5,260531.0,259713.5,258644.0,259390.5,258587.0,258410.5,258095.0,255308.0
220130.0,223287.0,224764.5,225157.0,224255.0,226404.5,230063.5,228319.5,227512.0,228319.5,230063.5,226404.5,224255.0,225157.0,224764.5,223287.0
236173.0,237175.5,238561.5,241341.0,244740.5,248066.5,251545.5,252534.0,252282.0,252534.0,251545.5,248066.5,244740.5,241341.0,238561.5,237175.5
261233.0,262644.5,264101.0,265759.0,265858.0,265169.5,265371.0,267179.0,269015.0,267179.0,265371.0,265169.5,265858.0,265759.0,264101.0,262644.5
243400.0,245500.5,247126.0,248390.0,247748.5,246102.0,245555.0,247485.5,248779.0,247485.5,245555.0,246102.0,247748.5,248390.0,247126.0,245500.5
247717.0,250567.5,250975.0,251819.5,252198.5,251039.5,251266.5,252124.5,252925.0,252124.5,251266.5,251039.5,252198.5,251819.5,250975.0,250567.5
225877.0,227042.0,227946.0,228493.5,228871.5,229192.0,230102.5,230639.5,229869.0,230639.5,230102.5,229192.0,228871.5,228493.5,227946.0,227042.0
243076.0,244690.0,247521.5,248599.0,251193.0,253335.5,255447.5,256940.5,255824.0,256940.5,255447.5,253335.5,251193.0,248599.0,247521.5,244690.0
251910.0,252991.0,253320.5,254619.0,256163.0,256298.5,254824.5,255602.5,256076.0,255602.5,254824.5,256298.5,256163.0,254619.0,253320.5,252991.0
228300.0,230406.0,231946.5,234047.5,236503.0,237646.5,237972.0,237852.0,236893.0,237852.0,237972.0,237646.5,236503.0,234047.5,231946.5,230406.0
243653.0,243924.5,245110.5,244752.0,246485.5,245645.5,245118.0,244660.0,244579.0,244660.0,245118.0,245645.5,246485.5,244752.0,245110.5,243924.5
242830.0,243686.0,245252.5,247221.5,249593.5,250714.5,252217.5,252902.0,253339.0,252902.0,252217.5,250714.5,249593.5,247221.5,245252.5,243686.0
230911.0,232392.5,233375.5,234515.5,235028.5,234139.0,233770.0,234519.0,234955.0,234519.0,233770.0,234139.0,235028.5,234515.5,233375.5,232392.5
252870.0,255372.0,256744.5,256326.5,258375.5,260119.5,259844.0,259635.5,262683.0,259635.5,259844.0,260119.5,258375.5,256326.5,256744.5,255372.0
272547.0,274987.5,277069.0,280116.0,282505.5,284988.0,286767.5,287660.5,287567.0,287660.5,286767.5,284988.0,282505.5,280116.0,277069.0,274987.5
233965.0,235351.5,237499.5,240106.0,241043.5,240759.0,239567.5,238205.5,238522.0,238205.5,239567.5,240759.0,241043.5,240106.0,237499.5,235351.5
234629.0,238028.0,239396.0,237596.0,238341.0,239860.5,238832.0,238811.5,239535.0,238811.5,238832.0,239860.5,238341.0,237596.0,239396.0,238028.0
232904.0,234033.0,234763.0,235755.0,236434.5,236929.0,236629.5,237343.5,237263.0,237343.5,236629.5,236929.0,236434.5,235755.0,234763.0,234033.0
236667.0,238841.5,240088.5,241984.5,244167.5,245307.5,247027.0,247121.5,247417.0,247121.5,247027.0,245307.5,244167.5,241984.5,240088.5,238841.5
251042.0,251421.5,252333.5,251358.0,251969.5,252202.5,252932.5,252803.0,252541.0,252803.0,252932.5,252202.5,251969.5,251358.0,252333.5,251421.5
240190.0,242763.5,242253.0,242473.0,244243.0,246137.5,245513.0,245581.0,244170.0,245581.0,245513.0,246137.5,244243.0,242473.0,242253.0,242763.5
247288.0,249202.5,249392.5,249521.0,248245.0,247724.0,248461.5,248655.5,249376.0,248655.5,248461.5,247724.0,248245.0,249521.0,249392.5,249202.5
243889.0,244679.5,246146.5,247774.0,249106.5,249618.0,248851.0,248738.5,248941.0,248738.5,248851.0,249618.0,249106.5,247774.0,246146.5,244679.5
237712.0,242880.0,243695.5,248736.0,249851.0,249220.5,244897.5,242775.5,240668.0,242775.5,244897.5,249220.5,249851.0,248736.0,243695.5,242880.0
234678.0,235322.5,235754.5,237781.0,238271.0,239834.0,241212.5,242869.5,242620.0,242869.5,241212.5,239834.0,238271.0,237781.0,235754.5,235322.5
235924.0,238024.5,241320.0,243619.0,242590.0,243604.0,244577.0,244532.5,244886.0,244532.5,244577.0,243604.0,242590.0,243619.0,241320.0,238024.5
242845.0,244717.0,244910.0,245165.5,243562.0,245290.5,245415.0,245929.5,244444.0,245929.5,245415.0,245290.5,243562.0,245165.5,244910.0,244717.0
255509.0,256464.5,257735.0,257711.0,258131.5,258717.0,257577.5,257585.5,257639.0,257585.5,257577.5,258717.0,258131.5,257711.0,257735.0,256464.5
246519.0,248529.5,248788.0,248958.0,249221.0,250303.5,248343.0,249591.0,248781.0,249591.0,248343.0,250303.5,249221.0,248958.0,248788.0,248529.5
231945.0,235154.0,237654.5,237767.0,239094.5,241044.0,241341.0,239837.0,239383.0,239837.0,241341.0,241044.0,239094.5,237767.0,237654.5,235154.0
223440.0,227492.5,229388.0,231724.0,233405.5,231931.5,232406.5,233228.0,230780.0,233228.0,232406.5,231931.5,233405.5,231724.0,229388.0,227492.5
231178.0,232314.5,232474.0,232448.0,232814.0,232896.5,233399.5,232966.0,232573.0,232966.0,233399.5,232896.5,232814.0,232448.0,232474.0,232314.5
261896.0,265488.0,266021.5,267945.5,267944.0,268477.5,267539.5,270719.0,272334.0,270719.0,267539.5,268477.5,267944.0,267945.5,266021.5,265488.0
224268.0,227902.5,230360.5,231365.5,233178.5,233538.5,233513.0,232962.5,230870.0,232962.5,233513.0,233538.5,233178.5,231365.5,230360.5,227902.5
249726.0,252308.5,254810.0,257509.5,260145.0,261107.5,259985.5,259665.5,259867.0,259665.5,259985.5,261107.5,260145.0,257509.5,254810.0,252308.5
240949.0,241924.5,242863.0,243764.5,244056.5,246584.5,248656.5,248920.5,248579.0,248920.5,248656.5,246584.5,244056.5,243764.5,242863.0,241924.5
234381.0,237088.5,239862.5,239940.0,237148.5,235062.5,236596.5,238894.0,241296.0,238894.0,236596.5,235062.5,237148.5,239940.0,239862.5,237088.5
217412.0,221774.0,220495.0,223524.5,223038.0,222665.5,225340.0,224496.0,227706.0,224496.0,225340.0,222665.5,223038.0,223524.5,220495.0,221774.0
228815.0,231022.0,232434.5,234497.0,235024.0,233929.0,232872.5,230626.0,230711.0,230626.0,232872.5,233929.0,235024.0,234497.0,232434.5,231022.0
246428.0,247715.0,249165.5,252661.0,253300.5,253178.0,253070.0,253109.0,251386.0,253109.0,253070.0,253178.0,253300.5,252661.0,249165.5,247715.0
229698.0,231510.5,233753.0,235932.0,236668.5,236835.0,238318.0,238206.5,237103.0,238206.5,238318.0,236835.0,236668.5,235932.0,233753.0,231510.5
227262.0,228600.5,228322.5,228520.0,227962.5,228730.0,229009.5,229121.5,227325.0,229121.5,229009.5,228730.0,227962.5,228520.0,228322.5,228600.5
226044.0,227326.5,228741.5,229373.0,231068.0,231095.5,232464.0,234602.0,234159.0,234602.0,232464.0,231095.5,231068.0,229373.0,228741.5,227326.5
238215.0,240185.5,242159.0,241969.5,241388.5,242534.5,243502.0,241894.5,241334.0,241894.5,243502.0,242534.5,241388.5,241969.5,242159.0,240185.5
234976.0,237554.0,238353.0,237539.0,237621.0,239247.0,238550.0,239520.0,237852.0,239520.0,238550.0,239247.0,237621.0,237539.0,238353.0,237554.0
240465.0,241474.5,243525.0,244290.5,244964.5,244638.5,245040.0,243490.5,244504.0,243490.5,245040.0,244638.5,244964.5,244290.5,243525.0,241474.5
224163.0,225202.5,225523.5,224695.0,226350.5,225577.0,225802.5,225753.5,224340.0,225753.5,225802.5,225577.0,226350.5,224695.0,225523.5,225202.5
255886.0,258005.5,260079.0,262710.5,264931.0,266851.5,268038.0,267408.5,267354.0,267408.5,268038.0,266851.5,264931.0,262710.5,260079.0,258005.5
243913.0,245153.5,246849.5,248454.0,247870.0,247831.5,249189.0,247918.0,247164.0,247918.0,249189.0,247831.5,247870.0,248454.0,246849.5,245153.5
261968.0,263362.5,266068.0,266607.5,267072.5,267140.0,268084.0,269446.0,270623.0,269446.0,268084.0,267140.0,267072.5,266607.5,266068.0,263362.5
229993.0,232932.0,234487.5,235039.0,235429.0,234334.0,235325.0,235871.5,236449.0,235871.5,235325.0,234334.0,235429.0,235039.0,234487.5,232932.0
226194.0,227003.5,228229.5,227564.0,229010.0,228462.5,229559.0,229224.0,229469.0,229224.0,229559.0,228462.5,229010.0,227564.0,228229.5,227003.5
235820.0,236104.5,237885.0,238503.5,239041.0,238690.0,239451.0,239331.0,237608.0,239331.0,239451.0,238690.0,239041.0,238503.5,237885.0,236104.5
232333.0,234455.5,235392.0,237151.0,237501.0,239468.0,239424.5,240731.5,240732.0,240731.5,239424.5,239468.0,237501.0,237151.0,235392.0,234455.5
238048.0,240538.0,240640.0,243363.5,244993.5,245194.0,248809.0,248956.5,248935.0,248956.5,248809.0,245194.0,244993.5,243363.5,240640.0,240538.0
234847.0,235875.5,238040.5,239416.0,240691.5,242141.5,242692.5,242575.0,241424.0,242575.0,242692.5,242141.5,240691.5,239416.0,238040.5,235875.5
263062.0,264197.5,265750.5,268398.5,271858.5,274849.5,277311.5,278746.5,279781.0,278746.5,277311.5,274849.5,271858.5,268398.5,265750.5,264197.5
253474.0,254458.0,253664.0,253248.0,254647.0,253780.5,254387.0,254886.5,254736.0,254886.5,254387.0,253780.5,254647.0,253248.0,253664.0,254458.0
239792.0,240533.5,240390.0,241528.5,241489.0,242276.5,242220.0,242434.0,242121.0,242434.0,242220.0,242276.5,241489.0,241528.5,240390.0,240533.5
236335.0,237704.5,239393.5,238462.5,239135.0,239231.0,237768.5,238194.0,236639.0,238194.0,237768.5,239231.0,239135.0,238462.5,239393.5,237704.5
234989.0,236611.5,238271.0,236990.0,237406.5,238577.5,239890.0,240835.0,238702.0,240835.0,239890.0,238577.5,237406.5,236990.0,238271.0,236611.5
219267.0,220732.5,221393.5,221801.0,220725.5,220550.0,219432.0,220185.0,220262.0,220185.0,219432.0,220550.0,220725.5,221801.0,221393.5,220732.5
237918.0,240774.5,245195.0,246683.5,247948.0,249417.5,250029.5,249770.5,249639.0,249770.5,250029.5,249417.5,247948.0,246683.5,245195.0,240774.5
236232.0,236947.5,237464.5,238221.0,239040.5,239245.0,238978.5,239327.5,239487.0,239327.5,238978.5,239245.0,239040.5,238221.0,237464.5,236947.5
233672.0,234994.0,236305.0,236584.5,236769.5,236411.5,236830.0,237374.0,237631.0,237374.0,236830.0,236411.5,236769.5,236584.5,236305.0,234994.0
209349.0,212132.0,216510.5,220748.0,223508.5,224210.0,223266.5,221364.0,220964.0,221364.0,223266.5,224210.0,223508.5,220748.0,216510.5,212132.0
238686.0,241248.5,241561.5,242080.5,241436.5,241007.5,240539.0,240909.5,242100.0,240909.5,240539.0,241007.5,241436.5,242080.5,241561.5,241248.5
249647.0,253421.5,253098.5,251493.0,253733.0,252658.5,254498.5,254723.5,251600.0,254723.5,254498.5,252658.5,253733.0,251493.0,253098.5,253421.5
239081.0,241632.5,245367.0,243750.5,241527.5,243180.5,245894.0,243151.5,241360.0,243151.5,245894.0,243180.5,241527.5,243750.5,245367.0,241632.5
232033.0,233971.0,235905.5,237253.0,236487.0,238322.0,240098.5,239562.0,239185.0,239562.0,240098.5,238322.0,236487.0,237253.0,235905.5,233971.0
238910.0,241002.0,240818.5,241116.5,241521.0,242085.5,241069.0,240625.5,241742.0,240625.5,241069.0,242085.5,241521.0,241116.5,240818.5,241002.0
253967.0,256956.5,260917.0,264906.5,267368.0,267149.5,267260.0,268108.5,268229.0,268108.5,267260.0,267149.5,267368.0,264906.5,260917.0,256956.5
233369.0,236053.0,237689.0,240639.0,242638.0,241245.5,239146.0,237910.5,236637.0,237910.5,239146.0,241245.5,242638.0,240639.0,237689.0,236053.0
252933.0,256906.0,258963.5,261307.5,263204.5,264660.0,267222.5,268455.5,272004.0,268455.5,267222.5,264660.0,263204.5,261307.5,258963.5,256906.0
242996.0,246253.5,249873.5,251381.0,253079.5,253018.0,254713.0,257999.0,259083.0,257999.0,254713.0,253018.0,253079.5,251381.0,249873.5,246253.5
249309.0,250645.5,252235.5,253193.5,253990.5,254591.5,253665.0,253372.0,254556.0,253372.0,253665.0,254591.5,253990.5,253193.5,252235.5,250645.5
237946.0,239759.5,239784.5,241170.5,241220.0,240875.0,241714.0,241131.0,242681.0,241131.0,241714.0,240875.0,241220.0,241170.5,239784.5,239759.5
249195.0,250827.5,252263.0,252199.0,251299.0,253396.5,253452.0,252781.0,255073.0,252781.0,253452.0,253396.5,251299.0,252199.0,252263.0,250827.5
230531.0,231852.0,233758.0,234915.5,237775.5,239105.0,241127.0,241633.5,241424.0,241633.5,241127.0,239105.0,237775.5,234915.5,233758.0,231852.0
233704.0,236483.5,239153.5,241809.0,242874.5,241204.0,239979.0,237791.5,236802.0,237791.5,239979.0,241204.0,242874.5,241809.0,239153.5,236483.5
224130.0,225982.5,227681.5,228954.0,229394.5,228459.0,228241.5,227458.5,227931.0,227458.5,228241.5,228459.0,229394.5,228954.0,227681.5,225982.5
212434.0,214099.0,215500.0,216603.0,215971.0,216802.0,216480.5,217107.5,216486.0,217107.5,216480.5,216802.0,215971.0,216603.0,215500.0,214099.0
232647.0,233280.0,233867.0,234294.5,233468.5,234990.0,234651.0,234855.0,235381.0,234855.0,234651.0,234990.0,233468.5,234294.5,233867.0,233280.0
237545.0,239464.0,242997.5,245284.5,249405.5,254683.0,257312.0,259145.0,259220.0,259145.0,257312.0,254683.0,249405.5,245284.5,242997.5,239464.0
232366.0,233850.0,235506.5,234942.5,236406.5,234330.0,235186.5,235294.5,235141.0,235294.5,235186.5,234330.0,236406.5,234942.5,235506.5,233850.0
233327.0,234525.5,236237.0,236962.5,237122.5,237347.5,236888.0,237470.5,237530.0,237470.5,236888.0,237347.5,237122.5,236962.5,236237.0,234525.5
240611.0,244205.0,244686.0,247099.0,245943.0,247579.0,245531.0,244673.0,241079.0,244673.0,245531.0,247579.0,245943.0,247099.0,244686.0,244205.0
234057.0,236254.0,236343.5,237245.5,237767.0,238380.0,238474.0,239523.5,238300.0,239523.5,238474.0,238380.0,237767.0,237245.5,236343.5,236254.0
232895.0,235680.5,235898.0,236013.5,236558.0,235869.0,236557.5,235826.0,233256.0,235826.0,236557.5,235869.0,236558.0,236013.5,235898.0,235680.5
234138.0,235658.5,237271.0,237987.5,238638.0,238547.0,238487.5,239405.5,239438.0,239405.5,238487.5,238547.0,238638.0,237987.5,237271.0,235658.5
229293.0,230190.0,231285.5,232178.5,231447.5,231366.0,230880.0,231014.5,230883.0,231014.5,230880.0,231366.0,231447.5,232178.5,231285.5,230190.0
241205.0,242904.5,243609.0,245602.0,245490.5,244454.0,244440.5,244687.5,244299.0,244687.5,244440.5,244454.0,245490.5,245602.0,243609.0,242904.5
246342.0,247971.0,249285.0,249736.5,250501.0,251508.5,251754.0,251291.5,252005.0,251291.5,251754.0,251508.5,250501.0,249736.5,249285.0,247971.0
235742.0,238851.5,239805.5,239902.5,241377.0,240472.5,238323.0,237590.0,236624.0,237590.0,238323.0,240472.5,241377.0,239902.5,239805.5,238851.5
237388.0,240639.5,241642.0,243341.0,244963.5,243955.0,242428.5,242269.0,240921.0,242269.0,242428.5,243955.0,244963.5,243341.0,241642.0,240639.5
230766.0,233694.5,234063.5,235625.5,238049.5,238591.0,240595.0,242780.0,243004.0,242780.0,240595.0,238591.0,238049.5,235625.5,234063.5,233694.5
237188.0,237328.5,238527.0,239573.5,241034.5,240507.0,240790.0,240492.5,239638.0,240492.5,240790.0,240507.0,241034.5,239573.5,238527.0,237328.5
229242.0,231029.0,233320.0,235880.5,236983.0,237122.0,237639.5,237643.5,238207.0,237643.5,237639.5,237122.0,236983.0,235880.5,233320.0,231029.0
233912.0,235711.5,236645.0,237113.0,238164.5,238870.5,236982.5,236767.0,237670.0,236767.0,236982.5,238870.5,238164.5,237113.0,236645.0,235711.5
249127.0,250378.0,251224.5,252307.5,253601.0,254480.0,255704.5,256691.0,257318.0,256691.0,255704.5,254480.0,253601.0,252307.5,251224.5,250378.0
233849.0,234832.5,236385.0,236092.0,237084.0,237702.5,237112.0,238383.0,239705.0,238383.0,237112.0,237702.5,237084.0,236092.0,236385.0,234832.5
221719.0,222606.0,223054.5,224548.5,227144.5,229029.0,230606.5,231225.5,231424.0,231225.5,230606.5,229029.0,227144.5,224548.5,223054.5,222606.0
236806.0,240530.5,240638.0,243459.5,244892.0,244997.5,247220.0,244560.5,247142.0,244560.5,247220.0,244997.5,244892.0,243459.5,240638.0,240530.5
234491.0,236523.5,240986.5,243894.5,247079.5,250658.0,252099.5,254769.0,256644.0,254769.0,252099.5,250658.0,247079.5,243894.5,240986.5,236523.5
230529.0,231048.5,231478.5,231976.0,232982.0,234149.5,234557.0,234697.5,234997.0,234697.5,234557.0,234149.5,232982.0,231976.0,231478.5,231048.5
231105.0,231573.5,233089.0,234471.5,234580.5,234105.5,234290.5,233543.0,232980.0,233543.0,234290.5,234105.5,234580.5,234471.5,233089.0,231573.5
240372.0,240682.5,242847.0,243163.5,244011.0,244376.0,244314.5,245079.0,245803.0,245079.0,244314.5,244376.0,244011.0,243163.5,242847.0,240682.5
245206.0,249532.5,250654.5,253279.5,254569.0,255853.0,259918.5,259591.5,261851.0,259591.5,259918.5,255853.0,254569.0,253279.5,250654.5,249532.5
227926.0,229335.0,231278.5,231550.0,230154.0,230259.0,230763.0,230001.0,229689.0,230001.0,230763.0,230259.0,230154.0,231550.0,231278.5,229335.0
230754.0,231623.5,231285.0,230160.0,231378.0,232080.5,230995.0,231135.5,231659.0,231135.5,230995.0,232080.5,231378.0,230160.0,231285.0,231623.5
237905.0,238825.0,240060.0,241923.5,244101.5,245915.5,247620.0,248261.0,248426.0,248261.0,247620.0,245915.5,244101.5,241923.5,240060.0,238825.0
231988.0,232566.0,233244.0,234527.5,235122.5,235761.0,236408.0,236807.5,236643.0,236807.5,236408.0,235761.0,235122.5,234527.5,233244.0,232566.0
261602.0,263194.0,263731.5,264542.5,264873.5,265211.5,266551.0,264932.0,265662.0,264932.0,266551.0,265211.5,264873.5,264542.5,263731.5,263194.0
244003.0,246065.5,249064.0,249952.5,249136.5,245828.0,245872.5,247752.0,248479.0,247752.0,245872.5,245828.0,249136.5,249952.5,249064.0,246065.5
217902.0,220757.5,224407.0,228531.5,230217.5,232021.5,235740.0,240691.0,242128.0,240691.0,235740.0,232021.5,230217.5,228531.5,224407.0,220757.5
227646.0,229230.5,228778.5,228437.0,228660.0,228526.0,228088.5,228374.5,228196.0,228374.5,228088.5,228526.0,228660.0,228437.0,228778.5,229230.5
258134.0,258589.0,261128.5,262590.0,263674.5,265085.0,264376.5,264041.0,265405.0,264041.0,264376.5,265085.0,263674.5,262590.0,261128.5,258589.0
228619.0,230297.5,230657.5,230809.5,231413.5,232176.5,232189.0,233070.0,232202.0,233070.0,232189.0,232176.5,231413.5,230809.5,230657.5,230297.5
229652.0,231382.5,232390.0,232998.0,233843.5,233607.5,232809.0,231222.0,231283.0,231222.0,232809.0,233607.5,233843.5,232998.0,232390.0,231382.5
244179.0,248080.0,250610.0,249367.5,250551.5,251853.0,253506.0,252262.5,251856.0,252262.5,253506.0,251853.0,250551.5,249367.5,250610.0,248080.0
244803.0,246680.5,248491.5,249625.5,251197.0,252395.0,253420.0,254410.0,254654.0,254410.0,253420.0,252395.0,251197.0,249625.5,248491.5,246680.5
218994.0,220866.0,220650.5,222232.5,222997.0,222365.5,223331.0,222420.0,221815.0,222420.0,223331.0,222365.5,222997.0,222232.5,220650.5,220866.0
232487.0,234702.5,237171.0,240044.5,239707.0,239078.5,237465.5,237749.0,236727.0,237749.0,237465.5,239078.5,239707.0,240044.5,237171.0,234702.5
226528.0,229904.0,235118.5,239545.0,241079.5,240904.5,240511.5,240812.5,242005.0,240812.5,240511.5,240904.5,241079.5,239545.0,235118.5,229904.0
249855.0,250960.0,254355.5,253563.0,253353.5,252513.0,252735.0,253791.0,253775.0,253791.0,252735.0,252513.0,253353.5,253563.0,254355.5,250960.0
232294.0,232824.0,233800.5,234986.5,235292.5,236112.0,237897.5,238604.0,238942.0,238604.0,237897.5,236112.0,235292.5,234986.5,233800.5,232824.0
248058.0,248828.5,250809.5,249901.5,249878.5,251611.0,251450.0,251201.5,250771.0,251201.5,251450.0,251611.0,249878.5,249901.5,250809.5,248828.5
234730.0,236071.5,237540.5,236043.5,236780.0,237738.0,238559.5,239393.0,238602.0,239393.0,238559.5,237738.0,236780.0,236043.5,237540.5,236071.5
239939.0,240987.5,243197.5,242302.5,242057.5,242621.0,242335.5,242979.0,243524.0,242979.0,242335.5,242621.0,242057.5,242302.5,243197.5,240987.5
228634.0,231064.5,230345.5,230275.0,230772.5,230396.0,231210.0,230525.5,231702.0,230525.5,231210.0,230396.0,230772.5,230275.0,230345.5,231064.5
241321.0,243146.0,244238.0,244910.0,243250.0,244240.0,245443.5,245663.5,245173.0,245663.5,245443.5,244240.0,243250.0,244910.0,244238.0,243146.0
240457.0,241131.5,242674.5,244089.5,244401.5,244880.0,244637.0,245604.0,245425.0,245604.0,244637.0,244880.0,244401.5,244089.5,242674.5,241131.5
251151.0,252108.0,254570.5,257109.0,258304.0,257747.0,256653.0,255422.0,255678.0,255422.0,256653.0,257747.0,258304.0,257109.0,254570.5,252108.0
245882.0,247477.5,248480.5,250281.5,254091.5,256211.5,258091.0,259576.5,260318.0,259576.5,258091.0,256211.5,254091.5,250281.5,248480.5,247477.5
243358.0,245986.0,248891.5,251221.5,254507.0,257587.5,260752.5,261378.5,260401.0,261378.5,260752.5,257587.5,254507.0,251221.5,248891.5,245986.0
245044.0,247887.0,249135.0,250383.0,251996.5,251618.0,252281.5,252608.0,252642.0,252608.0,252281.5,251618.0,251996.5,250383.0,249135.0,247887.0
241859.0,245354.0,246533.5,245748.0,246797.5,249082.5,249841.5,249596.5,250938.0,249596.5,249841.5,249082.5,246797.5,245748.0,246533.5,245354.0
241847.0,242681.5,243065.0,242793.0,243570.5,242254.5,243643.0,243442.0,244614.0,243442.0,243643.0,242254.5,243570.5,242793.0,243065.0,242681.5
254661.0,257351.0,260849.0,263954.0,268406.5,270037.0,273003.5,276838.5,278336.0,276838.5,273003.5,270037.0,268406.5,263954.0,260849.0,257351.0
240000.0,240441.5,241297.0,241513.0,242016.0,242654.0,242881.5,242372.5,242305.0,242372.5,242881.5,242654.0,242016.0,241513.0,241297.0,240441.5
245826.0,247668.5,249945.0,251126.0,250977.5,249685.0,249884.0,249806.0,250206.0,249806.0,249884.0,249685.0,250977.5,251126.0,249945.0,247668.5
235155.0,240028.5,244746.5,248534.0,248563.5,248558.5,247762.5,249722.5,248705.0,249722.5,247762.5,248558.5,248563.5,248534.0,244746.5,240028.5
229598.0,230461.5,230269.0,230440.0,230959.5,231298.5,231119.0,231294.0,231567.0,231294.0,231119.0,231298.5,230959.5,230440.0,230269.0,230461.5
232965.0,236221.0,238928.5,241495.5,247870.5,252148.0,256404.5,259576.5,259366.0,259576.5,256404.5,252148.0,247870.5,241495.5,238928.5,236221.0
246457.0,248473.0,249343.0,250092.0,251076.0,252509.5,254722.0,254890.5,254539.0,254890.5,254722.0,252509.5,251076.0,250092.0,249343.0,248473.0
242839.0,244225.0,246244.0,247349.5,246783.0,247170.0,248878.5,249080.5,248988.0,249080.5,248878.5,247170.0,246783.0,247349.5,246244.0,244225.0
239670.0,240841.5,241649.0,241084.5,241566.0,242553.5,242518.0,243057.5,243294.0,243057.5,242518.0,242553.5,241566.0,241084.5,241649.0,240841.5
228194.0,229519.5,230345.0,232414.0,232315.5,231197.5,231892.5,233075.5,233957.0,233075.5,231892.5,231197.5,232315.5,232414.0,230345.0,229519.5
250906.0,253276.5,257732.5,262364.0,268720.5,274775.0,278854.5,282860.5,285351.0,282860.5,278854.5,274775.0,268720.5,262364.0,257732.5,253276.5
263337.0,265229.5,268595.0,271071.5,273796.5,274589.0,278506.5,280482.5,281826.0,280482.5,278506.5,274589.0,273796.5,271071.5,268595.0,265229.5
242883.0,244330.5,244591.0,243662.5,244804.0,245658.5,245050.5,245866.0,246495.0,245866.0,245050.5,245658.5,244804.0,243662.5,244591.0,244330.5
223181.0,224600.5,226386.0,230074.5,232058.5,232299.0,233618.0,232604.0,234360.0,232604.0,233618.0,232299.0,232058.5,230074.5,226386.0,224600.5
224056.0,228231.5,230095.5,234417.5,238826.5,245818.5,251337.5,252842.5,254743.0,252842.5,251337.5,245818.5,238826.5,234417.5,230095.5,228231.5
244047.0,247176.5,248435.5,249040.5,252186.0,249956.5,249970.5,249924.5,248405.0,249924.5,249970.5,249956.5,252186.0,249040.5,248435.5,247176.5
253719.0,254777.0,255677.0,257983.0,261531.5,263331.0,265371.5,267346.0,266903.0,267346.0,265371.5,263331.0,261531.5,257983.0,255677.0,254777.0
240942.0,240487.0,241529.0,243011.5,243949.5,243852.0,243877.0,243775.5,243899.0,243775.5,243877.0,243852.0,243949.5,243011.5,241529.0,240487.0
229609.0,230728.0,232786.0,232360.5,232203.0,232920.5,234360.0,234914.5,233954.0,234914.5,234360.0,232920.5,232203.0,232360.5,232786.0,230728.0
248469.0,250793.0,251372.0,254776.0,254224.0,255280.5,254136.5,255599.5,256592.0,255599.5,254136.5,255280.5,254224.0,254776.0,251372.0,250793.0
255542.0,259190.0,260035.5,261103.0,263556.0,264736.0,267513.5,268751.0,268518.0,268751.0,267513.5,264736.0,263556.0,261103.0,260035.5,259190.0
241314.0,243233.0,244100.0,242985.0,242522.5,243381.5,245531.5,244494.5,242554.0,244494.5,245531.5,243381.5,242522.5,242985.0,244100.0,243233.0
252300.0,253012.0,255604.0,258792.0,261764.0,265331.5,269578.0,272424.5,272400.0,272424.5,269578.0,265331.5,261764.0,258792.0,255604.0,253012.0
251613.0,252613.0,254468.5,255784.5,256187.0,257351.0,258657.0,260323.5,260594.0,260323.5,258657.0,257351.0,256187.0,255784.5,254468.5,252613.0
250605.0,253135.0,254600.5,256366.0,256451.0,257453.0,259029.0,261686.5,260841.0,261686.5,259029.0,257453.0,256451.0,256366.0,254600.5,253135.0
242746.0,242637.5,243416.5,243422.0,243387.5,242303.0,242896.0,243296.0,243235.0,243296.0,242896.0,242303.0,243387.5,243422.0,243416.5,242637.5
244796.0,246037.5,247684.5,249820.0,250749.5,252397.5,253626.5,252194.5,252462.0,252194.5,253626.5,252397.5,250749.5,249820.0,247684.5,246037.5
214028.0,217561.0,216900.5,216584.0,217194.5,215579.0,216539.5,217065.0,217461.0,217065.0,216539.5,215579.0,217194.5,216584.0,216900.5,217561.0
232244.0,234205.5,236304.0,238172.0,240353.0,240832.5,240262.0,239267.5,239725.0,239267.5,240262.0,240832.5,240353.0,238172.0,236304.0,234205.5
223095.0,226185.0,227120.0,225288.5,226713.5,228921.0,227778.5,227656.0,227392.0,227656.0,227778.5,228921.0,226713.5,225288.5,227120.0,226185.0
238069.0,238246.0,240548.5,240687.0,239831.5,242190.5,243660.5,242400.5,239822.0,242400.5,243660.5,242190.5,239831.5,240687.0,240548.5,238246.0
224585.0,225429.0,226389.0,227556.5,228828.0,229310.5,228964.5,229049.0,228696.0,229049.0,228964.5,229310.5,228828.0,227556.5,226389.0,225429.0
228537.0,232259.5,238368.5,242706.0,243060.0,243272.0,243956.5,246456.0,247470.0,246456.0,243956.5,243272.0,243060.0,242706.0,238368.5,232259.5
238107.0,240314.0,242761.5,246041.5,250708.0,253896.5,257686.0,259886.5,259633.0,259886.5,257686.0,253896.5,250708.0,246041.5,242761.5,240314.0
257476.0,260363.0,261658.5,261736.5,262154.5,260286.5,261466.0,261620.0,262540.0,261620.0,261466.0,260286.5,262154.5,261736.5,261658.5,260363.0
253223.0,256549.5,255929.0,256725.5,258534.5,255548.5,257220.5,258220.5,256265.0,258220.5,257220.5,255548.5,258534.5,256725.5,255929.0,256549.5
248171.0,250542.0,251788.5,253153.0,254923.0,255730.5,257373.0,258180.0,258353.0,258180.0,257373.0,255730.5,254923.0,253153.0,251788.5,250542.0
245156.0,246123.5,246214.5,246822.5,246475.5,245579.5,246694.0,246768.5,247786.0,246768.5,246694.0,245579.5,246475.5,246822.5,246214.5,246123.5
246575.0,248398.5,250161.5,253932.0,255861.0,259835.0,261286.0,264131.0,263001.0,264131.0,261286.0,259835.0,255861.0,253932.0,250161.5,248398.5
230007.0,231736.0,231925.0,231577.0,233275.0,234742.5,234448.5,234610.5,236094.0,234610.5,234448.5,234742.5,233275.0,231577.0,231925.0,231736.0
235978.0,239164.5,241582.5,245216.0,245861.0,246943.0,246045.5,247960.5,246916.0,247960.5,246045.5,246943.0,245861.0,245216.0,241582.5,239164.5
254698.0,259138.5,262948.5,265909.5,269690.0,272858.5,273001.0,274405.5,277471.0,274405.5,273001.0,272858.5,269690.0,265909.5,262948.5,259138.5
235138.0,238294.0,238226.0,238734.5,238841.0,240259.0,240683.5,240768.5,238857.0,240768.5,240683.5,240259.0,238841.0,238734.5,238226.0,238294.0
239849.0,241335.0,243327.0,246256.5,247761.5,248825.0,251274.0,250744.0,250719.0,250744.0,251274.0,248825.0,247761.5,246256.5,243327.0,241335.0
229841.0,232030.0,233039.0,232152.0,233579.5,235036.0,232918.5,233792.5,232760.0,233792.5,232918.5,235036.0,233579.5,232152.0,233039.0,232030.0
227652.0,229810.0,230713.0,230358.0,231291.5,231192.0,230425.0,229206.0,229527.0,229206.0,230425.0,231192.0,231291.5,230358.0,230713.0,229810.0
220083.0,220925.5,222425.0,221940.0,222452.0,222040.5,221008.5,221666.0,221962.0,221666.0,221008.5,222040.5,222452.0,221940.0,222425.0,220925.5
249903.0,251363.0,252220.5,255252.5,257945.0,257828.5,257300.5,255934.0,256641.0,255934.0,257300.5,257828.5,257945.0,255252.5,252220.5,251363.0
248239.0,252236.5,252892.5,252532.5,254214.0,253531.5,254577.5,252847.0,251868.0,252847.0,254577.5,253531.5,254214.0,252532.5,252892.5,252236.5
246798.0,248848.0,249643.0,249498.0,250235.0,248538.0,248319.0,248728.0,248736.0,248728.0,248319.0,248538.0,250235.0,249498.0,249643.0,248848.0
250004.0,252777.5,255383.5,256876.0,256711.0,256384.5,256571.0,254070.0,254097.0,254070.0,256571.0,256384.5,256711.0,256876.0,255383.5,252777.5
234367.0,235456.5,236141.5,235630.5,236990.0,236457.0,236831.0,236970.0,236312.0,236970.0,236831.0,236457.0,236990.0,235630.5,236141.5,235456.5
230874.0,232118.0,232941.0,233390.5,233411.5,233287.0,233497.5,234114.5,234498.0,234114.5,233497.5,233287.0,233411.5,233390.5,232941.0,232118.0
245684.0,247541.0,250535.5,253744.5,257125.5,258170.5,258779.5,258044.0,256919.0,258044.0,258779.5,258170.5,257125.5,253744.5,250535.5,247541.0
245157.0,246639.5,248538.5,250601.5,252948.0,253365.0,254051.0,253329.0,252560.0,253329.0,254051.0,253365.0,252948.0,250601.5,248538.5,246639.5
231667.0,232446.0,235435.5,238899.5,242598.5,244156.0,246692.5,248702.5,248440.0,248702.5,246692.5,244156.0,242598.5,238899.5,235435.5,232446.0
242887.0,243792.5,246893.0,249091.5,252938.0,255302.5,257844.0,259405.5,259491.0,259405.5,257844.0,255302.5,252938.0,249091.5,246893.0,243792.5
213122.0,214250.5,215294.0,215446.5,214977.0,214443.0,214378.5,214575.0,214901.0,214575.0,214378.5,214443.0,214977.0,215446.5,215294.0,214250.5
246680.0,248935.5,250030.5,250820.5,251000.0,251704.5,252154.5,251551.5,250686.0,251551.5,252154.5,251704.5,251000.0,250820.5,250030.5,248935.5
256992.0,259263.5,262241.0,264283.0,265019.0,265152.0,266839.0,269025.5,270770.0,269025.5,266839.0,265152.0,265019.0,264283.0,262241.0,259263.5
240110.0,241842.0,242208.5,242241.5,242451.5,242178.5,242675.0,243246.5,242769.0,243246.5,242675.0,242178.5,242451.5,242241.5,242208.5,241842.0
228326.0,230014.5,234570.5,238802.5,239732.5,242931.5,244707.0,243755.0,244931.0,243755.0,244707.0,242931.5,239732.5,238802.5,234570.5,230014.5
216074.0,220375.0,226873.0,235072.5,244752.5,252243.5,259188.0,263412.0,264397.0,263412.0,259188.0,252243.5,244752.5,235072.5,226873.0,220375.0
263791.0,267306.0,268059.5,269111.5,271966.0,271002.5,273457.0,275131.0,274254.0,275131.0,273457.0,271002.5,271966.0,269111.5,268059.5,267306.0
225315.0,228490.5,227724.5,227258.5,227233.0,227683.5,228902.0,228175.5,226102.0,228175.5,228902.0,227683.5,227233.0,227258.5,227724.5,228490.5
239276.0,240609.5,240892.0,241436.5,240062.5,241486.5,240784.5,241799.5,241318.0,241799.5,240784.5,241486.5,240062.5,241436.5,240892.0,240609.5
252566.0,254208.5,257609.0,260627.5,260443.0,259614.0,260086.5,260194.0,261659.0,260194.0,260086.5,259614.0,260443.0,260627.5,257609.0,254208.5
228816.0,229396.0,230356.5,229779.5,230789.0,230068.5,230179.0,231019.5,232472.0,231019.5,230179.0,230068.5,230789.0,229779.5,230356.5,229396.0
253945.0,255859.5,260184.5,264182.0,266639.5,266624.5,266213.5,266158.0,266580.0,266158.0,266213.5,266624.5,266639.5,264182.0,260184.5,255859.5
228555.0,232260.0,238442.0,241683.0,245383.5,250685.5,254277.5,254568.5,253565.0,254568.5,254277.5,250685.5,245383.5,241683.0,238442.0,232260.0
226408.0,228653.0,226582.5,228977.0,228185.5,230684.5,230384.0,231914.0,228961.0,231914.0,230384.0,230684.5,228185.5,228977.0,226582.5,228653.0
248581.0,249599.0,251355.5,252538.5,253877.0,254963.5,254555.5,253675.0,252579.0,253675.0,254555.5,254963.5,253877.0,252538.5,251355.5,249599.0
228685.0,231871.0,232983.5,231333.0,232387.5,236051.0,236761.5,235265.0,236202.0,235265.0,236761.5,236051.0,232387.5,231333.0,232983.5,231871.0
243470.0,246513.5,248866.5,249189.5,249984.5,249462.0,247399.5,247420.0,248131.0,247420.0,247399.5,249462.0,249984.5,249189.5,248866.5,246513.5
239481.0,240393.0,242940.5,243781.5,242887.5,242836.5,243975.5,246066.0,247354.0,246066.0,243975.5,242836.5,242887.5,243781.5,242940.5,240393.0
241250.0,242042.0,243278.5,244933.0,246230.5,248461.5,248716.0,249007.5,250148.0,249007.5,248716.0,248461.5,246230.5,244933.0,243278.5,242042.0
234849.0,237816.5,235937.0,236346.5,238386.0,236348.5,236971.5,237936.5,236890.0,237936.5,236971.5,236348.5,238386.0,236346.5,235937.0,237816.5
255244.0,257767.5,261921.5,265985.0,267233.0,269126.5,270767.5,275938.0,276110.0,275938.0,270767.5,269126.5,267233.0,265985.0,261921.5,257767.5
225985.0,228114.0,231518.5,233144.0,233674.5,233353.5,231885.0,232651.5,233761.0,232651.5,231885.0,233353.5,233674.5,233144.0,231518.5,228114.0
234330.0,236581.5,238150.5,240291.0,243310.5,244492.5,245274.5,245627.0,245335.0,245627.0,245274.5,244492.5,243310.5,240291.0,238150.5,236581.5
247454.0,248353.5,250224.5,252937.5,255542.5,256704.0,257643.5,257022.0,257267.0,257022.0,257643.5,256704.0,255542.5,252937.5,250224.5,248353.5
236920.0,239777.0,241728.0,244242.5,244712.0,247879.5,247868.0,248777.0,246976.0,248777.0,247868.0,247879.5,244712.0,244242.5,241728.0,239777.0
245712.0,248119.5,249353.0,252161.0,251632.5,252736.0,249313.5,249259.5,247906.0,249259.5,249313.5,252736.0,251632.5,252161.0,249353.0,248119.5
230340.0,230018.5,231694.0,232848.0,234582.0,236039.0,235761.0,236924.5,237398.0,236924.5,235761.0,236039.0,234582.0,232848.0,231694.0,230018.5
230582.0,231716.0,234043.5,236043.5,236813.5,238124.0,239909.5,241576.5,241925.0,241576.5,239909.5,238124.0,236813.5,236043.5,234043.5,231716.0
237838.0,239230.0,239943.0,239910.0,240566.5,240727.5,241571.0,241354.5,241967.0,241354.5,241571.0,240727.5,240566.5,239910.0,239943.0,239230.0
239268.0,243930.0,245755.5,245187.5,245460.5,246204.0,246176.5,245876.5,244187.0,245876.5,246176.5,246204.0,245460.5,245187.5,245755.5,243930.0
220321.0,222337.0,223152.0,225422.5,226465.0,228210.5,227632.5,228529.0,228854.0,228529.0,227632.5,228210.5,226465.0,225422.5,223152.0,222337.0
228145.0,230901.0,233118.5,231498.5,231424.0,231440.0,229608.0,230450.5,232878.0,230450.5,229608.0,231440.0,231424.0,231498.5,233118.5,230901.0
235926.0,237633.0,239332.5,240792.5,240604.0,241261.5,242989.0,243975.5,246132.0,243975.5,242989.0,241261.5,240604.0,240792.5,239332.5,237633.0
233938.0,236142.0,235465.0,235360.5,235976.0,236468.5,237667.5,237027.0,236425.0,237027.0,237667.5,236468.5,235976.0,235360.5,235465.0,236142.0
254668.0,254937.5,255344.0,256166.5,258000.5,259476.5,259555.0,260697.0,260692.0,260697.0,259555.0,259476.5,258000.5,256166.5,255344.0,254937.5
244062.0,244956.0,246730.5,247859.5,249285.5,250877.5,252001.0,253011.0,254240.0,253011.0,252001.0,250877.5,249285.5,247859.5,246730.5,244956.0
249836.0,252253.5,254880.5,257574.5,259328.0,263713.0,264910.0,265248.0,265045.0,265248.0,264910.0,263713.0,259328.0,257574.5,254880.5,252253.5
259481.0,262106.5,265542.5,267684.5,269376.5,273072.0,276366.5,276941.0,276742.0,276941.0,276366.5,273072.0,269376.5,267684.5,265542.5,262106.5
235504.0,237859.5,237316.5,239186.0,239946.5,239996.0,242037.0,241478.5,243176.0,241478.5,242037.0,239996.0,239946.5,239186.0,237316.5,237859.5
226259.0,227793.5,228127.5,227550.0,227487.5,228884.5,228198.5,229083.5,228389.0,229083.5,228198.5,228884.5,227487.5,227550.0,228127.5,227793.5
228624.0,229042.5,230882.5,232952.0,234235.5,233069.0,231623.5,230483.0,230492.0,230483.0,231623.5,233069.0,234235.5,232952.0,230882.5,229042.5
229315.0,232011.0,233557.5,235538.0,234442.5,235887.0,234565.0,235529.0,235209.0,235529.0,234565.0,235887.0,234442.5,235538.0,233557.5,232011.0
238180.0,239209.0,239720.5,240183.5,241256.5,240183.0,238990.0,239363.5,239512.0,239363.5,238990.0,240183.0,241256.5,240183.5,239720.5,239209.0
256377.0,257420.5,260553.0,263266.0,265851.0,267178.0,266655.5,267327.5,268458.0,267327.5,266655.5,267178.0,265851.0,263266.0,260553.0,257420.5
232958.0,234279.5,234511.5,234071.0,234409.5,233737.5,234309.5,235264.5,234568.0,235264.5,234309.5,233737.5,234409.5,234071.0,234511.5,234279.5
238825.0,240912.5,240893.5,240917.5,240619.0,242643.5,242910.0,244362.5,243222.0,244362.5,242910.0,242643.5,240619.0,240917.5,240893.5,240912.5
240827.0,243388.5,245961.0,243713.5,242797.5,243910.5,243624.0,243697.5,243910.0,243697.5,243624.0,243910.5,242797.5,243713.5,245961.0,243388.5
230567.0,233004.0,235513.5,237644.0,240459.0,242156.0,242929.5,243926.0,243765.0,243926.0,242929.5,242156.0,240459.0,237644.0,235513.5,233004.0
241368.0,245210.0,249331.0,253971.5,259734.0,265699.0,269334.0,271137.0,275393.0,271137.0,269334.0,265699.0,259734.0,253971.5,249331.0,245210.0
235601.0,237513.0,238044.5,237803.0,237701.0,237659.5,238855.0,237548.5,237110.0,237548.5,238855.0,237659.5,237701.0,237803.0,238044.5,237513.0
234273.0,235985.5,238870.5,239709.5,240550.0,240270.5,241897.5,241022.0,240346.0,241022.0,241897.5,240270.5,240550.0,239709.5,238870.5,235985.5
235825.0,238862.0,240719.0,243225.0,244323.5,244208.5,242777.0,242279.5,241506.0,242279.5,242777.0,244208.5,244323.5,243225.0,240719.0,238862.0
233168.0,235780.5,238211.0,240770.5,243538.0,246723.0,246833.0,247401.5,247329.0,247401.5,246833.0,246723.0,243538.0,240770.5,238211.0,235780.5
256060.0,257926.5,259327.5,261693.5,263454.0,265341.5,266289.0,266106.0,268700.0,266106.0,266289.0,265341.5,263454.0,261693.5,259327.5,257926.5
233200.0,233903.0,234930.5,236157.5,235558.0,235850.5,236296.0,236981.5,238114.0,236981.5,236296.0,235850.5,235558.0,236157.5,234930.5,233903.0
242012.0,244611.0,245563.0,245035.5,247845.5,247922.0,248382.0,250655.5,250567.0,250655.5,248382.0,247922.0,247845.5,245035.5,245563.0,244611.0
229395.0,230129.5,229588.0,230862.0,232036.0,231457.0,232805.5,233894.5,232400.0,233894.5,232805.5,231457.0,232036.0,230862.0,229588.0,230129.5
241119.0,241807.0,244086.5,246364.5,246936.0,247413.0,249395.5,250459.5,252775.0,250459.5,249395.5,247413.0,246936.0,246364.5,244086.5,241807.0
251954.0,254285.5,255635.0,257459.5,257505.5,256297.5,257668.5,258537.5,259030.0,258537.5,257668.5,256297.5,257505.5,257459.5,255635.0,254285.5
242401.0,244516.5,244820.0,246606.0,245149.0,245677.0,245181.5,247669.5,247476.0,247669.5,245181.5,245677.0,245149.0,246606.0,244820.0,244516.5
224372.0,225174.5,226422.0,226959.0,225726.5,225505.5,225630.0,225786.5,226552.0,225786.5,225630.0,225505.5,225726.5,226959.0,226422.0,225174.5
233052.0,235097.0,236004.0,237481.0,236947.5,236876.5,238131.0,239517.0,240386.0,239517.0,238131.0,236876.5,236947.5,237481.0,236004.0,235097.0
213196.0,213951.5,215337.5,214595.0,215140.0,215330.5,214603.5,213609.5,213445.0,213609.5,214603.5,215330.5,215140.0,214595.0,215337.5,213951.5
231221.0,232574.0,233898.5,234056.5,234595.0,233947.5,232149.5,232878.0,233929.0,232878.0,232149.5,233947.5,234595.0,234056.5,233898.5,232574.0
252354.0,255330.0,259225.5,263954.0,265477.0,264615.0,261545.5,257845.0,255974.0,257845.0,261545.5,264615.0,265477.0,263954.0,259225.5,255330.0
239208.0,243529.5,248817.5,253737.0,256702.0,255363.0,252313.5,247914.0,246837.0,247914.0,252313.5,255363.0,256702.0,253737.0,248817.5,243529.5
231131.0,234429.5,236405.5,238726.5,241088.5,242770.5,242440.5,242362.5,244058.0,242362.5,242440.5,242770.5,241088.5,238726.5,236405.5,234429.5
236119.0,237357.0,239584.0,241552.5,241567.0,240156.0,239434.5,239676.0,240511.0,239676.0,239434.5,240156.0,241567.0,241552.5,239584.0,237357.0
247050.0,249016.5,253030.0,259584.5,265907.5,272301.0,277102.0,281141.0,282057.0,281141.0,277102.0,272301.0,265907.5,259584.5,253030.0,249016.5
234932.0,236729.0,237060.5,237858.5,236711.0,236308.0,236497.0,236349.0,237062.0,236349.0,236497.0,236308.0,236711.0,237858.5,237060.5,236729.0
248899.0,250007.5,252308.0,253803.0,253790.5,253201.5,253254.0,256309.0,256746.0,256309.0,253254.0,253201.5,253790.5,253803.0,252308.0,250007.5
231533.0,234031.5,236436.0,237706.5,236894.0,234679.0,235426.0,235495.0,236235.0,235495.0,235426.0,234679.0,236894.0,237706.5,236436.0,234031.5
253553.0,255554.5,256262.0,256590.0,257299.0,256349.0,258033.5,258148.5,257702.0,258148.5,258033.5,256349.0,257299.0,256590.0,256262.0,255554.5
241248.0,243241.5,244932.5,246162.0,246219.5,244871.0,243515.0,243777.5,242610.0,243777.5,243515.0,244871.0,246219.5,246162.0,244932.5,243241.5
249903.0,250494.0,251058.5,251348.0,252300.5,253634.0,253514.0,253853.0,253445.0,253853.0,253514.0,253634.0,252300.5,251348.0,251058.5,250494.0
244413.0,246303.5,247007.5,247654.5,246501.5,248434.0,248040.0,248937.0,248101.0,248937.0,248040.0,248434.0,246501.5,247654.5,247007.5,246303.5
234241.0,235089.0,236565.0,235417.5,236138.5,235597.5,235402.5,236687.0,236185.0,236687.0,235402.5,235597.5,236138.5,235417.5,236565.0,235089.0
236064.0,237292.5,238440.0,237688.0,238326.5,238595.0,238854.5,239072.0,238035.0,239072.0,238854.5,238595.0,238326.5,237688.0,238440.0,237292.5
223281.0,225815.0,225115.0,225903.0,225035.0,226170.0,224559.0,226109.0,225809.0,226109.0,224559.0,226170.0,225035.0,225903.0,225115.0,225815.0
226424.0,227689.5,228029.0,228005.0,228383.0,228928.0,228417.5,227898.5,228763.0,227898.5,228417.5,228928.0,228383.0,228005.0,228029.0,227689.5
266985.0,267694.0,268698.0,270577.5,271418.0,271915.5,273608.5,274134.0,274592.0,274134.0,273608.5,271915.5,271418.0,270577.5,268698.0,267694.0
234069.0,238765.0,238279.0,241456.5,242919.0,247186.5,247548.0,249382.5,248408.0,249382.5,247548.0,247186.5,242919.0,241456.5,238279.0,238765.0
244191.0,245767.5,246227.5,246338.0,247043.0,248356.0,248410.5,248914.5,250335.0,248914.5,248410.5,248356.0,247043.0,246338.0,246227.5,245767.5
223738.0,224552.0,225839.0,227992.0,230114.5,231220.0,231935.0,233074.0,233809.0,233074.0,231935.0,231220.0,230114.5,227992.0,225839.0,224552.0
223697.0,224598.0,225270.5,227247.5,228489.5,228830.0,230879.0,230667.5,231919.0,230667.5,230879.0,228830.0,228489.5,227247.5,225270.5,224598.0
238480.0,240085.0,242412.0,243349.5,245121.0,246736.0,247346.5,249137.5,249787.0,249137.5,247346.5,246736.0,245121.0,243349.5,242412.0,240085.0
227905.0,228708.5,230427.5,231151.5,232362.5,232920.5,232096.0,231907.5,231895.0,231907.5,232096.0,232920.5,232362.5,231151.5,230427.5,228708.5
242963.0,244937.0,246831.0,247817.0,247291.0,247471.5,247756.0,248456.5,249083.0,248456.5,247756.0,247471.5,247291.0,247817.0,246831.0,244937.0
229659.0,231968.0,233903.5,234021.5,235541.5,234844.0,234468.5,234702.5,235938.0,234702.5,234468.5,234844.0,235541.5,234021.5,233903.5,231968.0
241135.0,242257.5,243262.0,243624.0,244259.5,242441.0,242866.5,243644.5,242313.0,243644.5,242866.5,242441.0,244259.5,243624.0,243262.0,242257.5
244091.0,245144.5,246017.0,245843.0,247052.5,248329.0,248589.5,249305.5,248263.0,249305.5,248589.5,248329.0,247052.5,245843.0,246017.0,245144.5
249272.0,251914.0,254927.0,257586.5,260176.5,262923.5,264972.0,265887.0,268979.0,265887.0,264972.0,262923.5,260176.5,257586.5,254927.0,251914.0
227520.0,228449.5,229673.5,230392.0,230451.5,230390.0,230079.0,229338.5,229416.0,229338.5,230079.0,230390.0,230451.5,230392.0,229673.5,228449.5
229538.0,231800.5,230671.5,231711.5,231941.0,230762.0,231830.5,231397.5,233219.0,231397.5,231830.5,230762.0,231941.0,231711.5,230671.5,231800.5
220104.0,223425.5,228545.5,232570.0,237415.5,243215.0,247777.5,250111.0,251132.0,250111.0,247777.5,243215.0,237415.5,232570.0,228545.5,223425.5
256010.0,257216.0,259989.5,261780.0,262945.5,265526.5,267874.5,270040.0,270478.0,270040.0,267874.5,265526.5,262945.5,261780.0,259989.5,257216.0
252026.0,254547.0,255696.0,255824.0,255613.5,256030.5,254387.5,255723.0,255625.0,255723.0,254387.5,256030.5,255613.5,255824.0,255696.0,254547.0
248520.0,251172.5,254618.0,256327.0,256936.0,261010.0,263234.5,263563.5,264925.0,263563.5,263234.5,261010.0,256936.0,256327.0,254618.0,251172.5
241019.0,243845.5,245859.5,247671.0,249059.5,250294.0,252666.5,253123.5,253678.0,253123.5,252666.5,250294.0,249059.5,247671.0,245859.5,243845.5
237660.0,240190.0,242295.0,242592.5,245782.0,247955.5,248922.0,249357.0,248984.0,249357.0,248922.0,247955.5,245782.0,242592.5,242295.0,240190.0
247892.0,247795.5,248988.0,250025.0,250464.5,251828.5,253072.5,253794.0,253152.0,253794.0,253072.5,251828.5,250464.5,250025.0,248988.0,247795.5
229207.0,231343.5,232180.0,231430.0,232700.0,232973.0,231060.0,230925.5,233085.0,230925.5,231060.0,232973.0,232700.0,231430.0,232180.0,231343.5
232708.0,234488.5,235880.5,238861.5,239764.5,240594.5,239425.0,239082.0,238051.0,239082.0,239425.0,240594.5,239764.5,238861.5,235880.5,234488.5
256736.0,256778.5,257750.0,259126.5,262269.5,264026.5,266243.5,267153.5,266472.0,267153.5,266243.5,264026.5,262269.5,259126.5,257750.0,256778.5
255241.0,258431.5,258490.0,259537.0,261926.5,261647.5,262592.0,262452.0,261758.0,262452.0,262592.0,261647.5,261926.5,259537.0,258490.0,258431.5
223481.0,224580.5,224440.5,224503.5,224161.5,225628.5,225680.0,225260.5,226437.0,225260.5,225680.0,225628.5,224161.5,224503.5,224440.5,224580.5
233837.0,236012.5,238317.0,240228.0,242442.0,244765.0,245153.0,246626.5,247917.0,246626.5,245153.0,244765.0,242442.0,240228.0,238317.0,236012.5
225599.0,227798.5,230622.0,234293.0,238043.0,241708.0,245151.0,248664.5,249617.0,248664.5,245151.0,241708.0,238043.0,234293.0,230622.0,227798.5
220856.0,221231.5,221664.0,222044.0,221907.5,222646.5,223086.5,223263.0,224610.0,223263.0,223086.5,222646.5,221907.5,222044.0,221664.0,221231.5
251486.0,253116.5,254996.5,257848.0,260000.0,258704.5,257457.0,255640.5,255110.0,255640.5,257457.0,258704.5,260000.0,257848.0,254996.5,253116.5
241955.0,244473.0,245112.5,244703.5,244115.0,245319.0,245701.0,245389.5,244814.0,245389.5,245701.0,245319.0,244115.0,244703.5,245112.5,244473.0
232191.0,233991.5,235044.0,234625.0,235251.0,237051.5,235218.0,236236.0,236703.0,236236.0,235218.0,237051.5,235251.0,234625.0,235044.0,233991.5
235627.0,235647.0,238440.0,239849.5,242592.5,243188.0,242045.0,243376.0,241893.0,243376.0,242045.0,243188.0,242592.5,239849.5,238440.0,235647.0
260344.0,260731.0,261983.0,265208.0,266514.5,265112.0,263379.0,262018.0,262337.0,262018.0,263379.0,265112.0,266514.5,265208.0,261983.0,260731.0
249818.0,251227.5,253225.5,255082.0,255990.0,257487.0,258045.5,258518.5,258700.0,258518.5,258045.5,257487.0,255990.0,255082.0,253225.5,251227.5
258005.0,260128.0,259931.5,259385.5,259355.5,259843.5,259248.0,259645.0,259683.0,259645.0,259248.0,259843.5,259355.5,259385.5,259931.5,260128.0
233676.0,235998.0,237106.5,238162.0,239043.0,237467.5,237521.5,237753.5,238200.0,237753.5,237521.5,237467.5,239043.0,238162.0,237106.5,235998.0
240894.0,240652.0,240734.5,240918.0,241250.0,240608.0,240825.5,241478.0,242846.0,241478.0,240825.5,240608.0,241250.0,240918.0,240734.5,240652.0
230813.0,232829.5,235436.5,234579.0,235475.5,235327.0,233242.5,233126.5,232962.0,233126.5,233242.5,235327.0,235475.5,234579.0,235436.5,232829.5
251729.0,253852.5,254080.0,253767.0,254801.5,255441.5,255792.5,256259.0,256763.0,256259.0,255792.5,255441.5,254801.5,253767.0,254080.0,253852.5
233221.0,236736.0,237047.0,239154.5,238995.5,241225.5,241922.5,240775.0,240987.0,240775.0,241922.5,241225.5,238995.5,239154.5,237047.0,236736.0
249008.0,251997.0,252765.0,254360.5,257139.0,258884.5,261496.0,261468.5,261993.0,261468.5,261496.0,258884.5,257139.0,254360.5,252765.0,251997.0
239094.0,240679.0,241885.5,243767.5,246031.5,247798.5,249709.0,250330.0,249492.0,250330.0,249709.0,247798.5,246031.5,243767.5,241885.5,240679.0
253052.0,254052.5,256336.5,257796.0,257981.5,257955.5,257058.5,256173.0,256609.0,256173.0,257058.5,257955.5,257981.5,257796.0,256336.5,254052.5
249040.0,248676.0,249708.5,249519.5,249606.5,250000.5,250706.0,249510.0,250092.0,249510.0,250706.0,250000.5,249606.5,249519.5,249708.5,248676.0
223516.0,226501.0,224504.5,227207.5,225555.5,228018.5,226405.0,228135.5,225639.0,228135.5,226405.0,228018.5,225555.5,227207.5,224504.5,226501.0
242452.0,244558.0,247502.0,250424.0,253378.0,255365.0,258590.5,257129.5,257270.0,257129.5,258590.5,255365.0,253378.0,250424.0,247502.0,244558.0
242159.0,243196.0,244459.5,244303.0,244007.5,244613.5,246655.5,245558.5,244828.0,245558.5,246655.5,244613.5,244007.5,244303.0,244459.5,243196.0
232531.0,232310.0,232835.5,233721.0,233665.0,233857.5,234187.5,233753.0,233886.0,233753.0,234187.5,233857.5,233665.0,233721.0,232835.5,232310.0
232695.0,236071.5,239126.0,240075.0,240937.0,241254.5,240687.0,238204.5,236554.0,238204.5,240687.0,241254.5,240937.0,240075.0,239126.0,236071.5
248964.0,250561.0,250923.5,250106.0,250745.0,251359.0,251716.5,251854.0,252910.0,251854.0,251716.5,251359.0,250745.0,250106.0,250923.5,250561.0
251146.0,252084.5,253538.5,254421.0,253734.0,253052.5,253874.0,253743.5,251946.0,253743.5,253874.0,253052.5,253734.0,254421.0,253538.5,252084.5
228853.0,230152.5,230917.0,231278.5,231997.5,232726.5,232715.5,232643.5,232635.0,232643.5,232715.5,232726.5,231997.5,231278.5,230917.0,230152.5
249679.0,253293.0,253965.0,253238.0,257002.0,258363.5,259116.0,260042.5,260565.0,260042.5,259116.0,258363.5,257002.0,253238.0,253965.0,253293.0
242798.0,244984.5,246828.0,247902.0,249137.0,250126.0,251902.0,252194.5,252526.0,252194.5,251902.0,250126.0,249137.0,247902.0,246828.0,244984.5
227040.0,229358.5,228879.0,229668.0,228548.5,230237.5,232278.5,229842.0,232024.0,229842.0,232278.5,230237.5,228548.5,229668.0,228879.0,229358.5
248160.0,251401.5,251534.5,253080.5,253295.5,252054.5,253399.5,252249.5,251865.0,252249.5,253399.5,252054.5,253295.5,253080.5,251534.5,251401.5
249655.0,253202.5,252716.5,252208.0,253674.5,251917.0,253880.5,254776.5,253306.0,254776.5,253880.5,251917.0,253674.5,252208.0,252716.5,253202.5
232241.0,234236.5,235642.5,238526.0,240222.0,242198.0,244251.5,246083.5,246887.0,246083.5,244251.5,242198.0,240222.0,238526.0,235642.5,234236.5
243865.0,244412.0,246633.5,248503.0,250070.0,253560.5,256199.0,256255.5,256262.0,256255.5,256199.0,253560.5,250070.0,248503.0,246633.5,244412.0
251538.0,252920.0,254094.5,254873.0,256417.5,257478.0,258810.5,257618.0,258375.0,257618.0,258810.5,257478.0,256417.5,254873.0,254094.5,252920.0
253881.0,256402.5,259021.5,260918.5,260047.0,258033.0,258810.5,259312.0,261305.0,259312.0,258810.5,258033.0,260047.0,260918.5,259021.5,256402.5
229839.0,231556.0,231532.0,233440.5,234301.5,235803.0,235096.0,237014.0,236129.0,237014.0,235096.0,235803.0,234301.5,233440.5,231532.0,231556.0
228071.0,229074.5,230533.5,231949.5,232050.5,230636.5,230026.0,230150.0,231560.0,230150.0,230026.0,230636.5,232050.5,231949.5,230533.5,229074.5
238268.0,240798.5,244376.0,248374.0,245489.5,244356.0,245154.0,249448.5,250483.0,249448.5,245154.0,244356.0,245489.5,248374.0,244376.0,240798.5
243396.0,244052.0,244424.5,243861.0,244872.0,244909.5,245083.0,245301.5,245787.0,245301.5,245083.0,244909.5,244872.0,243861.0,244424.5,244052.0
255683.0,258492.0,258116.5,258811.0,260235.5,262087.5,263680.5,264473.5,264844.0,264473.5,263680.5,262087.5,260235.5,258811.0,258116.5,258492.0
237649.0,239666.5,240890.5,240104.5,238854.0,239880.5,241251.5,240144.5,240195.0,240144.5,241251.5,239880.5,238854.0,240104.5,240890.5,239666.5
255209.0,257234.0,259425.5,261000.0,264148.0,266946.0,269520.0,270944.0,270948.0,270944.0,269520.0,266946.0,264148.0,261000.0,259425.5,257234.0
226590.0,227356.0,227483.0,227517.5,227067.5,227800.5,228514.0,228230.5,227300.0,228230.5,228514.0,227800.5,227067.5,227517.5,227483.0,227356.0
220426.0,221766.5,222683.5,222895.5,225082.5,223388.0,222598.5,222342.0,221749.0,222342.0,222598.5,223388.0,225082.5,222895.5,222683.5,221766.5
235879.0,238039.0,238379.5,238458.0,240388.0,240301.5,241735.0,243440.0,242029.0,243440.0,241735.0,240301.5,240388.0,238458.0,238379.5,238039.0
243451.0,246097.0,246731.0,247635.5,247660.0,245639.5,246746.0,247008.0,246639.0,247008.0,246746.0,245639.5,247660.0,247635.5,246731.0,246097.0
239914.0,242600.5,243323.5,243985.5,244804.0,245554.5,247113.5,246964.5,247462.0,246964.5,247113.5,245554.5,244804.0,243985.5,243323.5,242600.5
218996.0,222618.5,227824.5,229122.5,225854.5,224518.0,227971.5,230753.0,232415.0,230753.0,227971.5,224518.0,225854.5,229122.5,227824.5,222618.5
234696.0,236895.5,239465.0,239087.5,241118.0,243025.0,245207.5,245312.0,245415.0,245312.0,245207.5,243025.0,241118.0,239087.5,239465.0,236895.5
229140.0,230578.0,231425.0,233019.0,236391.0,238622.5,240168.0,241513.5,240620.0,241513.5,240168.0,238622.5,236391.0,233019.0,231425.0,230578.0
248703.0,249243.0,250418.0,250241.0,250361.0,250605.5,251225.0,252653.5,251611.0,252653.5,251225.0,250605.5,250361.0,250241.0,250418.0,249243.0
233105.0,233205.0,233798.5,233581.5,233302.0,232968.5,233244.5,233686.0,233647.0,233686.0,233244.5,232968.5,233302.0,233581.5,233798.5,233205.0
244684.0,246314.0,249482.5,252761.0,254675.0,255045.0,256248.0,255687.0,256413.0,255687.0,256248.0,255045.0,254675.0,252761.0,249482.5,246314.0
230992.0,233340.5,236237.0,240602.5,244750.0,250682.0,255201.0,258354.0,257646.0,258354.0,255201.0,250682.0,244750.0,240602.5,236237.0,233340.5
239086.0,240370.0,239953.5,239385.5,239237.0,239807.5,241058.5,240424.5,241303.0,240424.5,241058.5,239807.5,239237.0,239385.5,239953.5,240370.0
230775.0,234398.0,237409.5,241959.5,247026.0,252135.5,256391.5,256548.5,259680.0,256548.5,256391.5,252135.5,247026.0,241959.5,237409.5,234398.0
239793.0,241198.5,244077.5,245303.0,244597.5,244248.5,246675.5,247794.0,250122.0,247794.0,246675.5,244248.5,244597.5,245303.0,244077.5,241198.5
248564.0,250871.5,253306.5,255688.5,257856.0,257180.0,256069.5,255670.0,254960.0,255670.0,256069.5,257180.0,257856.0,255688.5,253306.5,250871.5
242399.0,243628.0,244851.5,244480.0,245593.0,246806.0,245644.0,245604.5,246341.0,245604.5,245644.0,246806.0,245593.0,244480.0,244851.5,243628.0
249418.0,252760.5,255488.5,255619.0,255057.0,255953.0,257201.5,258098.5,257994.0,258098.5,257201.5,255953.0,255057.0,255619.0,255488.5,252760.5
232824.0,233129.0,235882.0,236782.5,236798.5,238313.0,239111.0,239668.5,238481.0,239668.5,239111.0,238313.0,236798.5,236782.5,235882.0,233129.0
257059.0,259369.0,260330.0,262585.0,261387.0,262169.0,261074.5,261901.0,261278.0,261901.0,261074.5,262169.0,261387.0,262585.0,260330.0,259369.0
225774.0,232709.0,233233.5,234584.0,231287.0,231621.5,233675.0,232147.5,230803.0,232147.5,233675.0,231621.5,231287.0,234584.0,233233.5,232709.0
230780.0,233241.5,233072.5,234024.0,233941.0,234441.5,234277.5,232569.5,235087.0,232569.5,234277.5,234441.5,233941.0,234024.0,233072.5,233241.5
215555.0,216600.5,217858.5,219056.0,218722.0,218478.0,217897.0,217401.0,216541.0,217401.0,217897.0,218478.0,218722.0,219056.0,217858.5,216600.5
245111.0,247542.5,251201.5,253835.0,254755.5,255535.0,252784.5,252400.5,251712.0,252400.5,252784.5,255535.0,254755.5,253835.0,251201.5,247542.5
242184.0,245088.0,246630.0,247217.5,245724.0,246127.5,245918.5,246168.5,245988.0,246168.5,245918.5,246127.5,245724.0,247217.5,246630.0,245088.0
251442.0,253177.5,255618.0,257081.5,257544.5,258095.5,258048.5,257110.5,256526.0,257110.5,258048.5,258095.5,257544.5,257081.5,255618.0,253177.5
248252.0,248805.5,249658.0,249603.5,250109.0,250887.5,252247.0,252209.5,252392.0,252209.5,252247.0,250887.5,250109.0,249603.5,249658.0,248805.5
251146.0,253888.5,256081.5,257797.5,256011.5,257144.0,258234.5,260043.0,259141.0,260043.0,258234.5,257144.0,256011.5,257797.5,256081.5,253888.5
247355.0,248183.0,250223.5,252881.0,254059.0,252613.0,252687.0,252936.0,253512.0,252936.0,252687.0,252613.0,254059.0,252881.0,250223.5,248183.0
246456.0,248412.5,249098.0,251297.0,253173.5,255784.5,256347.5,258088.0,258206.0,258088.0,256347.5,255784.5,253173.5,251297.0,249098.0,248412.5
