551911.0,550105.0,550527.0,549577.0,551061.0,555484.0,556529.0,558064.0,557555.0,557484.0,556785.0,557966.0,556307.0,556629.0,555499.0,555030.0,553930.0,553514.0,554104.0,555328.0,549878.0,551933.0,552508.0,552428.0
546761.0,546026.0,545226.0,547781.0,551881.0,552888.0,551986.0,549378.0,549787.0,549139.0,551608.0,552081.0,553495.0,550902.0,549192.0,546321.0,546412.0,549543.0,550209.0,551853.0,553198.0,554106.0,552486.0,551035.0
536570.0,535588.0,537504.0,538741.0,538001.0,539865.0,540862.0,543597.0,541646.0,543078.0,542513.0,542268.0,543382.0,543263.0,545101.0,543941.0,543704.0,543156.0,540873.0,541425.0,538971.0,539337.0,538485.0,538031.0
552272.0,553602.0,556155.0,559773.0,558490.0,558941.0,559921.0,559420.0,561044.0,561608.0,563037.0,564016.0,563606.0,563073.0,561744.0,559825.0,558755.0,555036.0,553309.0,554431.0,552922.0,555132.0,553437.0,551715.0
548098.0,551713.0,551286.0,553178.0,552633.0,551755.0,550657.0,551338.0,551320.0,551588.0,552943.0,553020.0,554825.0,553992.0,552031.0,550895.0,552706.0,551735.0,552311.0,553458.0,552720.0,553892.0,552013.0,552755.0
557912.0,558831.0,562117.0,564013.0,562698.0,563115.0,562096.0,563443.0,563289.0,565305.0,563282.0,561913.0,564809.0,567818.0,565532.0,565252.0,566201.0,566674.0,563954.0,563873.0,562958.0,560703.0,563453.0,560815.0
572033.0,573862.0,576964.0,581492.0,583523.0,587859.0,590017.0,590387.0,590817.0,595358.0,594562.0,595225.0,595064.0,597182.0,596509.0,597121.0,597717.0,596668.0,595278.0,591403.0,586142.0,582281.0,578174.0,575384.0
530216.0,531690.0,533605.0,532540.0,533979.0,533540.0,536923.0,535602.0,536774.0,536602.0,538065.0,536972.0,536854.0,534654.0,536588.0,535669.0,536358.0,535211.0,531915.0,533144.0,534575.0,531615.0,530086.0,531547.0
564603.0,565815.0,566814.0,567777.0,569239.0,568874.0,571878.0,573296.0,573436.0,574013.0,574813.0,574542.0,572655.0,572043.0,572195.0,573776.0,575702.0,578862.0,579029.0,578657.0,575929.0,574710.0,570177.0,565975.0
520379.0,520674.0,521153.0,522346.0,525458.0,526638.0,528025.0,530385.0,531674.0,533525.0,535780.0,537532.0,538501.0,536985.0,537602.0,538452.0,535563.0,532586.0,530339.0,528513.0,528375.0,527875.0,524559.0,522337.0
532540.0,534550.0,537289.0,538284.0,539917.0,541705.0,542774.0,542948.0,544466.0,546600.0,547711.0,550878.0,550355.0,547853.0,546367.0,544604.0,544405.0,543016.0,540050.0,540221.0,538473.0,537968.0,537925.0,532561.0
514930.0,515667.0,514712.0,514562.0,516989.0,518309.0,520432.0,522652.0,523036.0,526272.0,525593.0,526890.0,526874.0,528394.0,528473.0,530208.0,531918.0,528779.0,526032.0,523894.0,521870.0,519672.0,515141.0,515997.0
536109.0,536622.0,538598.0,542749.0,541854.0,542387.0,540383.0,544114.0,546721.0,546820.0,547117.0,545670.0,545859.0,546839.0,546749.0,547360.0,547319.0,545199.0,542806.0,543082.0,541693.0,541960.0,540703.0,537697.0
563799.0,565566.0,568089.0,570059.0,571116.0,572930.0,573077.0,572681.0,573563.0,574025.0,575626.0,576383.0,578392.0,576740.0,577836.0,575867.0,573136.0,571038.0,570284.0,570928.0,569552.0,566927.0,564590.0,564868.0
545885.0,548537.0,553026.0,554704.0,556480.0,558889.0,557379.0,555971.0,555937.0,552859.0,551679.0,552455.0,553926.0,554618.0,554633.0,555797.0,557292.0,559242.0,556467.0,554214.0,551220.0,548252.0,548474.0,547534.0
528063.0,529424.0,532646.0,533900.0,533213.0,532220.0,533241.0,532967.0,529465.0,529911.0,530508.0,530186.0,530442.0,529372.0,532135.0,532177.0,530345.0,531207.0,531348.0,530227.0,528814.0,527366.0,528688.0,528443.0
574554.0,574530.0,577751.0,578390.0,580433.0,580126.0,580450.0,578477.0,580867.0,579926.0,580277.0,582620.0,578883.0,577340.0,579222.0,576772.0,578084.0,576645.0,579314.0,578753.0,577603.0,578176.0,579112.0,575889.0
558113.0,560305.0,561671.0,562127.0,562160.0,567750.0,566033.0,565695.0,568318.0,564910.0,565653.0,566062.0,564741.0,564815.0,564882.0,562700.0,564442.0,564103.0,563172.0,563103.0,563328.0,561001.0,558902.0,561620.0
502414.0,507148.0,506441.0,507129.0,509745.0,511384.0,510861.0,515393.0,515465.0,514626.0,516802.0,517265.0,516319.0,515226.0,513864.0,513114.0,513602.0,510593.0,507347.0,505534.0,504107.0,504400.0,504197.0,503714.0
514663.0,516628.0,516902.0,518473.0,516533.0,520438.0,518661.0,521570.0,519267.0,519729.0,519653.0,519049.0,516602.0,517320.0,516678.0,518871.0,516034.0,518668.0,520525.0,523273.0,520851.0,522686.0,520865.0,517561.0
541556.0,542367.0,543885.0,546712.0,551003.0,551428.0,555465.0,558554.0,559320.0,559585.0,559011.0,558480.0,555851.0,554698.0,555953.0,554305.0,551839.0,550224.0,547071.0,545628.0,544351.0,541252.0,540801.0,540233.0
552845.0,556600.0,558652.0,559606.0,560204.0,559532.0,561722.0,558098.0,556324.0,554689.0,555298.0,554818.0,555031.0,556206.0,556484.0,557675.0,557120.0,560363.0,560628.0,559078.0,556520.0,554802.0,554141.0,553670.0
552139.0,555039.0,553173.0,556067.0,560167.0,559506.0,561908.0,563658.0,564940.0,566938.0,568666.0,569508.0,568624.0,570373.0,567160.0,567030.0,566763.0,566151.0,563818.0,561648.0,561062.0,558025.0,554110.0,552451.0
548388.0,552240.0,554368.0,555175.0,556971.0,557952.0,559395.0,556502.0,555445.0,556304.0,554178.0,555754.0,554690.0,556398.0,556348.0,556016.0,556124.0,556294.0,554211.0,553831.0,552711.0,551664.0,551376.0,551737.0
541704.0,546047.0,546724.0,544048.0,546115.0,546669.0,544836.0,544097.0,543685.0,549103.0,544892.0,541151.0,543864.0,545663.0,547199.0,546015.0,545692.0,546054.0,546361.0,544552.0,547556.0,549496.0,547565.0,542632.0
565474.0,567600.0,568848.0,569376.0,573866.0,574432.0,576558.0,579470.0,580374.0,580050.0,581191.0,578482.0,577532.0,577752.0,576688.0,579114.0,578214.0,581240.0,580531.0,580130.0,577384.0,574761.0,570256.0,569503.0
562352.0,565311.0,569004.0,570765.0,574300.0,572261.0,574663.0,577579.0,575996.0,573817.0,574134.0,573868.0,579171.0,576917.0,573660.0,575429.0,573169.0,576489.0,572560.0,571313.0,571476.0,570851.0,569433.0,567326.0
525954.0,527785.0,527069.0,531605.0,532728.0,537027.0,538122.0,536992.0,536604.0,534385.0,537867.0,539222.0,541623.0,542137.0,538671.0,536820.0,535943.0,536417.0,535306.0,532583.0,530081.0,528555.0,526827.0,525553.0
545781.0,546921.0,547711.0,550813.0,551282.0,553610.0,553896.0,555409.0,554757.0,555540.0,554683.0,556470.0,558161.0,557035.0,556748.0,558452.0,555683.0,554961.0,553820.0,554328.0,550872.0,549125.0,546371.0,546335.0
573350.0,575419.0,577560.0,581273.0,580946.0,580240.0,583183.0,584851.0,586672.0,589783.0,591905.0,590380.0,592376.0,590881.0,589038.0,587336.0,588674.0,586577.0,581563.0,579325.0,578878.0,578204.0,577059.0,574119.0
552554.0,554447.0,554492.0,552678.0,556192.0,556597.0,556498.0,557385.0,555977.0,558907.0,559061.0,555255.0,558479.0,557625.0,559207.0,558949.0,556676.0,558654.0,560363.0,558249.0,557070.0,555966.0,555179.0,554572.0
540831.0,542121.0,541673.0,543440.0,546642.0,549620.0,550215.0,552602.0,555578.0,557746.0,557715.0,558296.0,555823.0,556582.0,555799.0,555730.0,553374.0,550936.0,549424.0,549406.0,545502.0,543009.0,540929.0,540125.0
555889.0,554675.0,557032.0,556888.0,558630.0,560546.0,560435.0,558213.0,560423.0,559872.0,559871.0,558459.0,559155.0,556595.0,557923.0,557446.0,559308.0,559802.0,559162.0,559259.0,560827.0,560453.0,557072.0,558657.0
534779.0,538351.0,537972.0,542288.0,543957.0,546390.0,545127.0,542289.0,540763.0,540596.0,541476.0,539468.0,538977.0,538658.0,541004.0,541320.0,540455.0,540680.0,540508.0,540444.0,539580.0,539894.0,536446.0,535746.0
513567.0,511942.0,511191.0,516242.0,514528.0,515817.0,520972.0,523606.0,523652.0,521859.0,523379.0,522158.0,526248.0,522078.0,527678.0,526545.0,521217.0,520411.0,520725.0,522637.0,520636.0,517072.0,515205.0,515577.0
545393.0,546625.0,549879.0,550316.0,551714.0,550975.0,549482.0,549047.0,547674.0,545816.0,544025.0,546176.0,547282.0,546667.0,547921.0,551500.0,552950.0,550957.0,550074.0,548919.0,547887.0,544918.0,546345.0,545354.0
538059.0,539051.0,539567.0,540904.0,541226.0,539937.0,542680.0,541932.0,539798.0,537991.0,539850.0,543838.0,544706.0,544575.0,541178.0,541290.0,540825.0,539540.0,540359.0,539704.0,536769.0,537471.0,538722.0,539146.0
536259.0,536328.0,538029.0,538858.0,541294.0,541565.0,543223.0,544599.0,547869.0,547137.0,548715.0,548815.0,545781.0,547686.0,545478.0,547623.0,543495.0,543805.0,540865.0,540802.0,540373.0,538168.0,536323.0,535894.0
561657.0,564075.0,562993.0,562825.0,566009.0,568073.0,571241.0,569490.0,568717.0,570106.0,568964.0,565442.0,565820.0,566785.0,567302.0,567229.0,569333.0,570610.0,568960.0,568086.0,566247.0,566969.0,566137.0,564276.0
553921.0,554737.0,558060.0,564096.0,568968.0,570499.0,575064.0,577151.0,577318.0,581479.0,582014.0,581988.0,586113.0,586429.0,581373.0,580677.0,578712.0,573030.0,569469.0,570135.0,566185.0,560855.0,557934.0,555135.0
545457.0,548035.0,551377.0,553745.0,556397.0,556678.0,555590.0,555472.0,555887.0,553561.0,551333.0,551422.0,551933.0,548408.0,548976.0,550800.0,551814.0,553324.0,553794.0,554585.0,557150.0,550854.0,550732.0,547404.0
570026.0,571865.0,572898.0,574863.0,573217.0,575154.0,577242.0,577148.0,577225.0,577370.0,577033.0,574213.0,573747.0,574115.0,574692.0,575805.0,575927.0,576099.0,576991.0,575627.0,574635.0,571883.0,570417.0,570208.0
571519.0,574154.0,577373.0,579187.0,580073.0,580292.0,578757.0,577787.0,578605.0,579336.0,579416.0,580568.0,581989.0,581766.0,580018.0,575858.0,576075.0,577860.0,577714.0,576365.0,577068.0,578667.0,577147.0,573402.0
527023.0,527050.0,530849.0,533984.0,531958.0,531901.0,532037.0,531937.0,531216.0,533535.0,529330.0,526757.0,527957.0,528065.0,530305.0,533398.0,532474.0,529356.0,531608.0,529957.0,530798.0,531107.0,528793.0,528365.0
512619.0,512969.0,515211.0,517611.0,518587.0,520217.0,519352.0,517734.0,517990.0,516843.0,517464.0,518224.0,517734.0,516984.0,519125.0,521607.0,519570.0,521596.0,523070.0,521727.0,519120.0,517498.0,514785.0,513687.0
558688.0,556207.0,556691.0,562835.0,565691.0,566751.0,565881.0,564887.0,564359.0,563524.0,559832.0,558265.0,561869.0,564539.0,566897.0,564441.0,563847.0,566312.0,565377.0,565012.0,562928.0,561589.0,563012.0,561430.0
542873.0,544840.0,547317.0,548171.0,551003.0,550036.0,551442.0,550450.0,553857.0,553808.0,548349.0,549063.0,549511.0,554078.0,548462.0,549473.0,549881.0,546021.0,551681.0,548339.0,549245.0,548444.0,548115.0,550175.0
547309.0,549201.0,549729.0,548934.0,551635.0,554395.0,556464.0,557949.0,558420.0,556651.0,559876.0,559678.0,559516.0,559742.0,558317.0,558111.0,559179.0,557776.0,557049.0,555891.0,554422.0,551877.0,550768.0,547991.0
582986.0,587132.0,591055.0,591908.0,591216.0,591828.0,591286.0,589634.0,589989.0,590890.0,593415.0,593261.0,590832.0,590224.0,591276.0,588502.0,585955.0,588185.0,591806.0,592722.0,588863.0,587462.0,588946.0,584917.0
545173.0,547493.0,550157.0,549936.0,552983.0,554205.0,554113.0,550684.0,550438.0,550522.0,549490.0,551292.0,550261.0,552067.0,552293.0,551547.0,553978.0,554729.0,554583.0,551466.0,548532.0,546433.0,546485.0,545364.0
546132.0,547298.0,547383.0,549718.0,547632.0,547277.0,544636.0,545318.0,545482.0,546460.0,546799.0,545248.0,549059.0,546772.0,545849.0,546318.0,544428.0,546714.0,545071.0,547473.0,547002.0,546340.0,546246.0,548155.0
549509.0,550137.0,559251.0,560800.0,560319.0,560279.0,559380.0,560780.0,559016.0,558779.0,557404.0,556376.0,554065.0,556312.0,556422.0,556538.0,557951.0,561244.0,560372.0,561372.0,559019.0,559303.0,558239.0,552665.0
528540.0,531241.0,532517.0,534788.0,535458.0,535857.0,535614.0,534304.0,535758.0,537559.0,536034.0,536850.0,536016.0,535605.0,534470.0,535827.0,534884.0,533221.0,531181.0,531961.0,532580.0,532793.0,533598.0,532758.0
559247.0,560738.0,562709.0,566489.0,570200.0,574115.0,575159.0,577975.0,580954.0,584048.0,585263.0,586137.0,588816.0,587763.0,589478.0,588123.0,586777.0,585965.0,582171.0,577378.0,573395.0,569691.0,563181.0,559864.0
579761.0,583466.0,584847.0,584451.0,584652.0,584602.0,581931.0,584055.0,587559.0,588531.0,591577.0,590948.0,591392.0,593074.0,593573.0,591087.0,592437.0,590431.0,588289.0,590277.0,588643.0,584674.0,583781.0,582538.0
550354.0,554790.0,559227.0,562045.0,564340.0,564550.0,564763.0,566030.0,563547.0,563953.0,560676.0,557184.0,555044.0,556252.0,558637.0,559900.0,560322.0,561185.0,569315.0,568465.0,567434.0,563783.0,560223.0,553381.0
536491.0,539597.0,542610.0,542747.0,546292.0,549839.0,553459.0,555910.0,554684.0,557908.0,560042.0,559303.0,559274.0,560402.0,559633.0,556795.0,552634.0,554331.0,552412.0,549662.0,545308.0,543644.0,541656.0,539613.0
542969.0,545130.0,547333.0,547235.0,545378.0,546201.0,546623.0,545220.0,543251.0,542225.0,544559.0,544742.0,542068.0,543354.0,545958.0,547320.0,546406.0,547290.0,546777.0,546432.0,546967.0,546357.0,546857.0,544372.0
516747.0,518032.0,519615.0,523137.0,526576.0,528439.0,528060.0,526182.0,523245.0,519641.0,517604.0,518050.0,518364.0,522373.0,523509.0,523434.0,524922.0,521727.0,522179.0,522677.0,522030.0,522080.0,519817.0,518320.0
574017.0,574982.0,574908.0,575009.0,571691.0,572020.0,571056.0,570154.0,571238.0,572549.0,572401.0,574008.0,578594.0,576053.0,574847.0,574783.0,573102.0,570699.0,572636.0,569876.0,570457.0,569824.0,573037.0,574207.0
570223.0,569945.0,569344.0,571845.0,575562.0,576581.0,578094.0,578953.0,580012.0,581969.0,585823.0,582170.0,582249.0,584458.0,583565.0,579676.0,580463.0,576891.0,576098.0,575403.0,572982.0,569137.0,569991.0,569902.0
531272.0,532781.0,530800.0,534010.0,535767.0,535724.0,536678.0,535570.0,537452.0,538473.0,538117.0,538422.0,537034.0,536669.0,535297.0,535577.0,535486.0,536577.0,533507.0,536016.0,535273.0,535581.0,532832.0,532589.0
532107.0,532919.0,532692.0,536336.0,537158.0,538426.0,538716.0,537815.0,539955.0,538333.0,539168.0,539956.0,539209.0,539483.0,538330.0,539901.0,538790.0,539972.0,541396.0,539414.0,537196.0,537570.0,536057.0,534969.0
558394.0,559986.0,559853.0,559650.0,562178.0,563946.0,562177.0,561360.0,562300.0,560831.0,562258.0,561119.0,561835.0,563257.0,562266.0,560908.0,561867.0,562411.0,561382.0,562916.0,564192.0,564597.0,561913.0,560174.0
558748.0,563174.0,563238.0,565816.0,563818.0,565285.0,568143.0,570625.0,571667.0,573321.0,568721.0,572079.0,571557.0,570107.0,568493.0,568707.0,571807.0,572988.0,570355.0,570581.0,568666.0,569636.0,567483.0,564657.0
559834.0,562396.0,563261.0,563106.0,562291.0,562942.0,562318.0,563416.0,562006.0,562542.0,564084.0,561362.0,561150.0,562393.0,560576.0,561103.0,561596.0,563450.0,564777.0,564589.0,563687.0,563689.0,563228.0,561184.0
521585.0,519952.0,520733.0,523416.0,524961.0,527570.0,525412.0,524482.0,526291.0,527533.0,525519.0,526539.0,528336.0,528582.0,529583.0,529955.0,528718.0,524960.0,524605.0,525916.0,524386.0,526169.0,526898.0,524485.0
548769.0,548820.0,551633.0,555004.0,554022.0,554524.0,556749.0,556717.0,556922.0,556228.0,556994.0,554901.0,555645.0,557090.0,555962.0,557403.0,556964.0,556195.0,554980.0,554871.0,554006.0,550675.0,551383.0,550147.0
529030.0,528689.0,530822.0,529326.0,529261.0,530568.0,530902.0,530723.0,531511.0,531905.0,531489.0,531232.0,530268.0,530231.0,531309.0,531234.0,532046.0,532987.0,531809.0,528932.0,530136.0,531470.0,528041.0,529039.0
561941.0,562687.0,563781.0,563611.0,564268.0,566377.0,568860.0,567949.0,571753.0,574824.0,574496.0,575309.0,576328.0,576338.0,576132.0,576382.0,575917.0,571654.0,571066.0,572702.0,569034.0,566198.0,565302.0,563339.0
577913.0,577394.0,578754.0,578371.0,582751.0,583953.0,583025.0,585677.0,587542.0,583952.0,585980.0,587604.0,587322.0,586448.0,583913.0,587373.0,582977.0,585070.0,581765.0,579546.0,580181.0,578437.0,579049.0,578809.0
571478.0,573947.0,576287.0,578968.0,578760.0,579361.0,578466.0,577731.0,577876.0,578205.0,576651.0,576725.0,575905.0,577491.0,577290.0,577479.0,577022.0,577417.0,576093.0,572548.0,572745.0,572828.0,573441.0,572394.0
565981.0,568441.0,568160.0,570340.0,573616.0,573858.0,570956.0,573810.0,576015.0,578563.0,578820.0,581799.0,578424.0,576412.0,578521.0,576536.0,575230.0,576942.0,573247.0,570125.0,570275.0,571134.0,569798.0,569019.0
581515.0,583551.0,588696.0,586827.0,585491.0,585920.0,589994.0,591245.0,589104.0,586353.0,588594.0,596547.0,598011.0,595284.0,593319.0,594973.0,596193.0,593352.0,592658.0,590869.0,592258.0,594583.0,590517.0,584066.0
552434.0,557811.0,556810.0,557648.0,559489.0,564203.0,563778.0,566159.0,568502.0,568448.0,569469.0,569891.0,572286.0,571449.0,572005.0,568704.0,568697.0,564267.0,563551.0,560724.0,560102.0,560323.0,557345.0,555305.0
523291.0,526666.0,529360.0,527251.0,526544.0,529224.0,529936.0,528408.0,527103.0,527181.0,529981.0,529992.0,529722.0,529635.0,529369.0,526851.0,526548.0,528500.0,528637.0,525895.0,526295.0,528948.0,527634.0,525113.0
551569.0,557248.0,559116.0,562078.0,561265.0,562333.0,561496.0,562194.0,566794.0,564049.0,560339.0,562567.0,562325.0,563397.0,559798.0,561432.0,563166.0,566141.0,565638.0,563171.0,559925.0,560318.0,559536.0,554733.0
545714.0,545993.0,548824.0,552144.0,551682.0,550474.0,548856.0,548851.0,552262.0,556457.0,556065.0,553443.0,551297.0,551294.0,553991.0,554928.0,553075.0,549624.0,545993.0,546029.0,548710.0,549474.0,548490.0,546836.0
566124.0,567635.0,574494.0,578923.0,582802.0,586979.0,585068.0,583857.0,584019.0,575092.0,576367.0,580494.0,580947.0,580356.0,582077.0,581072.0,580909.0,582321.0,582560.0,582465.0,581545.0,577166.0,576541.0,570841.0
542717.0,545304.0,546218.0,549725.0,549190.0,549480.0,553200.0,553468.0,554146.0,553765.0,552450.0,555251.0,551037.0,549104.0,548304.0,550351.0,550658.0,549252.0,547227.0,548724.0,548965.0,548281.0,547453.0,546660.0
530796.0,535098.0,537150.0,540153.0,542941.0,542688.0,542036.0,542474.0,540644.0,539294.0,536645.0,536791.0,537476.0,539699.0,542261.0,540963.0,541727.0,542510.0,541447.0,540697.0,540586.0,538767.0,534521.0,532468.0
532564.0,533107.0,533524.0,533632.0,535573.0,535261.0,535707.0,535992.0,535469.0,532565.0,533470.0,533593.0,536471.0,539846.0,540941.0,541444.0,543391.0,541085.0,539668.0,538622.0,538631.0,539136.0,538176.0,535876.0
537165.0,543682.0,547627.0,548614.0,547902.0,543551.0,543318.0,544088.0,543107.0,540852.0,545342.0,547979.0,548553.0,544475.0,539539.0,539285.0,543284.0,545491.0,547102.0,545679.0,545869.0,546119.0,543568.0,536689.0
548296.0,550552.0,555420.0,554726.0,559002.0,561119.0,563099.0,563057.0,564863.0,565918.0,568915.0,571085.0,572029.0,572555.0,570457.0,568036.0,564996.0,561234.0,559279.0,558671.0,558674.0,555737.0,555298.0,551194.0
543444.0,545025.0,547178.0,551766.0,554006.0,556635.0,558180.0,559249.0,557660.0,554049.0,552023.0,551400.0,553043.0,553833.0,556341.0,556695.0,558900.0,558716.0,558888.0,557698.0,553594.0,550659.0,546932.0,546646.0
552065.0,554682.0,557134.0,561541.0,561038.0,561308.0,564055.0,565235.0,567811.0,566119.0,561821.0,557258.0,558205.0,559678.0,562395.0,561848.0,559693.0,556022.0,557042.0,557543.0,557040.0,558367.0,556050.0,554636.0
544392.0,545375.0,544312.0,544016.0,547774.0,548684.0,546656.0,549937.0,546705.0,547741.0,547294.0,547703.0,548249.0,547584.0,548087.0,548011.0,545872.0,545309.0,546978.0,544127.0,544502.0,543361.0,542515.0,543216.0
538996.0,541456.0,541579.0,542244.0,542337.0,542501.0,542458.0,539849.0,541860.0,541477.0,542542.0,542512.0,542471.0,541383.0,542015.0,542464.0,542936.0,544164.0,544599.0,542860.0,543700.0,540312.0,540155.0,541068.0
551822.0,551822.0,550869.0,551708.0,552091.0,554006.0,553625.0,554091.0,554026.0,555666.0,555781.0,552937.0,550823.0,552088.0,552438.0,553951.0,553784.0,553022.0,552054.0,551923.0,553040.0,552868.0,552593.0,550852.0
580424.0,583437.0,587865.0,590198.0,592003.0,592842.0,597569.0,600527.0,603779.0,605634.0,601950.0,604192.0,606450.0,602302.0,601787.0,600317.0,598068.0,594677.0,593198.0,588878.0,587863.0,586997.0,585192.0,582737.0
566475.0,568794.0,572268.0,571795.0,570714.0,573715.0,574658.0,574807.0,573810.0,576446.0,579166.0,580187.0,576402.0,575708.0,575753.0,573244.0,573145.0,573621.0,574225.0,572609.0,570789.0,568609.0,568733.0,567185.0
539642.0,543538.0,545869.0,552671.0,554425.0,555383.0,554215.0,558442.0,561997.0,565536.0,565857.0,570586.0,572567.0,568312.0,565078.0,561510.0,559143.0,559467.0,555817.0,554055.0,551230.0,549702.0,544240.0,540110.0
540545.0,540101.0,542468.0,545810.0,545879.0,548197.0,546741.0,549705.0,549012.0,551817.0,551716.0,551080.0,549888.0,549933.0,553551.0,552845.0,555084.0,552379.0,551479.0,550206.0,550289.0,549547.0,546932.0,542810.0
543543.0,544722.0,547110.0,545849.0,548240.0,549473.0,548171.0,550624.0,550196.0,549710.0,551588.0,548907.0,551432.0,551314.0,549601.0,551653.0,548051.0,547524.0,546656.0,545086.0,546913.0,545484.0,545605.0,547134.0
562811.0,563926.0,565793.0,566823.0,572676.0,575604.0,576865.0,576728.0,580093.0,584338.0,586695.0,587419.0,589938.0,588840.0,587786.0,585991.0,581537.0,579952.0,584326.0,579857.0,579079.0,572040.0,570857.0,569308.0
531378.0,530408.0,533545.0,532923.0,531978.0,531408.0,530568.0,530110.0,531949.0,533106.0,531670.0,532503.0,532096.0,530607.0,532174.0,531495.0,530406.0,532834.0,532199.0,532491.0,534004.0,531514.0,531672.0,531340.0
546217.0,546662.0,546727.0,548022.0,547437.0,547480.0,546053.0,546608.0,548242.0,549140.0,549246.0,547591.0,548051.0,547987.0,548787.0,548139.0,546903.0,545961.0,544705.0,544343.0,546017.0,545996.0,545815.0,546121.0
571841.0,574607.0,576305.0,575673.0,574857.0,575251.0,576161.0,576669.0,577924.0,578008.0,578168.0,578113.0,577395.0,575948.0,577326.0,576666.0,576206.0,574554.0,573023.0,574155.0,574404.0,573910.0,573214.0,571504.0
558408.0,561560.0,562607.0,566233.0,568889.0,568856.0,571155.0,569963.0,569859.0,569805.0,571631.0,570421.0,572782.0,571087.0,574394.0,575436.0,576023.0,575676.0,571722.0,569660.0,567114.0,565548.0,562377.0,561286.0
555674.0,557665.0,558388.0,560308.0,562639.0,565221.0,569984.0,576174.0,578367.0,580837.0,581251.0,583385.0,581866.0,583207.0,583059.0,582108.0,582412.0,579627.0,573798.0,569474.0,564004.0,560749.0,559210.0,557153.0
571658.0,573147.0,577548.0,578894.0,577375.0,578753.0,581111.0,581597.0,583222.0,584546.0,584206.0,585427.0,585905.0,585297.0,586872.0,587781.0,587661.0,588002.0,586305.0,584292.0,580473.0,576906.0,578456.0,574310.0
540306.0,539873.0,539849.0,540931.0,543414.0,539938.0,539917.0,544557.0,541984.0,542624.0,545170.0,543467.0,546120.0,546708.0,545275.0,545788.0,543349.0,543922.0,542736.0,541621.0,543886.0,539869.0,542957.0,543501.0
558640.0,562847.0,563270.0,564444.0,563128.0,565415.0,563642.0,561121.0,559469.0,559105.0,563103.0,562192.0,566464.0,567205.0,569201.0,564944.0,566700.0,564715.0,565633.0,564182.0,562657.0,562426.0,561002.0,560371.0
549217.0,555304.0,558734.0,565590.0,571701.0,574256.0,580232.0,584688.0,588306.0,592385.0,592444.0,590285.0,590858.0,592305.0,592362.0,588851.0,585019.0,580470.0,572279.0,567281.0,562072.0,554438.0,551434.0,548293.0
508665.0,510490.0,515267.0,518245.0,518806.0,514172.0,514300.0,513441.0,513191.0,516997.0,514870.0,515777.0,514861.0,516015.0,519584.0,517280.0,516653.0,514641.0,514293.0,515613.0,517575.0,515776.0,514971.0,512373.0
574668.0,576637.0,576892.0,580726.0,583099.0,585044.0,583343.0,582593.0,579302.0,579593.0,579825.0,583032.0,584813.0,582241.0,583240.0,578710.0,581491.0,580698.0,582525.0,584001.0,585218.0,586237.0,579500.0,578240.0
544940.0,549169.0,551122.0,549717.0,551965.0,550506.0,549820.0,547956.0,547649.0,549731.0,547919.0,551007.0,550633.0,551249.0,551089.0,549817.0,549294.0,546893.0,549939.0,549068.0,548822.0,548533.0,548140.0,547392.0
526295.0,530953.0,532979.0,534126.0,531375.0,532997.0,535113.0,533516.0,531990.0,528979.0,526519.0,527652.0,532676.0,531057.0,527735.0,531037.0,534356.0,532162.0,533230.0,530994.0,529507.0,529332.0,531262.0,529504.0
538623.0,540571.0,539708.0,538715.0,543936.0,544465.0,544256.0,546414.0,544680.0,544499.0,545986.0,546712.0,546707.0,550198.0,547496.0,546258.0,545453.0,543003.0,542388.0,540393.0,541378.0,539956.0,540163.0,539474.0
560908.0,563344.0,565338.0,566950.0,567505.0,567898.0,567091.0,567731.0,567647.0,567137.0,566378.0,566366.0,566580.0,568229.0,567189.0,566107.0,566591.0,569045.0,570121.0,568696.0,567645.0,565199.0,561043.0,561534.0
533613.0,536007.0,538205.0,537159.0,535940.0,536657.0,537625.0,535868.0,537641.0,537733.0,536954.0,537353.0,538058.0,538857.0,537556.0,537888.0,537407.0,538531.0,536521.0,535776.0,534679.0,536288.0,536744.0,537614.0
560580.0,559399.0,564870.0,564549.0,564722.0,566059.0,562018.0,564531.0,565786.0,564247.0,565680.0,565877.0,566957.0,565914.0,564397.0,566283.0,565024.0,562678.0,563756.0,565245.0,562540.0,563533.0,562829.0,560710.0
572926.0,576429.0,583003.0,579965.0,581898.0,584396.0,584410.0,583410.0,584524.0,582686.0,585493.0,585494.0,586560.0,583767.0,584981.0,583941.0,583125.0,579974.0,580872.0,576538.0,575634.0,574514.0,577702.0,574170.0
518354.0,521968.0,525200.0,527358.0,525695.0,526870.0,525545.0,527518.0,524742.0,528880.0,530062.0,531406.0,532697.0,531806.0,529978.0,530955.0,530776.0,530674.0,527595.0,527029.0,528689.0,527856.0,523922.0,520781.0
560854.0,562017.0,564316.0,563779.0,562872.0,564541.0,562388.0,563591.0,565419.0,563171.0,562452.0,563031.0,561914.0,562997.0,561788.0,562088.0,565099.0,566504.0,566041.0,563349.0,561989.0,562163.0,562996.0,562689.0
582893.0,587944.0,583388.0,584762.0,584730.0,584906.0,582190.0,583807.0,587408.0,584285.0,586325.0,588363.0,586092.0,584195.0,584278.0,586839.0,581602.0,585031.0,585558.0,583571.0,584246.0,585124.0,584840.0,583183.0
541445.0,545197.0,543988.0,542552.0,543307.0,543020.0,543672.0,540565.0,543318.0,543083.0,543496.0,543626.0,544390.0,540865.0,542657.0,543602.0,543213.0,543410.0,544419.0,544866.0,541718.0,543320.0,542067.0,543340.0
561933.0,564082.0,565016.0,568618.0,573673.0,574763.0,575710.0,577307.0,580308.0,582670.0,584759.0,586508.0,586665.0,586194.0,584574.0,585535.0,582446.0,579560.0,577233.0,576599.0,569020.0,567207.0,566199.0,562011.0
551995.0,556424.0,553205.0,554131.0,557304.0,558184.0,552178.0,552362.0,553565.0,553910.0,555359.0,555593.0,556777.0,557727.0,553562.0,553264.0,553110.0,554620.0,552362.0,554476.0,554881.0,557685.0,555450.0,550708.0
530175.0,534606.0,537593.0,543786.0,548925.0,553678.0,558497.0,564178.0,568614.0,571903.0,574051.0,575105.0,576937.0,576036.0,573357.0,568349.0,563000.0,554949.0,550016.0,547620.0,545181.0,540969.0,536470.0,533385.0
542157.0,544924.0,545290.0,546540.0,550118.0,550045.0,554150.0,556184.0,557062.0,557523.0,560029.0,561390.0,561262.0,559614.0,560322.0,558428.0,556948.0,556772.0,551331.0,551410.0,551091.0,547399.0,544409.0,542924.0
533044.0,537734.0,542538.0,543563.0,543231.0,544716.0,543864.0,542574.0,543932.0,545215.0,543999.0,543659.0,544586.0,543328.0,540978.0,541314.0,542485.0,544604.0,548321.0,549915.0,543065.0,540537.0,540965.0,535787.0
538751.0,541946.0,542513.0,544750.0,545344.0,547765.0,551066.0,548976.0,550771.0,553042.0,553832.0,554762.0,555568.0,555972.0,556163.0,554117.0,553516.0,550882.0,548792.0,546879.0,545577.0,541237.0,539045.0,540574.0
539625.0,539451.0,538273.0,536569.0,539088.0,536653.0,535810.0,536742.0,540054.0,539497.0,536763.0,541246.0,541581.0,541803.0,540558.0,541709.0,543112.0,541672.0,540275.0,540806.0,542021.0,542145.0,538556.0,539761.0
562845.0,563918.0,566240.0,566725.0,567760.0,569160.0,570452.0,572010.0,575829.0,578322.0,578442.0,578034.0,577242.0,575772.0,579003.0,581681.0,581501.0,580785.0,578072.0,575798.0,574897.0,572369.0,568429.0,565064.0
540128.0,540868.0,544438.0,544626.0,545269.0,547205.0,550162.0,552221.0,554869.0,557570.0,558670.0,557850.0,558081.0,555974.0,554393.0,553060.0,549062.0,547625.0,543563.0,540116.0,540121.0,538510.0,539000.0,539683.0
552683.0,554144.0,556240.0,558274.0,556526.0,558859.0,560881.0,562700.0,565645.0,567492.0,566123.0,564762.0,566737.0,568177.0,566812.0,562872.0,562077.0,561514.0,562497.0,559063.0,557929.0,555726.0,555554.0,555041.0
553802.0,553294.0,556052.0,557279.0,558081.0,557880.0,558525.0,560821.0,560499.0,560913.0,559316.0,557905.0,555909.0,555956.0,559284.0,556874.0,557926.0,557597.0,556774.0,558271.0,556685.0,554391.0,556841.0,553991.0
516986.0,519180.0,519748.0,519347.0,519897.0,520764.0,522675.0,523578.0,523046.0,523304.0,523706.0,523549.0,523583.0,524709.0,525209.0,524268.0,524736.0,525111.0,525810.0,524277.0,522367.0,522544.0,520613.0,518237.0
560551.0,562766.0,564632.0,563031.0,560497.0,563254.0,565620.0,568299.0,567827.0,567269.0,565032.0,565521.0,566110.0,563763.0,563083.0,562636.0,564224.0,565566.0,565706.0,563051.0,564357.0,564608.0,562697.0,563788.0
558659.0,561746.0,564705.0,564459.0,568509.0,572031.0,577056.0,576404.0,578076.0,580254.0,580533.0,579098.0,580772.0,581636.0,575746.0,572511.0,570025.0,563803.0,564788.0,562389.0,561943.0,561972.0,562622.0,561635.0
549467.0,550368.0,552239.0,554309.0,559694.0,557519.0,559326.0,559449.0,559001.0,556852.0,557271.0,554215.0,556192.0,554970.0,555651.0,555714.0,555528.0,556206.0,556899.0,556492.0,556743.0,553736.0,552309.0,550922.0
521105.0,522209.0,527756.0,529345.0,530117.0,530808.0,530715.0,531927.0,535736.0,539408.0,537758.0,536200.0,535761.0,535755.0,538413.0,539654.0,538091.0,535420.0,530720.0,528576.0,530138.0,530224.0,528886.0,525662.0
562883.0,561395.0,562471.0,562422.0,563658.0,563330.0,561702.0,564166.0,564289.0,564098.0,565085.0,564198.0,565266.0,564423.0,564206.0,564062.0,563686.0,565175.0,565297.0,561669.0,564247.0,565323.0,562380.0,563469.0
563691.0,566522.0,570791.0,572177.0,570516.0,573642.0,573312.0,571721.0,571470.0,569666.0,569095.0,571811.0,571064.0,570207.0,573242.0,571974.0,570932.0,571164.0,568909.0,570572.0,570601.0,567143.0,568045.0,566633.0
539679.0,541561.0,544956.0,548613.0,550917.0,552537.0,554800.0,556941.0,560514.0,563847.0,566349.0,567102.0,567151.0,565194.0,561736.0,558766.0,558587.0,556717.0,554697.0,551826.0,547588.0,545208.0,542742.0,541808.0
529997.0,535598.0,539572.0,542751.0,541904.0,543441.0,543779.0,546683.0,545815.0,548033.0,545438.0,544677.0,543950.0,546557.0,546657.0,548370.0,548802.0,545678.0,541270.0,542946.0,538841.0,538509.0,536463.0,533319.0
555664.0,557750.0,560878.0,562726.0,564793.0,564199.0,563230.0,561619.0,560484.0,561618.0,562164.0,563438.0,562987.0,563875.0,565565.0,566059.0,566748.0,562942.0,563016.0,561461.0,563823.0,562202.0,559214.0,557957.0
536439.0,537879.0,535508.0,536736.0,538162.0,542618.0,544322.0,545144.0,548547.0,552362.0,554170.0,559902.0,561146.0,562028.0,560949.0,559714.0,558562.0,556591.0,554076.0,550749.0,546796.0,544720.0,540593.0,539655.0
549464.0,551701.0,549270.0,555062.0,554912.0,560100.0,558557.0,560406.0,557989.0,561627.0,560662.0,563911.0,561744.0,565884.0,562798.0,565049.0,561381.0,563132.0,559626.0,561855.0,558910.0,559604.0,554027.0,553613.0
555134.0,558878.0,562184.0,564957.0,567192.0,567051.0,568268.0,571003.0,572536.0,574592.0,575460.0,574276.0,573123.0,572602.0,569559.0,565020.0,563337.0,563386.0,563263.0,560278.0,558773.0,558128.0,557427.0,554837.0
552947.0,556516.0,557075.0,559222.0,556618.0,557758.0,557121.0,557739.0,560130.0,559637.0,560346.0,559089.0,561568.0,560046.0,563080.0,559288.0,557227.0,556548.0,555769.0,554263.0,555258.0,552850.0,550873.0,553708.0
567838.0,566526.0,567507.0,569977.0,569742.0,570661.0,571089.0,570249.0,569318.0,568993.0,569127.0,572003.0,574779.0,575061.0,575589.0,573371.0,573263.0,570661.0,571374.0,571027.0,572811.0,571840.0,572156.0,572060.0
560255.0,562470.0,563775.0,561889.0,561481.0,562384.0,562942.0,562518.0,562363.0,565246.0,564511.0,564918.0,566476.0,567858.0,568482.0,567334.0,568844.0,568721.0,569061.0,567748.0,566426.0,564321.0,563742.0,561747.0
543197.0,545890.0,550297.0,553982.0,558719.0,558937.0,562413.0,564317.0,565923.0,568610.0,570227.0,569911.0,567163.0,566405.0,567217.0,566160.0,566386.0,564027.0,557172.0,551872.0,551086.0,550015.0,548167.0,546897.0
559599.0,561485.0,562444.0,564139.0,562925.0,564067.0,560398.0,562206.0,559483.0,561297.0,560218.0,563149.0,563006.0,563370.0,562073.0,564438.0,562533.0,561398.0,562276.0,561933.0,561069.0,561176.0,561458.0,561568.0
554852.0,559349.0,565722.0,571270.0,571650.0,568202.0,564637.0,565121.0,562539.0,561654.0,561731.0,565414.0,568505.0,565152.0,561473.0,560016.0,563761.0,569149.0,571870.0,568708.0,568352.0,566204.0,562380.0,556117.0
574111.0,572010.0,575051.0,574750.0,576890.0,574832.0,575216.0,572883.0,575327.0,573696.0,573524.0,571110.0,573550.0,574175.0,576279.0,575453.0,576379.0,576701.0,575085.0,573964.0,575391.0,572788.0,574864.0,573245.0
533499.0,535743.0,538549.0,543043.0,544750.0,545311.0,547558.0,553517.0,555746.0,552371.0,551996.0,553366.0,555564.0,553077.0,551310.0,551995.0,553516.0,554865.0,553357.0,547668.0,545391.0,544489.0,542381.0,537042.0
531541.0,534536.0,535043.0,534219.0,536206.0,536310.0,538083.0,541295.0,542461.0,541383.0,543317.0,545491.0,543824.0,544579.0,543414.0,545573.0,544049.0,541524.0,542789.0,537303.0,539440.0,538137.0,536705.0,532890.0
531453.0,531562.0,531152.0,531537.0,531408.0,532588.0,533142.0,535259.0,533405.0,534177.0,533178.0,534864.0,534484.0,533536.0,534731.0,535206.0,533007.0,532323.0,531626.0,530456.0,530919.0,533843.0,532710.0,530778.0
552105.0,557029.0,554653.0,557997.0,556092.0,562094.0,563175.0,564326.0,563971.0,559232.0,558546.0,558595.0,559368.0,556568.0,556511.0,558706.0,562268.0,562493.0,564897.0,561920.0,564046.0,560790.0,562273.0,556641.0
564113.0,565164.0,566833.0,565962.0,567471.0,570123.0,567824.0,567163.0,569485.0,569721.0,571008.0,570069.0,569636.0,570355.0,570705.0,569684.0,569591.0,569466.0,568061.0,570114.0,570563.0,569095.0,568414.0,566604.0
532839.0,534740.0,539053.0,538277.0,540128.0,537782.0,537681.0,539966.0,540213.0,541935.0,538906.0,539794.0,540326.0,539773.0,539574.0,543871.0,541177.0,538933.0,539611.0,538107.0,539948.0,537230.0,536808.0,535042.0
528309.0,531588.0,532367.0,531994.0,533480.0,533409.0,537106.0,537376.0,538065.0,539171.0,534762.0,532659.0,531474.0,533111.0,534262.0,534445.0,535688.0,533177.0,534208.0,537492.0,536925.0,538096.0,534877.0,531497.0
537129.0,539261.0,541950.0,545121.0,548980.0,552829.0,556619.0,558940.0,560332.0,561056.0,561409.0,561002.0,561229.0,562160.0,560918.0,562686.0,561931.0,559355.0,557413.0,551281.0,546709.0,542870.0,540759.0,539133.0
561312.0,562293.0,562562.0,562873.0,563715.0,565024.0,565055.0,564422.0,566239.0,566538.0,567292.0,567519.0,563398.0,565317.0,567800.0,566606.0,566815.0,564878.0,564970.0,564853.0,563769.0,563932.0,562469.0,561049.0
540914.0,540932.0,541950.0,541537.0,541663.0,539967.0,541937.0,543127.0,544461.0,543908.0,541454.0,540824.0,539515.0,541034.0,539651.0,542563.0,541755.0,540477.0,542907.0,542252.0,541592.0,543369.0,542691.0,542654.0
582297.0,586462.0,587192.0,588080.0,588410.0,589214.0,589713.0,587277.0,586919.0,587285.0,586201.0,586761.0,587674.0,589527.0,591797.0,591830.0,592725.0,591271.0,588630.0,588654.0,586191.0,585623.0,584751.0,585644.0
556821.0,560755.0,562480.0,562495.0,564747.0,565929.0,567462.0,570344.0,570552.0,573460.0,574124.0,572285.0,573017.0,573792.0,573967.0,571151.0,567418.0,567363.0,565355.0,564079.0,563311.0,560633.0,562161.0,559367.0
542001.0,546009.0,549385.0,551513.0,555041.0,560283.0,563003.0,563871.0,568639.0,570982.0,569763.0,571763.0,572781.0,570796.0,567400.0,564745.0,560893.0,555454.0,552907.0,551543.0,545583.0,543038.0,543624.0,541975.0
545285.0,546687.0,546888.0,545850.0,546536.0,546771.0,545993.0,544292.0,543925.0,546019.0,545354.0,547058.0,547611.0,546412.0,546899.0,546130.0,548631.0,547655.0,546870.0,546818.0,546746.0,546554.0,544390.0,546658.0
568433.0,570829.0,573341.0,573430.0,573787.0,574261.0,573995.0,572574.0,572249.0,571233.0,567832.0,566148.0,566477.0,570867.0,571649.0,571019.0,571964.0,573993.0,572500.0,571018.0,568860.0,570413.0,569933.0,567163.0
531081.0,531916.0,534487.0,537768.0,540370.0,537181.0,534795.0,533703.0,533595.0,534639.0,535187.0,535626.0,539029.0,535427.0,535890.0,533428.0,533712.0,534093.0,534898.0,537857.0,537329.0,536538.0,535431.0,532820.0
563685.0,563136.0,564629.0,567903.0,567554.0,568318.0,569429.0,571126.0,572525.0,573202.0,574187.0,574806.0,573206.0,575831.0,577347.0,578070.0,576681.0,575089.0,575029.0,573124.0,573495.0,570966.0,570443.0,566435.0
574317.0,574248.0,577473.0,582468.0,583841.0,584528.0,582410.0,580870.0,581176.0,581599.0,582104.0,582594.0,581336.0,580773.0,583474.0,585124.0,586760.0,584344.0,581786.0,579872.0,579559.0,581741.0,580572.0,576791.0
550070.0,550298.0,552648.0,553420.0,555694.0,555658.0,558660.0,561063.0,560833.0,563369.0,560715.0,562367.0,562719.0,560912.0,560529.0,559767.0,557643.0,556115.0,552180.0,552377.0,552996.0,552379.0,551491.0,548459.0
560391.0,561161.0,560980.0,563084.0,564100.0,563017.0,563130.0,562940.0,563237.0,563457.0,563193.0,561425.0,558948.0,559974.0,560236.0,562820.0,564943.0,563216.0,562696.0,562811.0,562854.0,562296.0,561806.0,560701.0
576679.0,580265.0,582509.0,580828.0,583552.0,588608.0,588011.0,586993.0,589399.0,587685.0,582423.0,581880.0,583210.0,583083.0,582606.0,586590.0,586137.0,587477.0,586364.0,588201.0,584787.0,580377.0,585099.0,580049.0
549711.0,553063.0,552294.0,555909.0,556195.0,556001.0,557097.0,555705.0,557323.0,559539.0,559082.0,560326.0,561490.0,558643.0,559302.0,560324.0,559324.0,558637.0,556928.0,555107.0,552441.0,553027.0,554237.0,551395.0
540902.0,542829.0,544165.0,545792.0,546269.0,545095.0,544933.0,543979.0,544090.0,545516.0,544860.0,545234.0,546426.0,546166.0,545205.0,546706.0,544012.0,541704.0,543408.0,545448.0,547212.0,547878.0,545957.0,541854.0
584668.0,586459.0,588985.0,591490.0,594388.0,595356.0,598845.0,600475.0,602730.0,601387.0,605350.0,604582.0,603207.0,601207.0,602636.0,603898.0,600704.0,601120.0,597890.0,596132.0,593018.0,592875.0,589232.0,586196.0
589288.0,594108.0,596015.0,601278.0,603234.0,606696.0,608777.0,613955.0,617424.0,615704.0,617288.0,617726.0,619669.0,614497.0,611424.0,608302.0,606656.0,603082.0,600981.0,597148.0,594562.0,595107.0,592274.0,590521.0
550957.0,552591.0,551330.0,550169.0,550952.0,550046.0,551128.0,552062.0,551860.0,553944.0,553501.0,552832.0,552667.0,551605.0,551698.0,550819.0,552852.0,553058.0,551288.0,551698.0,550117.0,549698.0,549593.0,549405.0
562601.0,566142.0,568043.0,571617.0,573451.0,572972.0,573951.0,578098.0,580090.0,578535.0,581972.0,581440.0,584602.0,587241.0,585335.0,582077.0,579503.0,577973.0,575508.0,574617.0,572774.0,571593.0,568136.0,565865.0
552260.0,559125.0,560601.0,563522.0,564555.0,565240.0,566749.0,564329.0,563341.0,561067.0,560131.0,559292.0,557827.0,560267.0,559059.0,562333.0,564298.0,565569.0,564442.0,560813.0,560250.0,557808.0,556185.0,554687.0
550724.0,552746.0,554272.0,554457.0,553623.0,552433.0,552454.0,554370.0,554776.0,552173.0,551891.0,553630.0,554394.0,554136.0,553876.0,555359.0,555097.0,555771.0,553853.0,552920.0,555615.0,555928.0,554709.0,552941.0
523317.0,523335.0,523682.0,524965.0,527708.0,528778.0,532790.0,535653.0,542212.0,545310.0,546884.0,549987.0,550875.0,552818.0,550424.0,550126.0,547617.0,545196.0,541036.0,538334.0,533620.0,531491.0,529614.0,526766.0
508310.0,512904.0,512271.0,513562.0,513822.0,515427.0,517024.0,517350.0,519569.0,519654.0,520746.0,518909.0,519832.0,520727.0,519232.0,519316.0,516309.0,515039.0,514971.0,511660.0,513470.0,511597.0,512100.0,509703.0
547660.0,548552.0,551362.0,551584.0,552448.0,551995.0,554073.0,554847.0,554679.0,552730.0,552563.0,554348.0,555202.0,555186.0,551933.0,552290.0,556859.0,557068.0,556132.0,554236.0,552776.0,553813.0,553595.0,550181.0
548545.0,548977.0,549074.0,550361.0,549610.0,550283.0,551588.0,551197.0,550506.0,550843.0,550817.0,548487.0,548271.0,548566.0,548198.0,548626.0,549457.0,549375.0,551674.0,552927.0,551388.0,552468.0,552109.0,550747.0
557037.0,557546.0,559324.0,560601.0,561260.0,564603.0,565352.0,567447.0,565831.0,564089.0,561366.0,558386.0,558623.0,559254.0,558465.0,561473.0,562443.0,562982.0,564651.0,569904.0,566052.0,565186.0,562278.0,560151.0
580256.0,581193.0,582032.0,581944.0,578854.0,579338.0,581808.0,578887.0,580011.0,580007.0,579586.0,579874.0,580298.0,580874.0,579447.0,580215.0,579387.0,578022.0,576499.0,577587.0,579095.0,579895.0,578586.0,579273.0
537901.0,541371.0,543356.0,544290.0,544931.0,546155.0,543431.0,542207.0,542948.0,544608.0,542497.0,543957.0,541407.0,546272.0,543938.0,545093.0,542713.0,546465.0,547323.0,547300.0,544960.0,543363.0,541130.0,541096.0
573995.0,575921.0,579182.0,578271.0,579444.0,580040.0,577062.0,575493.0,575344.0,575896.0,575522.0,576632.0,580148.0,579953.0,575438.0,576311.0,576582.0,576059.0,578349.0,578733.0,577974.0,578476.0,577272.0,575935.0
568834.0,572196.0,573914.0,576450.0,577750.0,577986.0,576684.0,575062.0,574014.0,574854.0,576916.0,576996.0,574413.0,573139.0,570423.0,571487.0,572593.0,577309.0,578373.0,576868.0,577562.0,577291.0,575684.0,573284.0
530546.0,531691.0,536710.0,539247.0,542367.0,544573.0,546600.0,548941.0,550025.0,548894.0,550044.0,548392.0,547947.0,545901.0,543732.0,543065.0,543611.0,542066.0,539218.0,539466.0,537672.0,533621.0,532464.0,531767.0
535158.0,536054.0,537421.0,540037.0,541474.0,542716.0,540985.0,542927.0,539622.0,538957.0,538940.0,540893.0,541564.0,540966.0,541798.0,541253.0,541819.0,541355.0,541411.0,539705.0,541253.0,540676.0,539503.0,537273.0
568678.0,570867.0,570112.0,571239.0,573199.0,574723.0,579090.0,579869.0,580414.0,580767.0,583951.0,584044.0,584705.0,582444.0,581929.0,581504.0,580267.0,578594.0,575851.0,574756.0,572923.0,571456.0,569741.0,568781.0
529391.0,532686.0,535999.0,534559.0,534623.0,536680.0,537458.0,536300.0,535161.0,533916.0,534408.0,533651.0,533097.0,534890.0,533887.0,532894.0,533235.0,535837.0,539463.0,537875.0,537212.0,537385.0,534644.0,530517.0
541169.0,544286.0,546787.0,546953.0,545000.0,545568.0,545029.0,544287.0,543530.0,544525.0,543059.0,542843.0,543679.0,546010.0,547522.0,548512.0,547726.0,546743.0,547606.0,547429.0,549219.0,546067.0,543456.0,541753.0
531292.0,531809.0,533861.0,535276.0,536884.0,536600.0,538782.0,541628.0,543240.0,544096.0,540778.0,543961.0,546883.0,547943.0,545499.0,543074.0,543177.0,541252.0,539326.0,537762.0,536903.0,535119.0,533279.0,532280.0
530002.0,530853.0,533667.0,534930.0,534824.0,535652.0,535304.0,536767.0,537996.0,538881.0,540038.0,539532.0,539539.0,540525.0,537942.0,535820.0,537339.0,536652.0,536758.0,535185.0,535178.0,534220.0,532494.0,531876.0
540117.0,540174.0,540243.0,541926.0,544944.0,542161.0,543220.0,545120.0,543854.0,545330.0,545099.0,543166.0,544001.0,545354.0,544025.0,545217.0,544547.0,543389.0,544382.0,542050.0,541815.0,540186.0,540465.0,542475.0
552064.0,555761.0,555411.0,556759.0,557962.0,559157.0,558436.0,558616.0,556513.0,558803.0,558379.0,558891.0,561943.0,560888.0,559811.0,559667.0,560128.0,557777.0,557761.0,556861.0,558360.0,554164.0,555436.0,553288.0
517234.0,520718.0,518732.0,522561.0,525880.0,528102.0,530231.0,533679.0,534011.0,537493.0,538168.0,539740.0,538394.0,541066.0,540916.0,540899.0,539381.0,537702.0,531291.0,532336.0,530943.0,526065.0,522485.0,520131.0
533094.0,534339.0,539509.0,541116.0,541507.0,545438.0,546898.0,549117.0,550366.0,550377.0,549462.0,551257.0,550525.0,548288.0,549797.0,548500.0,547700.0,547793.0,542945.0,541854.0,538928.0,539391.0,535657.0,532770.0
571130.0,574276.0,578598.0,582960.0,584871.0,587676.0,590696.0,594913.0,599147.0,601997.0,605270.0,609112.0,609525.0,605723.0,602212.0,596356.0,594666.0,591304.0,587245.0,583434.0,579477.0,576542.0,575014.0,573254.0
568512.0,571396.0,577491.0,579289.0,580572.0,582301.0,586287.0,586921.0,584381.0,582777.0,585007.0,583313.0,581056.0,578356.0,578397.0,580321.0,583854.0,583583.0,585239.0,583017.0,580809.0,576153.0,574755.0,570829.0
534821.0,536514.0,539560.0,541169.0,543230.0,548641.0,550686.0,551276.0,547678.0,546950.0,548260.0,546328.0,546987.0,547426.0,546675.0,545695.0,545402.0,544289.0,543810.0,541885.0,541653.0,541988.0,541177.0,537520.0
537238.0,542909.0,546468.0,554818.0,560388.0,561020.0,557619.0,555454.0,551231.0,550724.0,546799.0,546464.0,545600.0,546624.0,547793.0,549857.0,551311.0,552130.0,556034.0,557473.0,552560.0,547870.0,543458.0,539702.0
571216.0,573541.0,572404.0,572478.0,573278.0,575362.0,578716.0,580991.0,581325.0,581036.0,578643.0,580681.0,581841.0,583630.0,586627.0,587799.0,588720.0,589755.0,588881.0,584272.0,582296.0,579515.0,576189.0,571568.0
562544.0,564335.0,564281.0,563530.0,565676.0,566694.0,566860.0,567846.0,569350.0,569950.0,570049.0,569660.0,568291.0,568282.0,569397.0,570167.0,567054.0,567299.0,566359.0,567816.0,566936.0,567871.0,564981.0,562196.0
569182.0,568209.0,569185.0,571102.0,570834.0,572564.0,570180.0,569956.0,570751.0,571444.0,570762.0,571506.0,573421.0,572095.0,572108.0,572292.0,571760.0,570280.0,568424.0,570817.0,572361.0,571227.0,571489.0,570279.0
541386.0,544320.0,543799.0,546235.0,546293.0,546980.0,547635.0,550247.0,548236.0,545808.0,546932.0,546947.0,546032.0,545293.0,547878.0,545314.0,546659.0,545542.0,544410.0,544110.0,544318.0,543245.0,543894.0,541939.0
539310.0,542494.0,545474.0,546057.0,546493.0,547151.0,546532.0,550555.0,549867.0,546335.0,545610.0,547283.0,547560.0,549747.0,550575.0,550211.0,550416.0,552510.0,552460.0,548915.0,546053.0,544671.0,545554.0,542287.0
526338.0,530129.0,529845.0,526068.0,528985.0,530531.0,533408.0,532678.0,532711.0,532973.0,533548.0,535329.0,532881.0,533950.0,535902.0,534840.0,532708.0,531433.0,532394.0,530306.0,529032.0,531314.0,528474.0,525675.0
529927.0,534769.0,537282.0,535230.0,530758.0,529837.0,532947.0,532884.0,535435.0,532767.0,532247.0,532510.0,533335.0,530676.0,533008.0,533701.0,534090.0,534101.0,532193.0,534047.0,534622.0,535839.0,533012.0,531615.0
542033.0,544347.0,543772.0,545522.0,546460.0,548814.0,549573.0,552677.0,552130.0,553590.0,555528.0,554099.0,556546.0,555626.0,555273.0,552275.0,554756.0,550541.0,549713.0,547357.0,546683.0,542636.0,542989.0,543000.0
531938.0,532302.0,532036.0,532063.0,532916.0,530894.0,533151.0,533188.0,532134.0,532467.0,532843.0,532718.0,533258.0,532942.0,531223.0,532648.0,534237.0,533237.0,534872.0,533842.0,531487.0,531335.0,531768.0,531251.0
578288.0,582669.0,581996.0,583440.0,584201.0,583191.0,582180.0,584006.0,585641.0,582793.0,582099.0,581189.0,580265.0,583779.0,583919.0,586168.0,587144.0,585598.0,586237.0,583644.0,585704.0,584492.0,581386.0,582191.0
536818.0,536981.0,540106.0,541419.0,545316.0,545582.0,549691.0,551344.0,551801.0,555148.0,554663.0,557772.0,557975.0,556384.0,553705.0,552410.0,546006.0,543819.0,541591.0,541144.0,539162.0,536556.0,537786.0,536757.0
523571.0,523344.0,528418.0,530140.0,527974.0,525779.0,526941.0,528278.0,531873.0,533754.0,534088.0,533147.0,532011.0,533172.0,530791.0,530346.0,528485.0,527388.0,525495.0,527314.0,527231.0,528557.0,527351.0,525744.0
532619.0,535173.0,538353.0,540680.0,541617.0,538785.0,539059.0,538459.0,536393.0,536600.0,538721.0,538681.0,538273.0,539279.0,535571.0,535733.0,536151.0,538681.0,540282.0,536319.0,534631.0,535710.0,534360.0,533214.0
571079.0,575574.0,575947.0,579252.0,581422.0,580706.0,579166.0,579880.0,580482.0,577660.0,579469.0,579665.0,578961.0,580931.0,579190.0,579305.0,579959.0,578567.0,577906.0,577179.0,578235.0,577231.0,576946.0,574360.0
588871.0,594417.0,593917.0,593515.0,595622.0,591974.0,589682.0,589723.0,588443.0,589314.0,593613.0,594605.0,595887.0,595586.0,594544.0,593548.0,590741.0,588174.0,589796.0,593098.0,592738.0,591983.0,591792.0,591093.0
531182.0,531756.0,533313.0,533615.0,536049.0,535526.0,537022.0,538383.0,538502.0,539182.0,539620.0,540610.0,539951.0,540430.0,539022.0,538467.0,535934.0,533581.0,531603.0,534817.0,535076.0,534473.0,534086.0,532040.0
565105.0,565694.0,568885.0,573549.0,573174.0,573019.0,570010.0,570467.0,569931.0,571967.0,571602.0,571646.0,575678.0,577048.0,577062.0,573453.0,575022.0,574841.0,573733.0,571695.0,572072.0,574361.0,574178.0,570280.0
552986.0,557508.0,558295.0,556575.0,558045.0,556816.0,556005.0,558733.0,558500.0,556949.0,560891.0,558751.0,558229.0,560114.0,558391.0,557473.0,558589.0,556705.0,557669.0,558113.0,558723.0,556172.0,556961.0,558559.0
563720.0,564345.0,564325.0,565905.0,567970.0,568192.0,569948.0,569811.0,568714.0,569209.0,570038.0,569319.0,570378.0,573113.0,571817.0,570336.0,569372.0,569235.0,568830.0,569089.0,567489.0,566938.0,568003.0,564768.0
559930.0,558497.0,561442.0,560927.0,561644.0,562399.0,561145.0,562109.0,563403.0,566206.0,568056.0,572053.0,570481.0,569909.0,569425.0,568097.0,568037.0,566060.0,570542.0,570832.0,568142.0,563313.0,563915.0,560220.0
555622.0,556874.0,561413.0,566206.0,572338.0,573101.0,574131.0,578514.0,576421.0,573257.0,572745.0,569626.0,571224.0,570269.0,570341.0,572694.0,574589.0,575268.0,572191.0,574334.0,571662.0,566857.0,564111.0,559448.0
549107.0,549045.0,552355.0,557509.0,558735.0,562980.0,566355.0,569407.0,569593.0,571889.0,570549.0,572336.0,575720.0,574330.0,573555.0,574549.0,572857.0,568994.0,566324.0,557562.0,553727.0,550045.0,548253.0,547402.0
531335.0,534660.0,533883.0,536052.0,536696.0,538171.0,538137.0,542799.0,546708.0,547026.0,551057.0,548914.0,551003.0,553216.0,550944.0,551911.0,549324.0,546777.0,541296.0,543344.0,539492.0,537222.0,538642.0,532033.0
568261.0,571508.0,570245.0,570779.0,575816.0,577120.0,576145.0,577536.0,578851.0,580024.0,578725.0,582090.0,581256.0,581177.0,581823.0,582801.0,580254.0,581214.0,581315.0,579390.0,575455.0,575214.0,573880.0,571377.0
556008.0,558254.0,556104.0,556523.0,556961.0,557916.0,556318.0,557633.0,558565.0,556126.0,555870.0,559294.0,557671.0,555032.0,557289.0,557299.0,554144.0,556872.0,558835.0,557715.0,554704.0,556144.0,557439.0,556528.0
536936.0,537877.0,543838.0,544899.0,544372.0,540743.0,540656.0,542431.0,544847.0,546487.0,547122.0,549234.0,547833.0,546162.0,545725.0,544595.0,544297.0,542624.0,542657.0,542148.0,544115.0,542743.0,541808.0,535863.0
527171.0,527447.0,527169.0,524898.0,528883.0,532537.0,532437.0,535375.0,534282.0,533249.0,533331.0,532048.0,533035.0,531269.0,533757.0,536910.0,535770.0,535556.0,537563.0,534764.0,535025.0,535632.0,529229.0,529559.0
573982.0,576707.0,578640.0,580412.0,584126.0,585091.0,586264.0,586413.0,585215.0,588453.0,586995.0,588277.0,587000.0,586863.0,583877.0,584399.0,585623.0,587166.0,591185.0,590190.0,587917.0,587594.0,582812.0,579325.0
527975.0,528351.0,530550.0,531531.0,530464.0,530206.0,532233.0,532534.0,530787.0,529886.0,529921.0,530228.0,528320.0,527250.0,530884.0,530946.0,529916.0,532097.0,533273.0,532581.0,530250.0,529842.0,530331.0,529256.0
562811.0,564387.0,563357.0,563173.0,565971.0,566454.0,568503.0,570806.0,572761.0,571429.0,571800.0,572951.0,574482.0,574813.0,575626.0,574532.0,571664.0,571918.0,572067.0,570714.0,569781.0,571547.0,569909.0,567296.0
537790.0,540654.0,543487.0,544467.0,546650.0,547642.0,545646.0,545396.0,545548.0,546499.0,550132.0,551594.0,551957.0,551719.0,549925.0,548486.0,546543.0,546494.0,545264.0,545478.0,543999.0,542561.0,542254.0,537865.0
548866.0,548552.0,551253.0,552252.0,553260.0,553339.0,553561.0,554214.0,554011.0,555469.0,557642.0,558052.0,556778.0,557343.0,556421.0,554960.0,555020.0,555628.0,555680.0,553096.0,552268.0,552194.0,550601.0,551368.0
519228.0,520616.0,521977.0,522760.0,522747.0,520977.0,520426.0,523725.0,522569.0,521280.0,523587.0,524156.0,525277.0,524471.0,523759.0,521395.0,523520.0,523227.0,521103.0,523599.0,522027.0,520862.0,522439.0,520841.0
534056.0,538258.0,537484.0,539666.0,539718.0,538594.0,538699.0,535891.0,538438.0,538591.0,539235.0,540904.0,539060.0,538505.0,536895.0,536786.0,536118.0,536162.0,537867.0,539757.0,540980.0,537798.0,538566.0,533964.0
565416.0,567922.0,572500.0,571422.0,576181.0,576957.0,579099.0,579790.0,578637.0,580178.0,576556.0,579542.0,580534.0,579447.0,579410.0,578977.0,578993.0,577927.0,575745.0,576445.0,570656.0,569218.0,567115.0,568005.0
554639.0,556678.0,556785.0,560409.0,564112.0,565118.0,565740.0,567632.0,566452.0,564839.0,564477.0,561956.0,559677.0,562773.0,561623.0,563712.0,565889.0,565266.0,566516.0,566114.0,565149.0,561140.0,560889.0,557343.0
533283.0,535164.0,539453.0,542803.0,542089.0,540418.0,544338.0,543743.0,540199.0,538949.0,539095.0,539618.0,540567.0,544019.0,543279.0,544797.0,546872.0,547637.0,544201.0,541304.0,539762.0,539539.0,537114.0,533809.0
554773.0,555422.0,555189.0,559288.0,558782.0,561054.0,560296.0,560354.0,562506.0,564087.0,565711.0,567901.0,568161.0,569418.0,569583.0,569340.0,568483.0,566106.0,562455.0,562061.0,559526.0,561270.0,557091.0,556911.0
526605.0,529676.0,533048.0,533515.0,535361.0,535035.0,534349.0,537832.0,532522.0,530839.0,529770.0,531219.0,531796.0,533149.0,533117.0,534477.0,533576.0,533678.0,534478.0,530540.0,529673.0,529761.0,526961.0,528583.0
535483.0,535753.0,537361.0,538152.0,538615.0,540117.0,537167.0,540648.0,537193.0,536597.0,537676.0,536204.0,538653.0,538273.0,537247.0,540151.0,537201.0,538845.0,537514.0,536020.0,538224.0,535104.0,537068.0,535262.0
539648.0,544868.0,546676.0,549617.0,549820.0,550972.0,553431.0,554388.0,556382.0,555944.0,558361.0,556308.0,555656.0,553589.0,552902.0,554504.0,554235.0,551660.0,549389.0,547088.0,547522.0,545850.0,543931.0,543035.0
552995.0,555490.0,556005.0,559254.0,562957.0,567094.0,572462.0,576257.0,580641.0,584374.0,588321.0,590781.0,592164.0,590917.0,591497.0,587185.0,582704.0,577163.0,574506.0,567091.0,560836.0,558325.0,556996.0,555225.0
526116.0,531472.0,530962.0,530331.0,529540.0,530544.0,529838.0,528559.0,527332.0,529283.0,530476.0,532965.0,531415.0,529905.0,528997.0,527930.0,527442.0,530089.0,530354.0,531041.0,528699.0,529852.0,528501.0,526261.0
521002.0,525983.0,526721.0,523705.0,522327.0,523123.0,524548.0,527532.0,524662.0,523910.0,522499.0,523535.0,524815.0,524728.0,522655.0,524904.0,524042.0,525489.0,526395.0,526884.0,525508.0,526877.0,524808.0,523294.0
534176.0,537190.0,535864.0,535759.0,533003.0,535498.0,537562.0,535891.0,536017.0,535630.0,537041.0,536992.0,537741.0,536115.0,537430.0,536264.0,536315.0,536000.0,536605.0,535100.0,534874.0,537131.0,536168.0,536038.0
558320.0,558406.0,561540.0,560994.0,561713.0,562647.0,563911.0,564371.0,565935.0,564225.0,564482.0,564946.0,564661.0,564849.0,563536.0,565621.0,566433.0,566885.0,567218.0,567160.0,564425.0,563838.0,562590.0,559470.0
548895.0,552011.0,559165.0,562949.0,564344.0,570050.0,574579.0,579449.0,584477.0,587288.0,587047.0,586213.0,586963.0,584990.0,583885.0,579918.0,579688.0,575917.0,571294.0,566443.0,564697.0,562871.0,559337.0,553820.0
554268.0,557356.0,558581.0,558184.0,557535.0,560220.0,562396.0,564537.0,564215.0,568626.0,568062.0,565119.0,564581.0,567696.0,570256.0,567262.0,565746.0,563488.0,564931.0,563796.0,564673.0,562275.0,558604.0,556441.0
539127.0,542017.0,544341.0,544891.0,541455.0,543800.0,546888.0,548250.0,543456.0,541722.0,543438.0,544248.0,548398.0,544113.0,541778.0,542706.0,544033.0,541477.0,543548.0,542927.0,543662.0,548056.0,543918.0,539583.0
526667.0,528408.0,529636.0,531917.0,534954.0,534658.0,535815.0,534791.0,534504.0,535047.0,531146.0,534227.0,532696.0,531008.0,529263.0,528909.0,528628.0,533177.0,533131.0,535161.0,533747.0,530050.0,531712.0,527534.0
547300.0,550848.0,556497.0,562263.0,562312.0,564665.0,562965.0,560630.0,558396.0,555400.0,553990.0,551980.0,554150.0,554540.0,558334.0,562693.0,562162.0,562188.0,560106.0,555673.0,553079.0,548553.0,547257.0,546507.0
546360.0,546989.0,547312.0,550895.0,552147.0,549660.0,549244.0,549732.0,552214.0,552451.0,552208.0,549403.0,553310.0,552879.0,552704.0,550976.0,549682.0,550875.0,551459.0,551565.0,551159.0,551832.0,549833.0,549459.0
565109.0,569825.0,571740.0,575317.0,579385.0,588567.0,594211.0,592697.0,596394.0,597590.0,593441.0,594406.0,593612.0,591991.0,597976.0,600764.0,602259.0,600397.0,599203.0,597037.0,587845.0,579597.0,575837.0,568924.0
547268.0,548956.0,549647.0,550422.0,552450.0,552204.0,552267.0,550184.0,552666.0,550310.0,552599.0,551868.0,553127.0,552525.0,551988.0,552429.0,553788.0,551724.0,553067.0,552893.0,552274.0,551613.0,550912.0,549051.0
559458.0,561668.0,563604.0,565815.0,569343.0,569410.0,568373.0,569586.0,572139.0,574367.0,579477.0,578890.0,579766.0,577433.0,574307.0,573016.0,571190.0,570930.0,573341.0,571560.0,569015.0,565151.0,560369.0,559622.0
518216.0,521183.0,524124.0,528228.0,530425.0,531382.0,531424.0,530645.0,527820.0,527004.0,527191.0,524641.0,523613.0,520777.0,524593.0,529321.0,532420.0,531672.0,527342.0,524749.0,525166.0,525986.0,524554.0,521004.0
526726.0,528531.0,531031.0,532350.0,531916.0,532132.0,530525.0,530285.0,529579.0,528592.0,530271.0,534270.0,532020.0,533071.0,531295.0,529646.0,529998.0,529211.0,530753.0,532785.0,534416.0,532598.0,530930.0,528125.0
530100.0,533851.0,535543.0,538752.0,541894.0,543482.0,542235.0,544389.0,542783.0,544073.0,541788.0,539987.0,540340.0,540751.0,540612.0,541517.0,543955.0,542445.0,542549.0,540877.0,536154.0,533042.0,530775.0,529050.0
570918.0,573243.0,575924.0,579718.0,583740.0,584365.0,584488.0,586713.0,592010.0,594070.0,597221.0,598049.0,598307.0,599349.0,595433.0,591344.0,590865.0,587811.0,586230.0,583797.0,581287.0,577085.0,576486.0,573117.0
523327.0,525666.0,526855.0,528265.0,529916.0,532746.0,532918.0,535743.0,533780.0,528098.0,525825.0,527026.0,526514.0,526406.0,528838.0,531525.0,530820.0,529401.0,531414.0,529692.0,527934.0,525911.0,524594.0,522632.0
548578.0,551639.0,551114.0,552160.0,552569.0,552640.0,552455.0,555720.0,556154.0,556834.0,557878.0,555443.0,556186.0,558756.0,557750.0,557849.0,558305.0,554998.0,555093.0,555887.0,552400.0,551990.0,551870.0,551028.0
556399.0,557593.0,559611.0,560719.0,560531.0,561185.0,560800.0,562024.0,561376.0,562500.0,561461.0,561017.0,558492.0,562350.0,564260.0,563012.0,564317.0,560970.0,563950.0,558517.0,561377.0,558057.0,562228.0,559210.0
555822.0,558619.0,559134.0,560663.0,559708.0,560718.0,563838.0,562895.0,563628.0,562167.0,559529.0,557434.0,557934.0,557679.0,559441.0,560929.0,559092.0,559621.0,563740.0,563166.0,562286.0,561649.0,561889.0,557799.0
558958.0,563842.0,564785.0,565654.0,563886.0,561423.0,562291.0,566636.0,564872.0,565946.0,564486.0,566198.0,566871.0,565322.0,563721.0,565268.0,564076.0,566138.0,563152.0,562590.0,564377.0,564221.0,562321.0,561862.0
554122.0,556976.0,558049.0,558980.0,560470.0,559960.0,557011.0,556237.0,558570.0,559148.0,559221.0,557987.0,560020.0,561451.0,561348.0,561881.0,561362.0,559718.0,560089.0,560540.0,558532.0,557460.0,558784.0,556448.0
566206.0,569962.0,572294.0,578361.0,584836.0,593761.0,601837.0,608861.0,612537.0,618552.0,624133.0,626491.0,627716.0,626161.0,619845.0,615167.0,607234.0,600013.0,590775.0,585337.0,579289.0,573729.0,569239.0,565882.0
550678.0,552115.0,553186.0,555156.0,555324.0,555689.0,558094.0,559702.0,560078.0,559452.0,559401.0,561561.0,562225.0,562032.0,558296.0,559548.0,561019.0,562465.0,560021.0,557802.0,556292.0,557497.0,557080.0,553439.0
544356.0,548546.0,548781.0,549411.0,552207.0,553192.0,552883.0,554243.0,555495.0,557251.0,557219.0,556323.0,557856.0,556121.0,556557.0,557666.0,552141.0,555882.0,550354.0,550643.0,550599.0,547548.0,547942.0,547348.0
548523.0,549787.0,549517.0,550203.0,548099.0,547466.0,545532.0,547109.0,547830.0,549749.0,548938.0,550168.0,546971.0,547118.0,547022.0,546254.0,547671.0,549024.0,548322.0,550189.0,548284.0,548376.0,547866.0,547554.0
578375.0,583642.0,584371.0,583200.0,584003.0,583995.0,581493.0,584970.0,583815.0,582051.0,584250.0,584558.0,583983.0,583366.0,581220.0,582010.0,582400.0,582277.0,585943.0,583618.0,582468.0,584413.0,584431.0,582236.0
530850.0,530973.0,530823.0,531855.0,532075.0,532939.0,535328.0,535447.0,536879.0,535556.0,536894.0,537305.0,537135.0,537228.0,537938.0,537602.0,537815.0,535785.0,532137.0,533828.0,535619.0,534889.0,532516.0,533342.0
539592.0,538932.0,541961.0,544188.0,548213.0,553588.0,554659.0,557300.0,557510.0,556815.0,557404.0,559582.0,559016.0,559980.0,559917.0,560286.0,559664.0,559156.0,556921.0,553505.0,549461.0,547409.0,543117.0,540384.0
516018.0,516111.0,517335.0,516115.0,517078.0,517016.0,516687.0,515917.0,517899.0,518183.0,516973.0,518196.0,518651.0,518365.0,518639.0,522075.0,521201.0,518581.0,517338.0,518780.0,516188.0,513191.0,514525.0,515910.0
556223.0,556754.0,557581.0,556904.0,557530.0,560399.0,558884.0,557013.0,558251.0,558985.0,558303.0,558476.0,557355.0,558388.0,555727.0,554842.0,556464.0,559546.0,559556.0,557921.0,559584.0,559523.0,558374.0,555489.0
537616.0,540094.0,542105.0,545261.0,544298.0,545152.0,543344.0,540301.0,541971.0,541831.0,542293.0,545137.0,543376.0,544554.0,544196.0,547316.0,545113.0,545745.0,544906.0,542038.0,542944.0,541014.0,539670.0,539997.0
579486.0,577835.0,577186.0,580106.0,578069.0,578012.0,578581.0,580293.0,580701.0,580090.0,581078.0,579687.0,580417.0,582328.0,581732.0,581459.0,581209.0,582433.0,580437.0,578764.0,579366.0,578032.0,579130.0,578501.0
522589.0,525944.0,525319.0,529751.0,527522.0,530693.0,532316.0,530034.0,533664.0,530778.0,531864.0,529504.0,527853.0,532540.0,531323.0,528429.0,529712.0,527710.0,529153.0,524489.0,523764.0,524819.0,524349.0,524449.0
545505.0,544225.0,544725.0,545698.0,550972.0,550708.0,555568.0,554994.0,553856.0,554340.0,554650.0,551517.0,554836.0,555063.0,554501.0,555023.0,555523.0,555079.0,556130.0,554237.0,554176.0,550703.0,550466.0,546745.0
552270.0,554822.0,557645.0,558659.0,558486.0,557952.0,557051.0,558118.0,556992.0,558690.0,556918.0,555662.0,555195.0,556894.0,555708.0,558840.0,556712.0,557881.0,556804.0,557000.0,556728.0,557805.0,554913.0,553767.0
538568.0,540496.0,540864.0,542109.0,542927.0,544622.0,544625.0,545100.0,543688.0,542869.0,543332.0,543971.0,545521.0,547113.0,546349.0,543878.0,542252.0,543683.0,544216.0,545362.0,546040.0,546437.0,544534.0,539652.0
539934.0,542410.0,543617.0,548277.0,548591.0,550431.0,550703.0,546691.0,546989.0,549324.0,547581.0,551266.0,548957.0,549108.0,546667.0,546945.0,545415.0,544148.0,546962.0,546904.0,549267.0,549682.0,546545.0,543992.0
548585.0,550521.0,553157.0,558597.0,554918.0,555783.0,556858.0,557211.0,552844.0,552356.0,553135.0,553794.0,552007.0,554418.0,554064.0,555983.0,552978.0,553978.0,554821.0,557512.0,554550.0,553858.0,551839.0,551511.0
556599.0,559525.0,561624.0,561017.0,562319.0,562573.0,566283.0,567796.0,566997.0,567451.0,566992.0,565486.0,567091.0,563905.0,562944.0,562765.0,561098.0,558541.0,556853.0,557811.0,557665.0,558034.0,556451.0,555184.0
540805.0,541955.0,543046.0,544148.0,541016.0,543815.0,543545.0,543147.0,543547.0,546222.0,547173.0,546326.0,546011.0,546932.0,548432.0,547936.0,547064.0,543470.0,543653.0,542825.0,544034.0,545543.0,546546.0,545993.0
562813.0,566727.0,568152.0,567020.0,567228.0,566906.0,571875.0,570030.0,565598.0,566658.0,567201.0,563199.0,564682.0,564888.0,566659.0,565426.0,565312.0,566797.0,568413.0,566628.0,565121.0,562489.0,566818.0,566624.0
566388.0,569178.0,572672.0,573962.0,573230.0,573836.0,571837.0,571031.0,571619.0,570280.0,569002.0,571658.0,570900.0,569869.0,569243.0,570126.0,573350.0,572600.0,572000.0,571659.0,572471.0,571360.0,572510.0,566997.0
563159.0,566293.0,567003.0,569034.0,575773.0,577709.0,577003.0,579238.0,578927.0,577694.0,575199.0,571754.0,571506.0,569257.0,570005.0,572560.0,575390.0,579967.0,579114.0,579635.0,575599.0,568280.0,566050.0,564811.0
560291.0,563237.0,566641.0,570593.0,574543.0,579862.0,576685.0,573834.0,575445.0,572577.0,576119.0,581213.0,580778.0,580758.0,579097.0,574476.0,569842.0,571401.0,571476.0,573133.0,575321.0,570257.0,567678.0,563547.0
516442.0,519498.0,520981.0,520723.0,522296.0,526331.0,526589.0,529012.0,532452.0,534735.0,538935.0,539977.0,538528.0,539498.0,540232.0,538940.0,536455.0,535162.0,531291.0,528556.0,527037.0,522504.0,521792.0,520802.0
518376.0,520397.0,520745.0,524050.0,523984.0,525484.0,524477.0,527769.0,529194.0,531207.0,531649.0,528950.0,528194.0,527321.0,525634.0,524402.0,526366.0,525202.0,524498.0,526166.0,524632.0,523004.0,521891.0,518056.0
563477.0,562925.0,564853.0,565293.0,566326.0,567600.0,571147.0,571462.0,573583.0,576905.0,578031.0,579176.0,580106.0,578534.0,579123.0,578033.0,574039.0,571630.0,572115.0,570062.0,568426.0,566452.0,563805.0,564473.0
530105.0,530985.0,535877.0,541203.0,543451.0,544872.0,545488.0,543725.0,542046.0,541858.0,540043.0,539825.0,541265.0,540640.0,539279.0,541741.0,541350.0,542280.0,544346.0,542527.0,542556.0,541128.0,537224.0,534414.0
551868.0,555753.0,556005.0,558171.0,557607.0,557234.0,556435.0,555807.0,556658.0,556366.0,558396.0,557425.0,559268.0,556837.0,555779.0,551757.0,554411.0,555057.0,553823.0,557246.0,557576.0,554852.0,551823.0,551160.0
560215.0,561151.0,563550.0,562834.0,563615.0,560884.0,560992.0,561069.0,560383.0,563341.0,563208.0,564563.0,564072.0,562172.0,560176.0,559638.0,563714.0,567292.0,566759.0,565342.0,563176.0,562242.0,562715.0,560647.0
562258.0,563200.0,566281.0,566495.0,568974.0,570488.0,571498.0,572687.0,570407.0,571168.0,572314.0,572129.0,572061.0,571654.0,570556.0,571288.0,569297.0,569686.0,569096.0,567083.0,566711.0,568346.0,566313.0,562348.0
538556.0,539116.0,539122.0,541704.0,544079.0,548235.0,547379.0,549533.0,550717.0,549717.0,547724.0,549278.0,548069.0,547582.0,546778.0,547697.0,546024.0,545168.0,542942.0,542627.0,540371.0,539416.0,537635.0,537799.0
527911.0,529641.0,534788.0,538986.0,541069.0,542273.0,542406.0,540512.0,539280.0,535081.0,529762.0,530319.0,530626.0,531835.0,534537.0,535311.0,539987.0,542515.0,541382.0,538933.0,534924.0,533195.0,531053.0,529318.0
534459.0,535305.0,535926.0,538006.0,538231.0,539054.0,535842.0,536428.0,539054.0,540282.0,542122.0,542389.0,542362.0,542807.0,544180.0,540498.0,540720.0,539231.0,540650.0,540915.0,539517.0,537648.0,539136.0,536234.0
543162.0,543050.0,547488.0,547557.0,546112.0,547806.0,551220.0,553754.0,552276.0,551593.0,554162.0,555761.0,556466.0,553337.0,555475.0,552769.0,552636.0,551705.0,550869.0,547760.0,546539.0,545464.0,544609.0,544538.0
537212.0,540403.0,543371.0,545912.0,547138.0,553108.0,558945.0,565414.0,572697.0,576359.0,580398.0,583952.0,586235.0,585085.0,583244.0,579253.0,575122.0,570726.0,562942.0,556560.0,551620.0,547089.0,543596.0,539763.0
538010.0,542846.0,546872.0,543060.0,544129.0,545875.0,542236.0,541079.0,543546.0,544735.0,542119.0,540541.0,544279.0,542013.0,542390.0,546100.0,547184.0,541859.0,544087.0,545043.0,543919.0,541475.0,544149.0,542298.0
538880.0,540765.0,541314.0,541746.0,545269.0,545265.0,543673.0,541323.0,541536.0,542430.0,541588.0,542813.0,543478.0,546154.0,546336.0,543764.0,544749.0,546235.0,544214.0,545416.0,544417.0,543362.0,543480.0,540617.0
540954.0,544620.0,544682.0,546262.0,550546.0,551417.0,552316.0,557586.0,558987.0,557097.0,558469.0,556006.0,554601.0,553665.0,554742.0,552967.0,551946.0,549237.0,547295.0,548188.0,546794.0,545706.0,543431.0,541908.0
535867.0,541450.0,540352.0,547774.0,549006.0,558813.0,561473.0,570661.0,571162.0,574752.0,573569.0,575056.0,571065.0,571733.0,566102.0,569465.0,562848.0,563031.0,557292.0,555421.0,547262.0,546637.0,542792.0,540321.0
593589.0,594834.0,593608.0,596474.0,599142.0,599400.0,600315.0,600704.0,600667.0,601508.0,602383.0,601952.0,601498.0,599506.0,601495.0,599686.0,600811.0,597603.0,594051.0,594803.0,596041.0,597699.0,597520.0,598389.0
532763.0,533463.0,537439.0,534194.0,535501.0,538601.0,536986.0,535627.0,540893.0,540004.0,540234.0,540611.0,541564.0,538760.0,539962.0,538683.0,538631.0,538203.0,537047.0,536176.0,536536.0,534047.0,533072.0,534863.0
553743.0,558061.0,559950.0,562571.0,564722.0,566020.0,570358.0,572699.0,573453.0,573858.0,576054.0,577070.0,576059.0,578705.0,578513.0,579885.0,577987.0,576327.0,574539.0,569877.0,564504.0,561285.0,559184.0,556784.0
541586.0,543758.0,542849.0,542455.0,544755.0,543753.0,544720.0,545708.0,545105.0,543459.0,543886.0,543867.0,543177.0,542041.0,541304.0,542490.0,544308.0,545239.0,544120.0,545626.0,545823.0,545487.0,541982.0,542194.0
569548.0,571499.0,570075.0,570569.0,572024.0,573142.0,573703.0,574922.0,577701.0,576328.0,575740.0,574263.0,573164.0,573199.0,571656.0,571650.0,572719.0,573039.0,572656.0,572367.0,572648.0,569867.0,567936.0,567809.0
534120.0,535618.0,538430.0,537238.0,538252.0,540026.0,540257.0,539933.0,539140.0,538142.0,538316.0,535892.0,535949.0,537389.0,539578.0,539317.0,539742.0,539560.0,540860.0,538066.0,538893.0,537379.0,536353.0,535618.0
554229.0,553281.0,557311.0,556329.0,556113.0,559117.0,557088.0,556559.0,558003.0,556612.0,556921.0,558610.0,557085.0,558743.0,557071.0,559189.0,559835.0,556159.0,558747.0,559237.0,556523.0,556810.0,558118.0,555542.0
574429.0,575539.0,576236.0,575224.0,574753.0,577573.0,576738.0,575399.0,574084.0,575695.0,575484.0,575552.0,577553.0,577388.0,577470.0,577041.0,577637.0,575751.0,575265.0,574372.0,575309.0,575594.0,576264.0,576676.0
547869.0,552644.0,554193.0,556296.0,559455.0,564931.0,562837.0,561374.0,561388.0,562161.0,562914.0,557868.0,560676.0,559892.0,561299.0,561498.0,559674.0,564972.0,563806.0,561369.0,563497.0,560919.0,558420.0,554388.0
544873.0,545115.0,544822.0,546316.0,545164.0,548327.0,550653.0,551618.0,552241.0,552838.0,555490.0,553668.0,555290.0,554441.0,551892.0,552362.0,550100.0,550556.0,546783.0,546700.0,547679.0,542714.0,544635.0,544059.0
578938.0,581232.0,582522.0,584651.0,588863.0,588404.0,588592.0,588084.0,586886.0,585425.0,585363.0,586604.0,586362.0,585585.0,586316.0,588345.0,590802.0,590279.0,590138.0,592309.0,589837.0,586975.0,583386.0,579668.0
519122.0,522292.0,523799.0,525008.0,527623.0,531318.0,532687.0,533979.0,539266.0,541065.0,543585.0,543898.0,546920.0,547498.0,545503.0,544180.0,542083.0,537896.0,536041.0,531261.0,527642.0,526757.0,524703.0,520882.0
548925.0,552668.0,551627.0,553925.0,554970.0,555857.0,558447.0,559310.0,561683.0,561060.0,560049.0,561309.0,562379.0,561702.0,558965.0,555920.0,555194.0,553141.0,552669.0,550834.0,549706.0,548439.0,546500.0,549889.0
528665.0,528234.0,528111.0,531746.0,534933.0,536516.0,538041.0,539330.0,539877.0,539147.0,539204.0,539679.0,538449.0,537847.0,537351.0,535913.0,538082.0,539337.0,541972.0,541446.0,541595.0,540802.0,536652.0,532053.0
520175.0,524220.0,524169.0,530629.0,533366.0,538304.0,538112.0,539351.0,537324.0,533513.0,531196.0,526976.0,525445.0,528391.0,531578.0,535087.0,539420.0,540090.0,540106.0,538070.0,535383.0,530999.0,526380.0,522068.0
537496.0,543365.0,544866.0,548675.0,549989.0,549461.0,552200.0,549891.0,552465.0,551361.0,551144.0,553065.0,552695.0,554758.0,555339.0,555696.0,555533.0,555280.0,557483.0,553832.0,553797.0,547843.0,543573.0,539543.0
545045.0,550008.0,549124.0,552712.0,555228.0,556845.0,558419.0,561257.0,566431.0,568232.0,568276.0,569676.0,568409.0,566192.0,566451.0,568065.0,565519.0,562935.0,561830.0,554600.0,553112.0,550684.0,546776.0,545862.0
531025.0,530052.0,530443.0,531856.0,532595.0,530828.0,534327.0,536607.0,537886.0,538840.0,540424.0,542010.0,543174.0,542935.0,542654.0,541686.0,541639.0,541741.0,538181.0,539214.0,535992.0,533055.0,534556.0,531472.0
536336.0,539626.0,540675.0,546005.0,550350.0,551274.0,553318.0,552599.0,551389.0,554105.0,552294.0,551348.0,551349.0,549475.0,551615.0,552469.0,551021.0,551934.0,547866.0,546922.0,544279.0,540884.0,539952.0,537483.0
549425.0,548117.0,549738.0,553445.0,556443.0,556223.0,556963.0,560608.0,562413.0,563282.0,563084.0,564448.0,564135.0,565307.0,564471.0,563001.0,565450.0,565139.0,562399.0,564306.0,561632.0,560151.0,555940.0,554302.0
521195.0,523477.0,524181.0,528969.0,529841.0,531293.0,533371.0,533310.0,532483.0,527682.0,527976.0,527226.0,527846.0,524992.0,526967.0,527781.0,529900.0,531906.0,532987.0,533870.0,530879.0,529723.0,527332.0,523637.0
574393.0,576142.0,576562.0,576030.0,578096.0,578558.0,578351.0,577759.0,579128.0,577321.0,576874.0,577074.0,577539.0,575599.0,576102.0,578531.0,578047.0,580860.0,577697.0,576730.0,577714.0,578305.0,577293.0,575705.0
577325.0,578620.0,580415.0,579647.0,582250.0,581402.0,580911.0,581040.0,580824.0,582343.0,583475.0,582402.0,582994.0,583440.0,581811.0,581869.0,582327.0,583452.0,585279.0,584015.0,585034.0,582921.0,581535.0,580701.0
545908.0,547568.0,547950.0,548890.0,548766.0,550130.0,548607.0,549811.0,552262.0,552535.0,551559.0,552402.0,550514.0,549773.0,551564.0,551059.0,549557.0,549636.0,548088.0,548095.0,548767.0,547559.0,547740.0,547272.0
552372.0,552850.0,556592.0,556986.0,558011.0,556011.0,559309.0,560144.0,559662.0,559483.0,559570.0,559309.0,558105.0,556153.0,554631.0,555280.0,553798.0,556040.0,556121.0,555388.0,555613.0,553410.0,553715.0,554095.0
537263.0,540299.0,544515.0,544419.0,545295.0,543843.0,543163.0,542068.0,543551.0,545406.0,544124.0,539520.0,539221.0,538077.0,541239.0,542443.0,541717.0,541840.0,539163.0,540787.0,539964.0,541176.0,540260.0,538761.0
590669.0,592454.0,595985.0,596363.0,597349.0,600309.0,602294.0,607510.0,608096.0,606579.0,609326.0,608694.0,609434.0,606343.0,606441.0,605861.0,605020.0,603125.0,597581.0,595891.0,597850.0,596170.0,594071.0,590465.0
557996.0,561698.0,567163.0,570789.0,575127.0,579240.0,582778.0,584333.0,586167.0,587118.0,588409.0,588172.0,586388.0,581112.0,577443.0,575338.0,571126.0,569618.0,570037.0,568583.0,564412.0,561651.0,561180.0,560378.0
515287.0,517868.0,521668.0,524426.0,527105.0,526917.0,525903.0,525561.0,521707.0,520887.0,521985.0,525466.0,529806.0,529439.0,528580.0,526737.0,526021.0,527199.0,526729.0,526327.0,528935.0,527261.0,523366.0,520332.0
565638.0,567925.0,569131.0,575108.0,576200.0,572772.0,574911.0,574257.0,570357.0,570501.0,568197.0,566991.0,569154.0,569581.0,568377.0,569719.0,569962.0,571391.0,572185.0,571748.0,571884.0,573852.0,571568.0,567859.0
552314.0,552975.0,554105.0,552695.0,553330.0,556599.0,554474.0,552000.0,552585.0,553408.0,551495.0,552411.0,552338.0,551939.0,550123.0,552585.0,552864.0,552255.0,551818.0,554725.0,552588.0,554638.0,555790.0,553990.0
560476.0,562762.0,564584.0,566143.0,567886.0,571301.0,574661.0,576177.0,576712.0,574588.0,573999.0,574009.0,574210.0,573663.0,571924.0,571468.0,574133.0,574815.0,569533.0,565058.0,562707.0,564171.0,562928.0,562796.0
558725.0,560534.0,558672.0,559998.0,559454.0,558893.0,560777.0,560980.0,563321.0,563754.0,566217.0,564875.0,566673.0,568160.0,568446.0,571217.0,569493.0,568072.0,567161.0,568700.0,565833.0,565512.0,564368.0,561685.0
565386.0,565697.0,566164.0,567767.0,567178.0,567301.0,568646.0,568203.0,567291.0,567944.0,568858.0,569238.0,570672.0,569663.0,569720.0,568391.0,566844.0,566343.0,567239.0,567318.0,568645.0,568738.0,570180.0,568178.0
534419.0,535365.0,538095.0,540236.0,540904.0,541156.0,542140.0,541967.0,545729.0,543995.0,545980.0,546996.0,545381.0,545871.0,545290.0,540534.0,538985.0,538555.0,539206.0,537863.0,537581.0,538712.0,537495.0,535365.0
551819.0,555209.0,557149.0,558237.0,561433.0,561625.0,561976.0,562683.0,563538.0,561908.0,562399.0,562585.0,564698.0,563497.0,564154.0,562852.0,559375.0,559320.0,557200.0,557411.0,557789.0,556019.0,556218.0,556478.0
565391.0,570694.0,571061.0,568894.0,569514.0,570048.0,569119.0,564604.0,566251.0,566541.0,568637.0,568362.0,568138.0,568281.0,569376.0,569278.0,567846.0,568752.0,568530.0,567293.0,567856.0,569255.0,567567.0,564864.0
517362.0,519307.0,520201.0,521933.0,522855.0,522875.0,522809.0,522734.0,523220.0,522028.0,524195.0,526254.0,525684.0,526874.0,526990.0,526884.0,524553.0,522775.0,522266.0,523275.0,523711.0,523415.0,520142.0,518434.0
570696.0,573234.0,571279.0,571446.0,574086.0,574926.0,575019.0,576159.0,573770.0,573338.0,574866.0,573371.0,573083.0,575397.0,576089.0,576307.0,574596.0,574907.0,576480.0,575685.0,572255.0,572673.0,573643.0,571463.0
551078.0,553634.0,557778.0,560608.0,562726.0,561550.0,557683.0,557063.0,558723.0,559256.0,557828.0,556806.0,554556.0,555410.0,556904.0,559463.0,561092.0,559408.0,556472.0,556375.0,556165.0,557536.0,557465.0,553593.0
535602.0,534703.0,537031.0,536486.0,536459.0,537073.0,537377.0,536579.0,536136.0,536866.0,538056.0,539202.0,538781.0,537807.0,537339.0,537726.0,538480.0,538503.0,535943.0,536943.0,537405.0,536221.0,536337.0,537565.0
552804.0,552046.0,553582.0,553444.0,553567.0,553808.0,554788.0,553792.0,553146.0,554461.0,554140.0,557481.0,557385.0,555506.0,556920.0,555268.0,557118.0,555110.0,555652.0,554780.0,553064.0,553486.0,554045.0,555583.0
521474.0,523796.0,525487.0,527289.0,529145.0,533134.0,535468.0,536194.0,537131.0,538737.0,538882.0,537806.0,536931.0,540273.0,541244.0,537509.0,534008.0,534642.0,533721.0,531769.0,528266.0,527303.0,526429.0,523710.0
532676.0,533728.0,534236.0,535835.0,536222.0,535569.0,535514.0,539413.0,538098.0,538536.0,539688.0,540222.0,538297.0,538829.0,540675.0,539178.0,539087.0,536343.0,536404.0,535430.0,535899.0,535235.0,534490.0,535268.0
552415.0,553364.0,553285.0,552772.0,554532.0,555825.0,557737.0,558085.0,557369.0,556677.0,557827.0,556972.0,555789.0,558248.0,558695.0,559220.0,558001.0,556958.0,556771.0,559712.0,557647.0,555713.0,556394.0,553328.0
596595.0,601934.0,600037.0,603264.0,601274.0,598818.0,601876.0,602864.0,603995.0,604285.0,604491.0,602396.0,600342.0,601217.0,599450.0,600755.0,599187.0,598794.0,599165.0,598865.0,600106.0,599616.0,598470.0,596620.0
529392.0,529386.0,529248.0,528340.0,531100.0,532071.0,533578.0,533967.0,535593.0,535394.0,536861.0,537453.0,536859.0,533765.0,535655.0,534724.0,533311.0,531896.0,532069.0,529511.0,530399.0,530353.0,529181.0,528424.0
562395.0,565671.0,564253.0,567751.0,566792.0,568198.0,570012.0,565674.0,565179.0,564769.0,566680.0,567648.0,567284.0,567623.0,568011.0,564588.0,564912.0,562679.0,566308.0,565939.0,566018.0,567590.0,566506.0,566608.0
568809.0,571422.0,572955.0,572389.0,570988.0,570921.0,570461.0,571385.0,571513.0,571793.0,569881.0,571397.0,570989.0,570706.0,570530.0,568629.0,571106.0,570863.0,572531.0,569640.0,569942.0,570767.0,571399.0,568580.0
534062.0,538376.0,537660.0,540190.0,540016.0,543186.0,544692.0,547145.0,545517.0,551764.0,553278.0,555761.0,553942.0,555685.0,556084.0,553587.0,550916.0,550188.0,547108.0,545742.0,543437.0,543310.0,538559.0,537345.0
494148.0,494207.0,495164.0,495389.0,496327.0,497500.0,497521.0,498593.0,496651.0,499326.0,499852.0,500231.0,500098.0,500418.0,500907.0,500832.0,498062.0,497036.0,497370.0,497401.0,497295.0,495875.0,493299.0,493102.0
554204.0,553764.0,554630.0,557694.0,558446.0,561206.0,562987.0,564439.0,561565.0,558237.0,557847.0,555571.0,553317.0,553851.0,554802.0,556572.0,560580.0,562017.0,564117.0,563308.0,563658.0,558722.0,556775.0,555487.0
521210.0,521739.0,525530.0,527136.0,530826.0,528344.0,525868.0,528993.0,529012.0,524469.0,522712.0,524086.0,524151.0,524934.0,526124.0,527890.0,528140.0,528707.0,530284.0,527194.0,527665.0,527862.0,526076.0,524648.0
557995.0,561804.0,562190.0,563246.0,562995.0,566048.0,569691.0,569120.0,568162.0,565440.0,570266.0,569322.0,568922.0,564387.0,566895.0,569557.0,567780.0,566921.0,564147.0,563978.0,563395.0,562948.0,560278.0,560481.0
558774.0,562599.0,565425.0,570735.0,578537.0,584427.0,592944.0,598340.0,599474.0,604162.0,608959.0,611208.0,611950.0,608666.0,605826.0,602926.0,598970.0,595144.0,593145.0,591850.0,587748.0,583358.0,574161.0,565176.0
538087.0,540784.0,541976.0,545197.0,542924.0,545536.0,543584.0,544232.0,544469.0,543426.0,541803.0,542816.0,540518.0,541469.0,540451.0,542763.0,542354.0,541752.0,543979.0,546588.0,542982.0,542163.0,542909.0,540286.0
560253.0,561865.0,563352.0,564884.0,565874.0,565102.0,565732.0,564681.0,561757.0,562913.0,562417.0,563764.0,566365.0,566884.0,566260.0,563714.0,560690.0,563576.0,562062.0,564639.0,565153.0,565550.0,566607.0,564106.0
505695.0,508208.0,515969.0,518096.0,517773.0,515583.0,511357.0,509076.0,511403.0,514739.0,517566.0,518724.0,517184.0,515922.0,511438.0,508608.0,511934.0,514230.0,513647.0,514659.0,513926.0,512428.0,511406.0,507341.0
563942.0,566387.0,570409.0,569875.0,568623.0,568287.0,568072.0,567211.0,569511.0,570246.0,568610.0,566990.0,568392.0,566579.0,568635.0,568618.0,569237.0,569412.0,567743.0,567398.0,569127.0,568887.0,568655.0,567894.0
543869.0,547588.0,549727.0,551335.0,553775.0,555639.0,558809.0,563625.0,565805.0,567832.0,572932.0,573404.0,576375.0,573726.0,568641.0,567520.0,566971.0,564958.0,561802.0,559369.0,555934.0,553010.0,552146.0,546796.0
562125.0,563230.0,566122.0,568602.0,567518.0,570466.0,572333.0,574212.0,577102.0,579403.0,582105.0,584448.0,586847.0,587811.0,586029.0,585332.0,584263.0,583625.0,580953.0,572875.0,570309.0,570254.0,570241.0,566387.0
567287.0,569208.0,569997.0,572983.0,573700.0,575523.0,575279.0,577120.0,577993.0,578569.0,578175.0,579459.0,579116.0,580206.0,579664.0,577778.0,576403.0,574071.0,571927.0,570252.0,569571.0,567795.0,566768.0,567212.0
524767.0,527451.0,530174.0,529766.0,535633.0,541315.0,540356.0,545000.0,547559.0,544438.0,547817.0,549653.0,545990.0,547266.0,546758.0,543605.0,544220.0,541949.0,537545.0,536641.0,534038.0,529456.0,526565.0,527218.0
564608.0,564606.0,566431.0,568178.0,569054.0,570430.0,569809.0,569594.0,570626.0,569542.0,568436.0,568818.0,568786.0,568501.0,567367.0,569225.0,568126.0,568929.0,568884.0,568256.0,569571.0,567926.0,567102.0,565563.0
543698.0,548920.0,548049.0,549089.0,547980.0,549536.0,553233.0,550963.0,552114.0,553708.0,554017.0,550924.0,551995.0,555320.0,550760.0,547396.0,548688.0,548354.0,549227.0,545938.0,545651.0,547662.0,548492.0,547526.0
554462.0,553908.0,553165.0,553572.0,553547.0,552097.0,550533.0,549488.0,549776.0,553013.0,552600.0,552390.0,554056.0,553861.0,553231.0,553615.0,553616.0,553460.0,552800.0,554002.0,553390.0,553927.0,555278.0,554117.0
524896.0,527116.0,530238.0,532345.0,535408.0,536295.0,540295.0,538770.0,537656.0,542151.0,541772.0,544003.0,540766.0,542603.0,541086.0,536814.0,537908.0,535114.0,532985.0,532865.0,531094.0,530401.0,526388.0,528587.0
531611.0,533637.0,536080.0,538308.0,539586.0,541418.0,547924.0,549763.0,551161.0,552150.0,553375.0,553450.0,553678.0,551819.0,550926.0,549093.0,545146.0,544967.0,539724.0,542124.0,537137.0,537596.0,534392.0,534935.0
565437.0,565775.0,568194.0,570729.0,571212.0,575131.0,577148.0,579523.0,581698.0,581689.0,584105.0,585554.0,586738.0,590189.0,590918.0,590531.0,589016.0,586654.0,586186.0,581398.0,576359.0,570819.0,568277.0,567658.0
540291.0,539551.0,540939.0,540849.0,540005.0,541660.0,540654.0,541470.0,543373.0,540361.0,541422.0,540774.0,540738.0,540643.0,538571.0,543020.0,542372.0,542005.0,542295.0,542590.0,540511.0,539849.0,540821.0,539412.0
548891.0,551216.0,553704.0,555379.0,553564.0,555866.0,555173.0,556554.0,559856.0,557454.0,554905.0,556704.0,558602.0,557967.0,555669.0,556387.0,558373.0,557996.0,555636.0,554809.0,551686.0,556245.0,554106.0,553380.0
537671.0,537016.0,540225.0,542500.0,544630.0,543931.0,544956.0,543986.0,542889.0,542208.0,538821.0,539121.0,539618.0,540494.0,544300.0,546453.0,543607.0,542878.0,542055.0,541652.0,544491.0,543411.0,539533.0,538894.0
552705.0,555126.0,559075.0,559432.0,566042.0,569202.0,570831.0,577100.0,580384.0,584721.0,589451.0,589844.0,592639.0,589432.0,589093.0,587836.0,583786.0,579617.0,574759.0,570737.0,565301.0,560331.0,560892.0,556356.0
558246.0,562019.0,561798.0,564701.0,565125.0,565739.0,565607.0,563278.0,563186.0,562773.0,567552.0,569673.0,570128.0,566466.0,566211.0,565205.0,562906.0,565241.0,563629.0,563343.0,563429.0,561447.0,555307.0,555539.0
538991.0,539375.0,541682.0,541909.0,541010.0,538137.0,538712.0,537552.0,538903.0,535853.0,537999.0,537811.0,538010.0,537889.0,537443.0,537218.0,535768.0,533259.0,534968.0,534079.0,537288.0,536081.0,538522.0,538779.0
538159.0,537876.0,539757.0,539863.0,543617.0,548133.0,551912.0,554725.0,557576.0,558898.0,563526.0,565227.0,566447.0,566704.0,568365.0,569461.0,569189.0,565892.0,562039.0,558084.0,555252.0,549051.0,542653.0,540818.0
579908.0,578631.0,579448.0,579426.0,581635.0,580388.0,581937.0,582666.0,582905.0,582929.0,582592.0,581467.0,582279.0,581393.0,581180.0,581908.0,582366.0,583589.0,583335.0,581485.0,581541.0,578694.0,578302.0,578864.0
534484.0,536960.0,538829.0,538368.0,539853.0,541977.0,542768.0,543063.0,542985.0,540302.0,537787.0,535016.0,535695.0,536076.0,537850.0,541670.0,540482.0,539954.0,540089.0,538526.0,538913.0,537913.0,536405.0,533967.0
546692.0,549793.0,550469.0,552518.0,551103.0,552427.0,550794.0,553563.0,554148.0,553177.0,549831.0,553590.0,552058.0,555545.0,553640.0,551419.0,550831.0,552991.0,549583.0,550308.0,548168.0,551631.0,550682.0,552883.0
556496.0,557679.0,559712.0,561736.0,566082.0,569537.0,569464.0,576335.0,577597.0,578384.0,579213.0,578357.0,577475.0,579301.0,577628.0,576363.0,574230.0,573076.0,569125.0,567521.0,562351.0,558586.0,559135.0,559673.0
569938.0,573129.0,576589.0,579387.0,584066.0,586303.0,588736.0,593362.0,593753.0,593467.0,591564.0,589832.0,588054.0,586318.0,588664.0,590009.0,589911.0,586533.0,584202.0,582574.0,582815.0,579739.0,577204.0,575579.0
532088.0,532886.0,533780.0,535490.0,537089.0,539093.0,539169.0,535765.0,536104.0,536955.0,538872.0,539564.0,541888.0,540189.0,539842.0,537962.0,536160.0,536054.0,537001.0,537727.0,536844.0,536193.0,533551.0,531720.0
548914.0,550282.0,550580.0,550468.0,550333.0,550704.0,551863.0,551703.0,552949.0,549461.0,548033.0,551331.0,553163.0,552913.0,552691.0,551600.0,551509.0,551279.0,549065.0,550107.0,550817.0,552994.0,554394.0,551589.0
572327.0,574318.0,579624.0,579702.0,581044.0,581893.0,581281.0,583958.0,581409.0,585856.0,589475.0,589789.0,589989.0,588903.0,582594.0,584620.0,585021.0,583558.0,589017.0,587696.0,587678.0,583332.0,579561.0,573851.0
524274.0,525336.0,526114.0,525746.0,526152.0,524496.0,526016.0,526785.0,527733.0,528583.0,527664.0,527747.0,526319.0,525792.0,528467.0,528564.0,526579.0,525549.0,525365.0,525184.0,524649.0,524952.0,524176.0,524814.0
558798.0,564055.0,565660.0,570371.0,573569.0,578170.0,578890.0,578754.0,576646.0,575819.0,572779.0,571023.0,569359.0,570196.0,573432.0,573953.0,573872.0,578088.0,575822.0,575313.0,572436.0,567608.0,562245.0,560986.0
550374.0,553588.0,554469.0,554146.0,556462.0,555995.0,555227.0,552864.0,553997.0,554766.0,554337.0,553509.0,554633.0,554085.0,554745.0,556024.0,556281.0,554825.0,554310.0,553908.0,552511.0,553737.0,551234.0,552085.0
535781.0,537635.0,538888.0,537873.0,539598.0,542224.0,541625.0,544438.0,546330.0,544884.0,545373.0,546728.0,545885.0,546505.0,547951.0,545304.0,542739.0,542656.0,540309.0,539219.0,540823.0,538961.0,537600.0,538393.0
528034.0,531187.0,531975.0,526754.0,530200.0,531221.0,530769.0,529877.0,529262.0,530387.0,530730.0,531470.0,528489.0,529828.0,529625.0,528271.0,530233.0,530708.0,530881.0,530093.0,528639.0,529637.0,528661.0,528453.0
538358.0,542034.0,543996.0,548166.0,547481.0,548910.0,547223.0,546277.0,544819.0,544282.0,544698.0,544560.0,543545.0,544240.0,545826.0,545424.0,548394.0,549906.0,546152.0,543962.0,544110.0,542325.0,539702.0,538978.0
557082.0,557694.0,558710.0,557895.0,560227.0,561378.0,561293.0,561540.0,560997.0,561519.0,561314.0,560101.0,561508.0,561321.0,562041.0,560894.0,560497.0,561371.0,560356.0,560431.0,558822.0,559959.0,557990.0,556994.0
557743.0,559576.0,559980.0,562694.0,562863.0,563716.0,563929.0,565728.0,565159.0,566296.0,565590.0,569421.0,568835.0,569336.0,566872.0,567357.0,567256.0,567476.0,566654.0,564754.0,565304.0,563580.0,563333.0,560352.0
556741.0,557961.0,561643.0,563645.0,565929.0,567307.0,566819.0,571513.0,568874.0,566445.0,564709.0,561926.0,558291.0,560344.0,562001.0,566715.0,568290.0,567770.0,569873.0,567810.0,569258.0,568082.0,565267.0,558765.0
531401.0,532502.0,534046.0,534990.0,533245.0,532681.0,533769.0,533799.0,536199.0,535786.0,534314.0,536074.0,537353.0,535823.0,536117.0,536424.0,536024.0,533462.0,535394.0,535286.0,535566.0,533410.0,532868.0,531971.0
558881.0,560022.0,560022.0,560864.0,561383.0,566001.0,565068.0,566743.0,567443.0,564130.0,563585.0,566765.0,569531.0,569702.0,572591.0,573695.0,569212.0,570995.0,568914.0,567808.0,566803.0,564231.0,559923.0,559928.0
542399.0,547415.0,548792.0,549073.0,551543.0,553635.0,555687.0,553511.0,552939.0,555076.0,553322.0,553941.0,552315.0,552382.0,549803.0,551530.0,549519.0,547109.0,544536.0,544436.0,547024.0,547175.0,547756.0,543016.0
532014.0,535650.0,538198.0,537081.0,534231.0,536011.0,538200.0,537019.0,535800.0,537426.0,536926.0,536267.0,540413.0,537502.0,536010.0,538028.0,537841.0,537485.0,534449.0,533681.0,534549.0,534256.0,535344.0,534173.0
534345.0,535890.0,540248.0,539175.0,542076.0,544235.0,545728.0,547463.0,551112.0,550806.0,550822.0,553032.0,554379.0,554768.0,553419.0,552212.0,550413.0,546988.0,545588.0,540300.0,539438.0,538070.0,536881.0,535644.0
550642.0,553039.0,553909.0,556919.0,556926.0,558855.0,558994.0,558844.0,558137.0,557287.0,557609.0,553359.0,553260.0,553110.0,553868.0,553631.0,555969.0,557647.0,558415.0,557458.0,555392.0,552820.0,551959.0,551875.0
545175.0,544850.0,545868.0,546064.0,547506.0,547914.0,547184.0,545045.0,546096.0,546780.0,547951.0,548737.0,551793.0,549982.0,547576.0,545889.0,545386.0,545744.0,546852.0,549672.0,545155.0,545951.0,546300.0,546244.0
541868.0,543407.0,547352.0,551192.0,557102.0,558598.0,561700.0,565984.0,570196.0,573781.0,574453.0,578592.0,581161.0,583435.0,584169.0,580447.0,580564.0,579294.0,574450.0,569495.0,564323.0,557727.0,553410.0,548380.0
526146.0,526721.0,528872.0,528708.0,533442.0,535359.0,536979.0,539291.0,535917.0,533794.0,531029.0,528278.0,526142.0,526278.0,527989.0,529368.0,531272.0,534799.0,534718.0,535636.0,537681.0,532577.0,529393.0,529863.0
534455.0,537732.0,536548.0,536497.0,536612.0,536622.0,537598.0,538817.0,538545.0,538800.0,538488.0,538855.0,540292.0,539818.0,540385.0,539948.0,538933.0,539558.0,539397.0,540490.0,539118.0,536424.0,537929.0,533799.0
578417.0,578134.0,577672.0,581469.0,581662.0,583062.0,583062.0,582392.0,582242.0,581446.0,584911.0,584165.0,585468.0,584722.0,582827.0,585529.0,584874.0,584549.0,585100.0,582611.0,585087.0,582085.0,581518.0,580388.0
522711.0,524240.0,527799.0,529230.0,529068.0,527605.0,527470.0,529471.0,531277.0,531754.0,533327.0,533684.0,529704.0,531630.0,531769.0,532513.0,530366.0,529672.0,529142.0,529517.0,527458.0,530467.0,527653.0,526313.0
543324.0,542931.0,548038.0,549783.0,551181.0,548773.0,547106.0,548694.0,552783.0,552635.0,553844.0,555119.0,555644.0,555960.0,554161.0,554300.0,554919.0,552699.0,556765.0,554728.0,550867.0,551954.0,546160.0,545884.0
522381.0,525961.0,526521.0,529419.0,531679.0,532553.0,536630.0,539063.0,537521.0,542279.0,541652.0,541177.0,540128.0,538543.0,539555.0,536702.0,534075.0,534464.0,532438.0,529910.0,528371.0,528045.0,526477.0,523298.0
545130.0,547372.0,549611.0,551953.0,553852.0,555733.0,561886.0,566875.0,573950.0,579204.0,584060.0,588505.0,592038.0,592618.0,591108.0,587747.0,584079.0,580453.0,577306.0,571706.0,566786.0,557862.0,552048.0,547182.0
538681.0,540333.0,541536.0,545392.0,545661.0,544100.0,545065.0,548073.0,549540.0,552775.0,555867.0,552434.0,552289.0,553485.0,552063.0,555357.0,554464.0,549485.0,547907.0,546857.0,545734.0,546375.0,545140.0,538475.0
544729.0,549018.0,545216.0,546888.0,549692.0,550270.0,551795.0,550404.0,551224.0,550560.0,551490.0,549236.0,551955.0,552473.0,550329.0,550466.0,550513.0,551642.0,551301.0,548069.0,550302.0,547954.0,547604.0,546678.0
547648.0,549300.0,553577.0,556960.0,556938.0,557211.0,558348.0,558419.0,558847.0,559896.0,560183.0,561684.0,562696.0,561244.0,558712.0,558543.0,557901.0,558302.0,558587.0,559134.0,561370.0,559948.0,557241.0,552443.0
559301.0,562386.0,565371.0,568564.0,574353.0,577268.0,580685.0,580751.0,583080.0,580113.0,578081.0,580067.0,581391.0,579377.0,578214.0,575848.0,573061.0,569924.0,574710.0,575724.0,573977.0,570846.0,569936.0,564812.0
566481.0,567852.0,570530.0,570952.0,573399.0,577767.0,581151.0,586680.0,587614.0,588988.0,589223.0,587538.0,586519.0,583691.0,583766.0,582167.0,583198.0,582069.0,578310.0,575347.0,571216.0,568932.0,567256.0,566284.0
581110.0,583849.0,584949.0,588601.0,590438.0,591325.0,591281.0,591556.0,593882.0,592138.0,594290.0,595596.0,594562.0,595083.0,595739.0,595337.0,593118.0,594100.0,589851.0,587207.0,582489.0,581416.0,579873.0,580426.0
542566.0,545760.0,547405.0,551839.0,552885.0,553333.0,551894.0,551988.0,551442.0,554489.0,555340.0,556525.0,555507.0,556561.0,553720.0,554634.0,553414.0,554544.0,551625.0,554385.0,553590.0,551943.0,546534.0,547921.0
585602.0,587822.0,591426.0,589233.0,589286.0,592122.0,592219.0,594673.0,595001.0,596591.0,593915.0,591818.0,592895.0,593991.0,595570.0,597663.0,596065.0,594018.0,595418.0,597081.0,597156.0,594091.0,588885.0,586163.0
547763.0,550221.0,553539.0,554034.0,552954.0,554047.0,553161.0,550569.0,550332.0,549225.0,550911.0,552813.0,552820.0,556065.0,557020.0,555133.0,552320.0,552473.0,555220.0,554668.0,554918.0,554496.0,553358.0,550652.0
544829.0,544978.0,547255.0,551821.0,550527.0,546524.0,546309.0,545501.0,546588.0,549896.0,550362.0,549128.0,548251.0,548862.0,548414.0,547405.0,546717.0,545591.0,547734.0,547772.0,548907.0,550258.0,548935.0,546338.0
541695.0,543441.0,547565.0,549992.0,549628.0,549532.0,549960.0,549033.0,546408.0,544051.0,545587.0,544764.0,541947.0,543001.0,547696.0,549378.0,550378.0,551447.0,552186.0,549573.0,546367.0,543711.0,544799.0,543629.0
554868.0,557062.0,556947.0,556701.0,560297.0,561367.0,561524.0,563308.0,561501.0,560247.0,560563.0,556938.0,558790.0,559144.0,561616.0,560292.0,559736.0,560520.0,558348.0,557137.0,556607.0,554304.0,555897.0,555484.0
541145.0,545816.0,549022.0,553661.0,555823.0,560467.0,562175.0,562514.0,562528.0,563514.0,567435.0,565733.0,564905.0,564907.0,566178.0,563385.0,563387.0,559630.0,555442.0,552472.0,549482.0,550752.0,549650.0,545465.0
533727.0,535600.0,537869.0,540166.0,541157.0,540154.0,541018.0,536261.0,537816.0,537054.0,536585.0,536853.0,536340.0,538867.0,538366.0,539099.0,538950.0,539392.0,538271.0,539723.0,539954.0,538797.0,538507.0,537418.0
558515.0,561530.0,561471.0,563936.0,567516.0,571589.0,571212.0,572744.0,577901.0,576665.0,574053.0,570710.0,570321.0,571116.0,573690.0,574334.0,571963.0,573466.0,572037.0,571632.0,567370.0,568072.0,567572.0,566243.0
560486.0,561916.0,561746.0,564484.0,566436.0,565310.0,563222.0,562872.0,563392.0,564334.0,562186.0,564055.0,566484.0,566083.0,563443.0,564180.0,563757.0,563821.0,564212.0,564286.0,565608.0,564890.0,562906.0,562183.0
569711.0,566377.0,569624.0,570628.0,569628.0,568983.0,569616.0,569961.0,568191.0,568683.0,570243.0,569709.0,569997.0,569577.0,569216.0,567203.0,569287.0,569169.0,567442.0,568464.0,569694.0,570555.0,570447.0,568787.0
549036.0,549886.0,548479.0,548965.0,549231.0,546783.0,544315.0,545126.0,546950.0,545231.0,549837.0,547218.0,548067.0,549353.0,549788.0,550511.0,551909.0,548251.0,548267.0,548592.0,546807.0,546832.0,548854.0,547072.0
538512.0,540737.0,541103.0,540020.0,539538.0,539681.0,538021.0,541397.0,540557.0,539424.0,539125.0,540778.0,541032.0,539308.0,541480.0,541340.0,538663.0,541424.0,541362.0,541630.0,540466.0,539155.0,539536.0,539319.0
559168.0,560971.0,563884.0,567085.0,568635.0,572158.0,572299.0,569796.0,571370.0,570793.0,570108.0,571728.0,574444.0,575027.0,574668.0,572054.0,572230.0,569890.0,567931.0,566544.0,564155.0,561364.0,561431.0,561797.0
535250.0,538235.0,538880.0,540251.0,537272.0,535062.0,535626.0,537282.0,536206.0,533325.0,535611.0,536045.0,537193.0,535689.0,536320.0,537257.0,537199.0,535262.0,538107.0,537961.0,535741.0,536184.0,537841.0,539181.0
513503.0,513964.0,516105.0,516291.0,517028.0,514617.0,512858.0,513090.0,516209.0,516733.0,516358.0,515998.0,514678.0,514314.0,516689.0,514428.0,513799.0,515666.0,516181.0,517293.0,516747.0,515475.0,514651.0,514265.0
555876.0,557586.0,559245.0,561162.0,561441.0,563665.0,563203.0,563027.0,562438.0,563549.0,564202.0,562876.0,563388.0,562802.0,562250.0,562964.0,564039.0,562054.0,562870.0,561193.0,562190.0,561154.0,559150.0,557516.0
567437.0,571314.0,573662.0,574562.0,576426.0,575512.0,579289.0,579412.0,581277.0,579973.0,580629.0,581172.0,581526.0,580647.0,578905.0,579191.0,576819.0,576161.0,571918.0,572569.0,571506.0,572596.0,570500.0,569273.0
565817.0,568789.0,571434.0,570185.0,569856.0,573931.0,573732.0,574261.0,575399.0,578958.0,577127.0,576200.0,576426.0,578102.0,576023.0,577654.0,575219.0,577309.0,576867.0,575755.0,573772.0,572609.0,572464.0,570101.0
576259.0,578962.0,580722.0,580956.0,580810.0,580962.0,585237.0,584102.0,585134.0,584987.0,583633.0,587280.0,587182.0,585445.0,584594.0,584726.0,583853.0,582663.0,581968.0,580228.0,579875.0,577945.0,580933.0,581108.0
551057.0,551860.0,554581.0,554261.0,555099.0,560066.0,558620.0,557022.0,556374.0,558252.0,558977.0,560054.0,558077.0,557980.0,559605.0,557640.0,557298.0,558991.0,556791.0,554170.0,554564.0,553089.0,552847.0,552965.0
529078.0,529171.0,532531.0,532328.0,535972.0,537887.0,540121.0,545105.0,547777.0,547858.0,551676.0,551470.0,550852.0,550889.0,549761.0,548989.0,546230.0,542392.0,539777.0,537334.0,534066.0,531105.0,532587.0,530652.0
559227.0,558718.0,559628.0,561682.0,562108.0,563552.0,566822.0,568419.0,564240.0,565349.0,565181.0,562640.0,563220.0,563281.0,564086.0,565090.0,565172.0,567339.0,565802.0,565621.0,568411.0,566199.0,561265.0,562264.0
540386.0,543571.0,543426.0,545002.0,548240.0,551212.0,554025.0,556018.0,560317.0,560757.0,562052.0,562559.0,561686.0,559167.0,558933.0,555300.0,553686.0,552505.0,549570.0,547136.0,544329.0,545246.0,542870.0,541591.0
569582.0,572000.0,574138.0,573012.0,575144.0,577760.0,576014.0,577872.0,579378.0,582196.0,578593.0,580854.0,579713.0,578820.0,576650.0,577066.0,574109.0,570935.0,571978.0,572699.0,571736.0,571773.0,572747.0,571479.0
593968.0,597733.0,601886.0,604762.0,611530.0,618866.0,623990.0,634458.0,638393.0,640380.0,646787.0,648602.0,649122.0,650314.0,646277.0,643029.0,639625.0,633911.0,624441.0,616903.0,611789.0,605346.0,600069.0,596911.0
549660.0,550343.0,552020.0,551460.0,551322.0,554909.0,555305.0,555248.0,556696.0,556228.0,558002.0,560135.0,560337.0,559743.0,557694.0,556069.0,554018.0,554337.0,553669.0,550779.0,550533.0,549614.0,548302.0,550001.0
567731.0,572987.0,576471.0,583604.0,591639.0,597932.0,606222.0,616011.0,615474.0,621162.0,620272.0,620801.0,622397.0,618599.0,615739.0,613108.0,606315.0,604355.0,594022.0,586770.0,583861.0,577262.0,575245.0,571165.0
531881.0,535703.0,535274.0,535117.0,534566.0,535850.0,538722.0,539742.0,539363.0,540018.0,539768.0,538425.0,539851.0,539507.0,539955.0,539695.0,540291.0,539570.0,539662.0,536521.0,537143.0,536383.0,536451.0,534024.0
551058.0,553541.0,554061.0,555814.0,556850.0,558171.0,561319.0,559294.0,558593.0,557979.0,556987.0,556457.0,553565.0,552404.0,555207.0,556764.0,558075.0,558146.0,558142.0,558966.0,558399.0,557606.0,552964.0,552270.0
545334.0,546829.0,549318.0,552979.0,555145.0,557906.0,556869.0,555895.0,558526.0,554220.0,554045.0,549934.0,551508.0,550583.0,551060.0,556090.0,557027.0,560885.0,562680.0,563126.0,561704.0,554254.0,550924.0,546823.0
515054.0,514435.0,517015.0,516681.0,515883.0,517084.0,515784.0,515685.0,515574.0,515165.0,515830.0,514908.0,518568.0,518071.0,515500.0,514777.0,515204.0,513618.0,511723.0,515305.0,514501.0,514599.0,515216.0,513812.0
554897.0,556489.0,556832.0,557511.0,557524.0,559572.0,558670.0,559854.0,561477.0,561034.0,559917.0,559511.0,560109.0,559820.0,559689.0,558580.0,558139.0,558937.0,558909.0,558440.0,556479.0,555429.0,555273.0,555970.0
537396.0,537679.0,540306.0,541511.0,540652.0,537479.0,540335.0,542158.0,540480.0,539123.0,539403.0,539774.0,538033.0,539821.0,540453.0,539031.0,539897.0,538755.0,540855.0,540757.0,539628.0,539122.0,538720.0,537852.0
518411.0,520950.0,520010.0,518161.0,518855.0,519241.0,519292.0,519096.0,519707.0,518925.0,520077.0,520823.0,518785.0,519567.0,521324.0,520880.0,518753.0,518342.0,519310.0,519665.0,518936.0,519422.0,519156.0,518248.0
562115.0,562676.0,564904.0,565255.0,566009.0,568467.0,571353.0,573431.0,573513.0,572349.0,573061.0,573522.0,573811.0,574820.0,574744.0,571842.0,573360.0,573273.0,570781.0,570800.0,569241.0,567982.0,564682.0,563589.0
539257.0,536553.0,537312.0,540052.0,540706.0,539116.0,540462.0,541548.0,543969.0,548348.0,548650.0,548679.0,548016.0,547238.0,547550.0,549974.0,549287.0,548042.0,547932.0,547186.0,545572.0,545791.0,545800.0,542116.0
543736.0,544532.0,545150.0,546820.0,547856.0,547794.0,548605.0,549919.0,551342.0,552303.0,552635.0,552720.0,552326.0,552556.0,553307.0,550546.0,548608.0,546978.0,545070.0,545444.0,547322.0,547450.0,545369.0,543076.0
566075.0,564206.0,565215.0,566220.0,568017.0,568324.0,569599.0,570287.0,570362.0,570859.0,569269.0,570372.0,569074.0,567871.0,567531.0,566353.0,567168.0,564243.0,565638.0,565399.0,566693.0,565167.0,567919.0,565567.0
529112.0,530139.0,533569.0,535875.0,537047.0,535345.0,535934.0,537492.0,540230.0,541976.0,540781.0,539770.0,537908.0,538323.0,541464.0,542733.0,540225.0,536683.0,534220.0,533680.0,534855.0,535445.0,534373.0,531363.0
543524.0,542377.0,546191.0,547564.0,545507.0,547785.0,545549.0,547055.0,545514.0,545773.0,545009.0,546713.0,546858.0,546111.0,543895.0,544413.0,545934.0,545337.0,546228.0,546672.0,547441.0,545209.0,547610.0,544923.0
554196.0,553889.0,554107.0,554585.0,553518.0,554717.0,555984.0,555401.0,557195.0,560133.0,559160.0,559454.0,556810.0,556686.0,556785.0,555559.0,556124.0,555235.0,553692.0,554667.0,553410.0,554781.0,554469.0,554215.0
575833.0,579733.0,580308.0,583939.0,590327.0,596620.0,599277.0,603283.0,610154.0,610607.0,612016.0,612134.0,615172.0,611719.0,609611.0,604896.0,602027.0,598784.0,596611.0,592535.0,587073.0,587931.0,581739.0,577127.0
541006.0,541016.0,541390.0,542568.0,543366.0,544961.0,546938.0,547576.0,549096.0,545500.0,545940.0,545416.0,544791.0,548392.0,549494.0,549492.0,550500.0,550104.0,549655.0,549371.0,549128.0,546386.0,545936.0,544210.0
546472.0,550171.0,553928.0,557759.0,560171.0,567974.0,568397.0,575378.0,579901.0,583650.0,587253.0,591123.0,590318.0,587754.0,585667.0,582294.0,581719.0,574566.0,572305.0,565776.0,560611.0,555879.0,552022.0,548352.0
547621.0,548847.0,551397.0,554120.0,556447.0,555748.0,556677.0,554960.0,554300.0,551344.0,547580.0,549374.0,548918.0,546546.0,553054.0,554811.0,555686.0,558855.0,555132.0,555349.0,553036.0,549075.0,548228.0,547071.0
530339.0,530945.0,530881.0,531782.0,532614.0,531430.0,530953.0,530046.0,529886.0,530819.0,529564.0,529811.0,530565.0,529141.0,528477.0,530336.0,529685.0,528535.0,529395.0,528235.0,530179.0,530473.0,529994.0,530855.0
537951.0,541068.0,541631.0,542122.0,543672.0,542659.0,542236.0,541960.0,543090.0,544127.0,544572.0,545549.0,541997.0,540993.0,541112.0,542195.0,540904.0,542251.0,544224.0,541834.0,541367.0,542050.0,540123.0,540331.0
531513.0,532055.0,533145.0,535831.0,539423.0,542541.0,542937.0,545923.0,547916.0,549543.0,548574.0,551292.0,553332.0,556208.0,556087.0,554803.0,552335.0,551805.0,549068.0,546303.0,542325.0,538047.0,534404.0,532622.0
556459.0,558969.0,558116.0,559343.0,562242.0,563099.0,564402.0,566020.0,567112.0,569258.0,572319.0,575530.0,578494.0,576998.0,578112.0,573871.0,572045.0,572077.0,571096.0,568894.0,567222.0,567063.0,564693.0,559070.0
576438.0,579829.0,583024.0,578569.0,583088.0,584126.0,580962.0,583340.0,583056.0,584332.0,585885.0,582590.0,583950.0,583196.0,583357.0,584726.0,582449.0,582741.0,582321.0,578437.0,579711.0,580968.0,580963.0,580890.0
537809.0,541623.0,542487.0,548404.0,549055.0,546932.0,549326.0,548000.0,549868.0,553288.0,555315.0,555689.0,556781.0,550023.0,550180.0,549421.0,551754.0,549222.0,547003.0,546393.0,544667.0,546103.0,544249.0,543952.0
538609.0,537856.0,540759.0,541094.0,543095.0,548041.0,550245.0,553865.0,555119.0,557754.0,559591.0,560415.0,562011.0,562550.0,561103.0,558337.0,561436.0,557677.0,556057.0,554063.0,550017.0,545843.0,543710.0,539515.0
544261.0,543183.0,546973.0,550852.0,548208.0,548195.0,548086.0,548148.0,547369.0,547602.0,547613.0,546220.0,546987.0,548455.0,552381.0,547973.0,546432.0,546034.0,548703.0,547581.0,546237.0,546079.0,545730.0,545160.0
566491.0,568627.0,573209.0,579408.0,584524.0,588669.0,588422.0,589730.0,590125.0,589387.0,594448.0,597951.0,595622.0,595956.0,594988.0,593838.0,592091.0,588787.0,586549.0,585416.0,579886.0,575620.0,571981.0,569187.0
573864.0,574786.0,576346.0,578685.0,576714.0,578309.0,579323.0,579168.0,580271.0,582214.0,583676.0,580842.0,580064.0,581283.0,583224.0,580885.0,579616.0,578383.0,578064.0,574396.0,575470.0,578467.0,577234.0,575824.0
571103.0,574694.0,575356.0,573431.0,576010.0,573469.0,575661.0,576585.0,574284.0,574227.0,573666.0,573452.0,575355.0,574052.0,575857.0,573610.0,576631.0,576495.0,575535.0,575628.0,574477.0,574349.0,576367.0,575634.0
557704.0,558902.0,560379.0,562678.0,563776.0,564524.0,566471.0,568234.0,569854.0,567927.0,568651.0,569534.0,571839.0,572434.0,575119.0,573489.0,568042.0,566582.0,565140.0,565071.0,566542.0,565205.0,562260.0,559733.0
545356.0,547607.0,549261.0,552210.0,550392.0,549885.0,551519.0,554033.0,554511.0,550659.0,547928.0,546508.0,544702.0,547670.0,547796.0,550662.0,549584.0,551137.0,550319.0,551581.0,551312.0,551865.0,549801.0,548544.0
525796.0,526339.0,531972.0,532552.0,528992.0,530366.0,534458.0,536021.0,536136.0,536885.0,539892.0,541202.0,538701.0,538560.0,539740.0,538896.0,538121.0,536175.0,536605.0,536846.0,533356.0,532755.0,531887.0,529239.0
556733.0,557148.0,562241.0,564187.0,565948.0,568242.0,568356.0,568809.0,568706.0,564828.0,562113.0,563046.0,561417.0,560845.0,562350.0,563331.0,564385.0,565676.0,563137.0,562972.0,564110.0,562659.0,560326.0,559011.0
527190.0,528556.0,529147.0,531083.0,534319.0,538336.0,543355.0,547113.0,553020.0,554150.0,557051.0,557734.0,556705.0,558202.0,557607.0,553052.0,550977.0,547586.0,543868.0,537984.0,534691.0,530452.0,527882.0,527384.0
544240.0,545157.0,545866.0,549244.0,549455.0,551260.0,553025.0,553136.0,555979.0,557396.0,558509.0,562129.0,563906.0,563251.0,561369.0,557551.0,557783.0,557122.0,555747.0,556390.0,552976.0,550615.0,548345.0,546779.0
522249.0,526861.0,527337.0,529638.0,531355.0,535363.0,535704.0,535649.0,538703.0,540254.0,543458.0,543039.0,542498.0,542090.0,541151.0,540723.0,536743.0,533385.0,530735.0,531655.0,528630.0,528529.0,526833.0,525638.0
546389.0,550175.0,556148.0,555724.0,555671.0,553912.0,555551.0,555368.0,557827.0,557759.0,559627.0,560892.0,561541.0,563683.0,560414.0,556456.0,555203.0,556180.0,555842.0,559686.0,555419.0,550963.0,548028.0,547344.0
544681.0,544355.0,549165.0,551221.0,551567.0,551568.0,548856.0,549193.0,548445.0,547112.0,545123.0,548226.0,549919.0,550668.0,548645.0,547280.0,545779.0,546901.0,547415.0,548299.0,548037.0,548508.0,549400.0,548669.0
540816.0,541754.0,541521.0,545680.0,546074.0,548773.0,550488.0,550545.0,551660.0,554216.0,552460.0,553558.0,550858.0,550450.0,551577.0,551327.0,550928.0,550856.0,552474.0,550173.0,551635.0,548427.0,546374.0,544912.0
562858.0,565255.0,565443.0,567013.0,566173.0,568133.0,567058.0,570249.0,568814.0,572389.0,570676.0,572229.0,573229.0,571137.0,569943.0,569588.0,568484.0,571290.0,567192.0,566749.0,566838.0,567300.0,569091.0,565943.0
551567.0,553673.0,554554.0,555190.0,555898.0,558003.0,556070.0,556900.0,556671.0,557337.0,557929.0,557572.0,558074.0,558262.0,556533.0,555889.0,552674.0,551938.0,554328.0,555573.0,556667.0,558346.0,556391.0,553097.0
587565.0,587798.0,587558.0,588084.0,588877.0,589105.0,589849.0,588399.0,591842.0,589553.0,591260.0,591545.0,589503.0,590036.0,589105.0,592838.0,589643.0,589307.0,590651.0,588234.0,590536.0,590579.0,589455.0,589158.0
539194.0,540364.0,543343.0,545664.0,543394.0,547380.0,547975.0,548229.0,546464.0,545915.0,547341.0,546513.0,547511.0,547234.0,549570.0,550537.0,551663.0,551650.0,550369.0,549551.0,547314.0,545698.0,542959.0,541198.0
518436.0,519005.0,521008.0,521654.0,524379.0,525461.0,527893.0,530301.0,531044.0,530257.0,530024.0,530833.0,529761.0,528787.0,528082.0,525539.0,523763.0,525350.0,524448.0,525128.0,522352.0,521261.0,518871.0,518781.0
528607.0,527271.0,529212.0,533191.0,537395.0,540701.0,543586.0,547328.0,548377.0,550948.0,550675.0,552186.0,555932.0,555468.0,553922.0,555286.0,554359.0,552083.0,552444.0,551047.0,548420.0,541115.0,537373.0,533564.0
577646.0,578750.0,580085.0,581133.0,583920.0,583971.0,583499.0,583469.0,584745.0,586516.0,585464.0,586313.0,586456.0,585814.0,585926.0,585473.0,584349.0,585727.0,586465.0,585725.0,583328.0,579370.0,580277.0,578667.0
524851.0,526668.0,528030.0,528540.0,528943.0,525278.0,526937.0,528996.0,528575.0,531021.0,531806.0,529434.0,530544.0,532357.0,534155.0,534426.0,534682.0,531802.0,530555.0,530389.0,531137.0,530116.0,529895.0,527159.0
505990.0,509721.0,514854.0,517742.0,520874.0,525707.0,525499.0,525699.0,522247.0,518185.0,516293.0,517076.0,514904.0,514619.0,515798.0,519510.0,523636.0,526334.0,523862.0,523037.0,522511.0,519297.0,515206.0,510871.0
575894.0,577330.0,580240.0,581899.0,582518.0,582813.0,582319.0,581349.0,581749.0,577985.0,576932.0,578388.0,580503.0,580058.0,582891.0,584471.0,585787.0,584712.0,584306.0,583188.0,582071.0,578179.0,577802.0,576376.0
561825.0,564098.0,564439.0,565174.0,565664.0,566233.0,566521.0,566090.0,563827.0,564962.0,567233.0,567631.0,569991.0,569494.0,569425.0,567499.0,568611.0,569457.0,570107.0,569650.0,566982.0,566310.0,565303.0,563110.0
540198.0,542168.0,541613.0,546511.0,550340.0,550192.0,550395.0,550467.0,553455.0,549627.0,546760.0,546353.0,545820.0,546308.0,548650.0,550135.0,548956.0,551583.0,550921.0,551208.0,545614.0,543966.0,543856.0,541740.0
545820.0,548720.0,549378.0,551520.0,553872.0,557476.0,558072.0,558605.0,559454.0,558556.0,556869.0,555988.0,553015.0,552592.0,551656.0,552350.0,554555.0,558662.0,557335.0,558585.0,555080.0,553894.0,549902.0,547788.0
562643.0,562934.0,563459.0,564008.0,567384.0,569601.0,569074.0,570505.0,574565.0,574571.0,576463.0,576345.0,579291.0,577048.0,579640.0,581604.0,577699.0,576244.0,576038.0,573340.0,568498.0,567849.0,564449.0,562850.0
540799.0,542099.0,545593.0,545900.0,547220.0,547630.0,547789.0,546920.0,547828.0,547590.0,550854.0,549869.0,551209.0,550868.0,550572.0,549900.0,548159.0,548781.0,547998.0,545695.0,545705.0,545547.0,542800.0,543235.0
555510.0,557091.0,557293.0,556745.0,558121.0,557580.0,556598.0,559739.0,558022.0,559082.0,559874.0,562214.0,560738.0,560626.0,560126.0,559930.0,558037.0,555759.0,555570.0,553551.0,554849.0,555703.0,555067.0,555029.0
578634.0,582671.0,582827.0,585728.0,586508.0,583142.0,581862.0,583806.0,586343.0,588217.0,591603.0,590823.0,589728.0,589236.0,588973.0,589236.0,585787.0,585358.0,583689.0,583382.0,584345.0,584006.0,584218.0,580520.0
544375.0,549649.0,552608.0,552585.0,555638.0,559621.0,564798.0,564963.0,564868.0,566698.0,567430.0,569205.0,570697.0,569722.0,566312.0,564116.0,565268.0,563509.0,556126.0,555091.0,552397.0,548409.0,547233.0,545370.0
552387.0,554464.0,557752.0,560461.0,558804.0,556328.0,556625.0,554791.0,556468.0,558671.0,558571.0,560431.0,556736.0,555156.0,553602.0,553113.0,553880.0,556658.0,559270.0,555959.0,555030.0,553101.0,551795.0,554595.0
548887.0,552034.0,553421.0,552181.0,553096.0,553330.0,554584.0,556114.0,557044.0,560064.0,559325.0,561241.0,561451.0,561129.0,560309.0,557927.0,556011.0,554572.0,554024.0,552786.0,553130.0,549678.0,548321.0,547713.0
559470.0,562220.0,561814.0,564285.0,566738.0,569561.0,570974.0,570525.0,569381.0,566203.0,562856.0,564503.0,561901.0,560175.0,560964.0,562034.0,562536.0,564358.0,565935.0,567483.0,566004.0,564785.0,562033.0,562070.0
568991.0,572767.0,575551.0,579051.0,580629.0,580246.0,580423.0,582117.0,586318.0,589412.0,594014.0,597336.0,595151.0,591594.0,587751.0,584293.0,582939.0,581348.0,582747.0,584748.0,579498.0,572404.0,568340.0,567980.0
561329.0,564620.0,569326.0,570651.0,571280.0,573636.0,575139.0,569803.0,571503.0,569218.0,570591.0,572357.0,570550.0,568542.0,568910.0,566788.0,567862.0,569851.0,570701.0,576960.0,573268.0,571534.0,570009.0,568440.0
537465.0,538142.0,540658.0,541151.0,541832.0,541730.0,539759.0,539547.0,540105.0,540296.0,541330.0,542198.0,541969.0,541614.0,539790.0,540178.0,539910.0,539586.0,539871.0,540963.0,541241.0,541764.0,540807.0,539790.0
539602.0,541472.0,541126.0,542970.0,545109.0,546230.0,545023.0,544533.0,544364.0,542261.0,543254.0,543675.0,543109.0,542532.0,541631.0,543027.0,541180.0,542767.0,544487.0,546105.0,546688.0,545450.0,546697.0,540892.0
544023.0,546247.0,549397.0,550327.0,548897.0,552460.0,551830.0,550370.0,552589.0,553400.0,551370.0,554440.0,555202.0,554648.0,552652.0,554277.0,552341.0,550920.0,551812.0,551048.0,552348.0,549341.0,549659.0,547410.0
