1243304.0,1239622.0,1241147.0,1242748.0,1245242.0,1250365.0,1252220.0,1253420.0,1251502.0,1250856.0,1256288.0,1256573.0,1260037.0,1261987.0,1265722.0,1269108.0,1268524.0,1272035.0,1274103.0,1272176.0,1276028.0,1272060.0,1269708.0,1267337.0,1266626.0,1264902.0,1259565.0,1261897.0,1262858.0,1258476.0,1255503.0,1251287.0,1249007.0,1246602.0,1242402.0,1245815.0
1230002.0,1234584.0,1232406.0,1232610.0,1229121.0,1231073.0,1231423.0,1231815.0,1232919.0,1234876.0,1231323.0,1235072.0,1232387.0,1234419.0,1230998.0,1235123.0,1235586.0,1235032.0,1234964.0,1234932.0,1233733.0,1234339.0,1232143.0,1235125.0,1234982.0,1234819.0,1235407.0,1236772.0,1234030.0,1232022.0,1234428.0,1233443.0,1233369.0,1234509.0,1232655.0,1231431.0
1179936.0,1182937.0,1182565.0,1184654.0,1186905.0,1187484.0,1185334.0,1186890.0,1190172.0,1191647.0,1193753.0,1191009.0,1192499.0,1191615.0,1190320.0,1187501.0,1190835.0,1189417.0,1188734.0,1188149.0,1187332.0,1188435.0,1191396.0,1189050.0,1190586.0,1192936.0,1190074.0,1188300.0,1192584.0,1190237.0,1185104.0,1183361.0,1186875.0,1188486.0,1184296.0,1180152.0
1191990.0,1194488.0,1197055.0,1196494.0,1196687.0,1194202.0,1195964.0,1195794.0,1195384.0,1196403.0,1197007.0,1196003.0,1197468.0,1200091.0,1200316.0,1198156.0,1198795.0,1202116.0,1203450.0,1200377.0,1202393.0,1204452.0,1199224.0,1199822.0,1198709.0,1199251.0,1198881.0,1195839.0,1195541.0,1194657.0,1193785.0,1196868.0,1196592.0,1193716.0,1194437.0,1193223.0
1189889.0,1190653.0,1194136.0,1198697.0,1197222.0,1199155.0,1202458.0,1204111.0,1206515.0,1206702.0,1209907.0,1205413.0,1203515.0,1199790.0,1202638.0,1198362.0,1196289.0,1197137.0,1191549.0,1189718.0,1192705.0,1198512.0,1195693.0,1201133.0,1205306.0,1206863.0,1208933.0,1209038.0,1211021.0,1205917.0,1199789.0,1196445.0,1195181.0,1191823.0,1191904.0,1192849.0
1106601.0,1107899.0,1110803.0,1109960.0,1108928.0,1111857.0,1110924.0,1113215.0,1115138.0,1111525.0,1109194.0,1111630.0,1113034.0,1112598.0,1114808.0,1114206.0,1113320.0,1115133.0,1115432.0,1111627.0,1112347.0,1113756.0,1113486.0,1116696.0,1115978.0,1112879.0,1112628.0,1112809.0,1112097.0,1114802.0,1108365.0,1107284.0,1108117.0,1107498.0,1107490.0,1107004.0
1145272.0,1149098.0,1148863.0,1142353.0,1144838.0,1144480.0,1148084.0,1147544.0,1146669.0,1145295.0,1145549.0,1146898.0,1148651.0,1149708.0,1146157.0,1147168.0,1146629.0,1146462.0,1149555.0,1145564.0,1148164.0,1146550.0,1147817.0,1151150.0,1147678.0,1147569.0,1147149.0,1145735.0,1148670.0,1150378.0,1147096.0,1147545.0,1150175.0,1149317.0,1146707.0,1147647.0
1181067.0,1179063.0,1180512.0,1183300.0,1184809.0,1186550.0,1186732.0,1192392.0,1193111.0,1195471.0,1198357.0,1199831.0,1201999.0,1204675.0,1204696.0,1204429.0,1208007.0,1209473.0,1208431.0,1209506.0,1206410.0,1205616.0,1205621.0,1206468.0,1207252.0,1206566.0,1206043.0,1201333.0,1199022.0,1193431.0,1196371.0,1190217.0,1189586.0,1184741.0,1182909.0,1182797.0
1149717.0,1150655.0,1155038.0,1157229.0,1156010.0,1157489.0,1157542.0,1157431.0,1160746.0,1158418.0,1161022.0,1157523.0,1161927.0,1160143.0,1155306.0,1156717.0,1153679.0,1155931.0,1158511.0,1161473.0,1160825.0,1162263.0,1162911.0,1158511.0,1160034.0,1158914.0,1161932.0,1159511.0,1160375.0,1157221.0,1155551.0,1156407.0,1154020.0,1158652.0,1153410.0,1152886.0
1190748.0,1196454.0,1199972.0,1199108.0,1202163.0,1206994.0,1208884.0,1211713.0,1208562.0,1206399.0,1208212.0,1205987.0,1207827.0,1204217.0,1202912.0,1206892.0,1203385.0,1206459.0,1200624.0,1207385.0,1213602.0,1206614.0,1212248.0,1217654.0,1220381.0,1221036.0,1216792.0,1216469.0,1218468.0,1216467.0,1207293.0,1204121.0,1204268.0,1200952.0,1197531.0,1191231.0
1159516.0,1161466.0,1162125.0,1163876.0,1168846.0,1171917.0,1174705.0,1173149.0,1175446.0,1177443.0,1176222.0,1178536.0,1178184.0,1180139.0,1179648.0,1179421.0,1176314.0,1175217.0,1175396.0,1171737.0,1169164.0,1173054.0,1171147.0,1171199.0,1176881.0,1176382.0,1177902.0,1175444.0,1174584.0,1173165.0,1171026.0,1174508.0,1172457.0,1165329.0,1165767.0,1163620.0
1126253.0,1126234.0,1124796.0,1129673.0,1130459.0,1128580.0,1130816.0,1128325.0,1134955.0,1134229.0,1133922.0,1131291.0,1130975.0,1132307.0,1128832.0,1130393.0,1128729.0,1130493.0,1134695.0,1134056.0,1133618.0,1132267.0,1131637.0,1129106.0,1130640.0,1130624.0,1130098.0,1132077.0,1130849.0,1127607.0,1129447.0,1127864.0,1125240.0,1128131.0,1127062.0,1128572.0
1169052.0,1170159.0,1174554.0,1176772.0,1171952.0,1172230.0,1172932.0,1174412.0,1175497.0,1176762.0,1178414.0,1177062.0,1176440.0,1179827.0,1174477.0,1172006.0,1171860.0,1174697.0,1175290.0,1174227.0,1174023.0,1171876.0,1175847.0,1175683.0,1177514.0,1174905.0,1171969.0,1177597.0,1178233.0,1177416.0,1177508.0,1174865.0,1176741.0,1173787.0,1172145.0,1169853.0
1195801.0,1196881.0,1197456.0,1204530.0,1204748.0,1210088.0,1210093.0,1217539.0,1221329.0,1221946.0,1225614.0,1230887.0,1229099.0,1228210.0,1227537.0,1226897.0,1222209.0,1219617.0,1218257.0,1216677.0,1214488.0,1217367.0,1220068.0,1216089.0,1217281.0,1212270.0,1211357.0,1209105.0,1212084.0,1208547.0,1211313.0,1209998.0,1206521.0,1200918.0,1199097.0,1198358.0
1189825.0,1190575.0,1190242.0,1193970.0,1194171.0,1200382.0,1202693.0,1205941.0,1205796.0,1205739.0,1205858.0,1206295.0,1206175.0,1209720.0,1210821.0,1210722.0,1208679.0,1207127.0,1203869.0,1203717.0,1203408.0,1202647.0,1202965.0,1201624.0,1200116.0,1197169.0,1195563.0,1192264.0,1197361.0,1194650.0,1194589.0,1192583.0,1187953.0,1185679.0,1185357.0,1185797.0
1191124.0,1194399.0,1200179.0,1203970.0,1204692.0,1203820.0,1200869.0,1204521.0,1205906.0,1205401.0,1209524.0,1208708.0,1206896.0,1206888.0,1204154.0,1206956.0,1212630.0,1218299.0,1216106.0,1216529.0,1213629.0,1211800.0,1209369.0,1211539.0,1212072.0,1210673.0,1204150.0,1205344.0,1203439.0,1204832.0,1207618.0,1209771.0,1206390.0,1207928.0,1205119.0,1196152.0
1134590.0,1135609.0,1133340.0,1134599.0,1134194.0,1135352.0,1134820.0,1139015.0,1138415.0,1138803.0,1137528.0,1139514.0,1142085.0,1143930.0,1143316.0,1142030.0,1144520.0,1147987.0,1148093.0,1147828.0,1145883.0,1147546.0,1149300.0,1147050.0,1141555.0,1141704.0,1141156.0,1138803.0,1137813.0,1136648.0,1133004.0,1133489.0,1133534.0,1133138.0,1132906.0,1133159.0
1138936.0,1138217.0,1135359.0,1137538.0,1134535.0,1135694.0,1136456.0,1134691.0,1135861.0,1137871.0,1135650.0,1137955.0,1139930.0,1137558.0,1141016.0,1142598.0,1143779.0,1141840.0,1146318.0,1146228.0,1147171.0,1153317.0,1153569.0,1154510.0,1152504.0,1152147.0,1153313.0,1154252.0,1151271.0,1149310.0,1148154.0,1147050.0,1149820.0,1146308.0,1143974.0,1140468.0
1164993.0,1161815.0,1164739.0,1162784.0,1164113.0,1165034.0,1168327.0,1166449.0,1165322.0,1169732.0,1172665.0,1169942.0,1170063.0,1171233.0,1164852.0,1163509.0,1165822.0,1162032.0,1159647.0,1160970.0,1166498.0,1162690.0,1161884.0,1163825.0,1163787.0,1164135.0,1167069.0,1171244.0,1169273.0,1169354.0,1170174.0,1168124.0,1164926.0,1167916.0,1164744.0,1163450.0
1124492.0,1124297.0,1129703.0,1128867.0,1129561.0,1130306.0,1130745.0,1136671.0,1134301.0,1128373.0,1129286.0,1133747.0,1131470.0,1131221.0,1130000.0,1129974.0,1129037.0,1127513.0,1129616.0,1131927.0,1130387.0,1127038.0,1129000.0,1132442.0,1130472.0,1129901.0,1129777.0,1132614.0,1130545.0,1128253.0,1129084.0,1131540.0,1130908.0,1126493.0,1128170.0,1126367.0
1219535.0,1219234.0,1221126.0,1218123.0,1220299.0,1224058.0,1227547.0,1225443.0,1224910.0,1226461.0,1227788.0,1231941.0,1230825.0,1234128.0,1233135.0,1238067.0,1242859.0,1242605.0,1239261.0,1240261.0,1239924.0,1243418.0,1245380.0,1242343.0,1238499.0,1234262.0,1236194.0,1233492.0,1228730.0,1226286.0,1226564.0,1224375.0,1226468.0,1220842.0,1219296.0,1215409.0
1192670.0,1192405.0,1192832.0,1201264.0,1200323.0,1202500.0,1200760.0,1201571.0,1197491.0,1201128.0,1201748.0,1201688.0,1206459.0,1205261.0,1200302.0,1200089.0,1202766.0,1204571.0,1201131.0,1200236.0,1202588.0,1203263.0,1199253.0,1197995.0,1195133.0,1197698.0,1197002.0,1197431.0,1190746.0,1190506.0,1191703.0,1195544.0,1197172.0,1198860.0,1193888.0,1195023.0
1148371.0,1149428.0,1149563.0,1149454.0,1151655.0,1149662.0,1149958.0,1154034.0,1154041.0,1152358.0,1153535.0,1158932.0,1157886.0,1158213.0,1160034.0,1159836.0,1155484.0,1155379.0,1152899.0,1150195.0,1147864.0,1150282.0,1149144.0,1147217.0,1147615.0,1151543.0,1155846.0,1154053.0,1158426.0,1159608.0,1160241.0,1158904.0,1155671.0,1155098.0,1154035.0,1150072.0
1221576.0,1217985.0,1226669.0,1223035.0,1225650.0,1228666.0,1225913.0,1228721.0,1232531.0,1231560.0,1228056.0,1226244.0,1228557.0,1230894.0,1232234.0,1232252.0,1232366.0,1229778.0,1230106.0,1226459.0,1226974.0,1229677.0,1228253.0,1228033.0,1226122.0,1228310.0,1227528.0,1223384.0,1228017.0,1219985.0,1226362.0,1225436.0,1223379.0,1225317.0,1224039.0,1224956.0
1173326.0,1173344.0,1174195.0,1175050.0,1176691.0,1176025.0,1175968.0,1176160.0,1175979.0,1176532.0,1177749.0,1175779.0,1177652.0,1177073.0,1176154.0,1174770.0,1175095.0,1173584.0,1175263.0,1175122.0,1172899.0,1171881.0,1172919.0,1172009.0,1171293.0,1172550.0,1171517.0,1170732.0,1171671.0,1171911.0,1170974.0,1173554.0,1172255.0,1170901.0,1168707.0,1171812.0
1212274.0,1211938.0,1215426.0,1215751.0,1215609.0,1214428.0,1217363.0,1217179.0,1221057.0,1220552.0,1225360.0,1223799.0,1226416.0,1227876.0,1229706.0,1230235.0,1234467.0,1232062.0,1231122.0,1227412.0,1228660.0,1230130.0,1230284.0,1230747.0,1227981.0,1227437.0,1229401.0,1230545.0,1232610.0,1232202.0,1227030.0,1223214.0,1218305.0,1213215.0,1211681.0,1208552.0
1159784.0,1161244.0,1166869.0,1166231.0,1166234.0,1165384.0,1169738.0,1166665.0,1168919.0,1168212.0,1164593.0,1163858.0,1166041.0,1168071.0,1172238.0,1169699.0,1167525.0,1170332.0,1170179.0,1172772.0,1175030.0,1171188.0,1165631.0,1164673.0,1167726.0,1168074.0,1169999.0,1167986.0,1164762.0,1168499.0,1167154.0,1168623.0,1167346.0,1165453.0,1160246.0,1158254.0
1165109.0,1166710.0,1171077.0,1175452.0,1173198.0,1173520.0,1172701.0,1178775.0,1179270.0,1176924.0,1177334.0,1178677.0,1182688.0,1182072.0,1175757.0,1174721.0,1171184.0,1173259.0,1178467.0,1179085.0,1176342.0,1178257.0,1180763.0,1178623.0,1175753.0,1176989.0,1174364.0,1171112.0,1174970.0,1171065.0,1170290.0,1165903.0,1166329.0,1166413.0,1168111.0,1167036.0
1187639.0,1189974.0,1194885.0,1195993.0,1197174.0,1199389.0,1199816.0,1201738.0,1202860.0,1202322.0,1203345.0,1200392.0,1198565.0,1200624.0,1203701.0,1198130.0,1195800.0,1195064.0,1195678.0,1199017.0,1199829.0,1200241.0,1198705.0,1200871.0,1199390.0,1198822.0,1202906.0,1199789.0,1197040.0,1197118.0,1200043.0,1197946.0,1192845.0,1193276.0,1190803.0,1189006.0
1205798.0,1204027.0,1205331.0,1208890.0,1210285.0,1208385.0,1208563.0,1211071.0,1207536.0,1205971.0,1206884.0,1209784.0,1207295.0,1205701.0,1207931.0,1207998.0,1210097.0,1208562.0,1207002.0,1205650.0,1205236.0,1205998.0,1205868.0,1204711.0,1203156.0,1204342.0,1203611.0,1203736.0,1204916.0,1205035.0,1203052.0,1204377.0,1207362.0,1204191.0,1204610.0,1205544.0
1151524.0,1148666.0,1154173.0,1153861.0,1155433.0,1155480.0,1156762.0,1160955.0,1162762.0,1165414.0,1167024.0,1171665.0,1167555.0,1172371.0,1174583.0,1176558.0,1177130.0,1177407.0,1177307.0,1177052.0,1176767.0,1173728.0,1174380.0,1172285.0,1170029.0,1169833.0,1170357.0,1166556.0,1161909.0,1158100.0,1153894.0,1155685.0,1157017.0,1153099.0,1153232.0,1151959.0
1185130.0,1189952.0,1194686.0,1202766.0,1205705.0,1200160.0,1195055.0,1197462.0,1197565.0,1198910.0,1200196.0,1198269.0,1202244.0,1202816.0,1209189.0,1213432.0,1213639.0,1211007.0,1210162.0,1205884.0,1206532.0,1205937.0,1202363.0,1206466.0,1206237.0,1201311.0,1201064.0,1202120.0,1198730.0,1199464.0,1199460.0,1200834.0,1200132.0,1195986.0,1189833.0,1184694.0
1230338.0,1238804.0,1237945.0,1237643.0,1240291.0,1243139.0,1240295.0,1237415.0,1238651.0,1238527.0,1238420.0,1241189.0,1245650.0,1243879.0,1241386.0,1242809.0,1242148.0,1246319.0,1245075.0,1239722.0,1241499.0,1240735.0,1241019.0,1237530.0,1238648.0,1239274.0,1243051.0,1236255.0,1238453.0,1239566.0,1237719.0,1237914.0,1239074.0,1242711.0,1233936.0,1230975.0
1125261.0,1128193.0,1131428.0,1132451.0,1136628.0,1136312.0,1135907.0,1135748.0,1134454.0,1135019.0,1137635.0,1137621.0,1141639.0,1137923.0,1137396.0,1135450.0,1132029.0,1132263.0,1129510.0,1131212.0,1133571.0,1137057.0,1136974.0,1139537.0,1137426.0,1136419.0,1136649.0,1139083.0,1141664.0,1137420.0,1137372.0,1132666.0,1129904.0,1129341.0,1125733.0,1126477.0
1185605.0,1188497.0,1188954.0,1188869.0,1190223.0,1191803.0,1192449.0,1193443.0,1195712.0,1194604.0,1198889.0,1205902.0,1208132.0,1207572.0,1209093.0,1212049.0,1210896.0,1207670.0,1206218.0,1210456.0,1210632.0,1209918.0,1209899.0,1208261.0,1210270.0,1209039.0,1206793.0,1202019.0,1199883.0,1194035.0,1193039.0,1191873.0,1191039.0,1193710.0,1190864.0,1188018.0
1155003.0,1156706.0,1158571.0,1155344.0,1154097.0,1154233.0,1152988.0,1155344.0,1155497.0,1157389.0,1156159.0,1153655.0,1158326.0,1157085.0,1157654.0,1158343.0,1159390.0,1160999.0,1159841.0,1159107.0,1157853.0,1157001.0,1156366.0,1156435.0,1160185.0,1158891.0,1158318.0,1155134.0,1157785.0,1158579.0,1160365.0,1159042.0,1157620.0,1157309.0,1152830.0,1155280.0
1157072.0,1156878.0,1159447.0,1164416.0,1164708.0,1168831.0,1166720.0,1175448.0,1175717.0,1178841.0,1177320.0,1178336.0,1178475.0,1178654.0,1180822.0,1181859.0,1183051.0,1183345.0,1184658.0,1181147.0,1180965.0,1175856.0,1173577.0,1170909.0,1168414.0,1169603.0,1167168.0,1165853.0,1163987.0,1158620.0,1160756.0,1158512.0,1161190.0,1156372.0,1158719.0,1156412.0
1162012.0,1166435.0,1171196.0,1170811.0,1172309.0,1178531.0,1179686.0,1178942.0,1185959.0,1191211.0,1193438.0,1190635.0,1193712.0,1196223.0,1196929.0,1193910.0,1199115.0,1197440.0,1192733.0,1189826.0,1193446.0,1195183.0,1191211.0,1186300.0,1182073.0,1181635.0,1178930.0,1176664.0,1177930.0,1175303.0,1168237.0,1172681.0,1172168.0,1167748.0,1166501.0,1166397.0
1139092.0,1134439.0,1134305.0,1134655.0,1135494.0,1140198.0,1139246.0,1143179.0,1143577.0,1139279.0,1138275.0,1134360.0,1133902.0,1138609.0,1137951.0,1137128.0,1138818.0,1138498.0,1143592.0,1142835.0,1141985.0,1139033.0,1137078.0,1138758.0,1138709.0,1138285.0,1140456.0,1141335.0,1143928.0,1143029.0,1140867.0,1137495.0,1138113.0,1137611.0,1139102.0,1135624.0
1178321.0,1180301.0,1181406.0,1181560.0,1183533.0,1184208.0,1188608.0,1191321.0,1190218.0,1191746.0,1190765.0,1192169.0,1191260.0,1195096.0,1194099.0,1193929.0,1193494.0,1195041.0,1195806.0,1195908.0,1199353.0,1194430.0,1193745.0,1190832.0,1193372.0,1191935.0,1190063.0,1184347.0,1183955.0,1185114.0,1182587.0,1182082.0,1181151.0,1178211.0,1175696.0,1178624.0
1125435.0,1128752.0,1130337.0,1133096.0,1135952.0,1138094.0,1139999.0,1142442.0,1147041.0,1143650.0,1142218.0,1141563.0,1140248.0,1138972.0,1146382.0,1144585.0,1137279.0,1136641.0,1133446.0,1133342.0,1133734.0,1138322.0,1138183.0,1142855.0,1144349.0,1143282.0,1142040.0,1144689.0,1145654.0,1140071.0,1139355.0,1139030.0,1139398.0,1140378.0,1142406.0,1134540.0
1192963.0,1193445.0,1195283.0,1198838.0,1202438.0,1205243.0,1209782.0,1208477.0,1207747.0,1207684.0,1207357.0,1204828.0,1202876.0,1207053.0,1207133.0,1209069.0,1209498.0,1207338.0,1207197.0,1206140.0,1206472.0,1209175.0,1205769.0,1206626.0,1211031.0,1207495.0,1209731.0,1208356.0,1210678.0,1209820.0,1212986.0,1210387.0,1206705.0,1202673.0,1202499.0,1200044.0
1141842.0,1140637.0,1142144.0,1145145.0,1146882.0,1149716.0,1147889.0,1148195.0,1147091.0,1144140.0,1146361.0,1146286.0,1144074.0,1140313.0,1144677.0,1147547.0,1145761.0,1142355.0,1140894.0,1145622.0,1143507.0,1143970.0,1144324.0,1144849.0,1142074.0,1140299.0,1145497.0,1150289.0,1149555.0,1150152.0,1146072.0,1143541.0,1143117.0,1144275.0,1147031.0,1142197.0
1133860.0,1136357.0,1139934.0,1141300.0,1140513.0,1140360.0,1142962.0,1141886.0,1142717.0,1142590.0,1143332.0,1140939.0,1138224.0,1138065.0,1138265.0,1136541.0,1134284.0,1138148.0,1140662.0,1138476.0,1138478.0,1142074.0,1141901.0,1142176.0,1141807.0,1140459.0,1139567.0,1137972.0,1138076.0,1136354.0,1136492.0,1134918.0,1132303.0,1134312.0,1132657.0,1131967.0
1217017.0,1218725.0,1221693.0,1219702.0,1220648.0,1215227.0,1217861.0,1216275.0,1218564.0,1220979.0,1222689.0,1222193.0,1220265.0,1223773.0,1225056.0,1226371.0,1224796.0,1222511.0,1221924.0,1219455.0,1221123.0,1219777.0,1223272.0,1221427.0,1224726.0,1221487.0,1220655.0,1219841.0,1221574.0,1219290.0,1217116.0,1219329.0,1218207.0,1221757.0,1220678.0,1218285.0
1205349.0,1206126.0,1207476.0,1205791.0,1209824.0,1208728.0,1213827.0,1215044.0,1220060.0,1221117.0,1226859.0,1232213.0,1237594.0,1238845.0,1244076.0,1241977.0,1245262.0,1249420.0,1251240.0,1248723.0,1250785.0,1246069.0,1245956.0,1240118.0,1241431.0,1236393.0,1234045.0,1229952.0,1225943.0,1218561.0,1217775.0,1210785.0,1212332.0,1208534.0,1209104.0,1205194.0
1111930.0,1115229.0,1115071.0,1114488.0,1115746.0,1118890.0,1117583.0,1119222.0,1121285.0,1122378.0,1123758.0,1125240.0,1123667.0,1123149.0,1123780.0,1124246.0,1123919.0,1122921.0,1122341.0,1125263.0,1121783.0,1119961.0,1121998.0,1119275.0,1118039.0,1116552.0,1115996.0,1116526.0,1116140.0,1113865.0,1119151.0,1116941.0,1111573.0,1113590.0,1114711.0,1111025.0
1136328.0,1134349.0,1136630.0,1139051.0,1142691.0,1148596.0,1150804.0,1154085.0,1155627.0,1157426.0,1159889.0,1163927.0,1162679.0,1162718.0,1160367.0,1159585.0,1160260.0,1160357.0,1157105.0,1154848.0,1153331.0,1153373.0,1156306.0,1158255.0,1160248.0,1160644.0,1163040.0,1162337.0,1157908.0,1151210.0,1149185.0,1146344.0,1144602.0,1141119.0,1139996.0,1137692.0
1164764.0,1166751.0,1170391.0,1173448.0,1175700.0,1178862.0,1181654.0,1182119.0,1182256.0,1179390.0,1178177.0,1176050.0,1178202.0,1177554.0,1177718.0,1177946.0,1179216.0,1181530.0,1180382.0,1181061.0,1179157.0,1177009.0,1178988.0,1180494.0,1178937.0,1182033.0,1181269.0,1181893.0,1181177.0,1179136.0,1176129.0,1176177.0,1172211.0,1171655.0,1170801.0,1165675.0
1130501.0,1133231.0,1132819.0,1132437.0,1134883.0,1135684.0,1136489.0,1135213.0,1133377.0,1137923.0,1134028.0,1137202.0,1139695.0,1138420.0,1139650.0,1138963.0,1138296.0,1136826.0,1134509.0,1137221.0,1142624.0,1143309.0,1139990.0,1138699.0,1141697.0,1138194.0,1135328.0,1136506.0,1140098.0,1137101.0,1136776.0,1135249.0,1137544.0,1135819.0,1136600.0,1135115.0
1139835.0,1144012.0,1144203.0,1144269.0,1145363.0,1148095.0,1152437.0,1156705.0,1161402.0,1161477.0,1160627.0,1159877.0,1161539.0,1164122.0,1160797.0,1161278.0,1158923.0,1159286.0,1159412.0,1161859.0,1159621.0,1160975.0,1161395.0,1164087.0,1162690.0,1163924.0,1164176.0,1162626.0,1158420.0,1158050.0,1159146.0,1154486.0,1153655.0,1150117.0,1146843.0,1144063.0
1132677.0,1136968.0,1136601.0,1136904.0,1140179.0,1140612.0,1140259.0,1138940.0,1139328.0,1138144.0,1133634.0,1137294.0,1137526.0,1141642.0,1143626.0,1144242.0,1141843.0,1142385.0,1142471.0,1141450.0,1142256.0,1141287.0,1139563.0,1139339.0,1140167.0,1138062.0,1139746.0,1142169.0,1142478.0,1140318.0,1135498.0,1132382.0,1133645.0,1130076.0,1130411.0,1132438.0
1129755.0,1131975.0,1128764.0,1130036.0,1127917.0,1128988.0,1125665.0,1130166.0,1131241.0,1130801.0,1130459.0,1127088.0,1129491.0,1132024.0,1134682.0,1131373.0,1130565.0,1130021.0,1128282.0,1127587.0,1131822.0,1131630.0,1131464.0,1131450.0,1133398.0,1131881.0,1131450.0,1131754.0,1129190.0,1127940.0,1126493.0,1130942.0,1132309.0,1132598.0,1127808.0,1126671.0
1193717.0,1195789.0,1194310.0,1193380.0,1191796.0,1191647.0,1189757.0,1190362.0,1190281.0,1190402.0,1193729.0,1194661.0,1191884.0,1189313.0,1188198.0,1191692.0,1191953.0,1191607.0,1188978.0,1188764.0,1188586.0,1188941.0,1189179.0,1187223.0,1188365.0,1189051.0,1189114.0,1190327.0,1191570.0,1190111.0,1193229.0,1191257.0,1191266.0,1189775.0,1193544.0,1192054.0
1141273.0,1143238.0,1149791.0,1149111.0,1148481.0,1149828.0,1149733.0,1150319.0,1148391.0,1148794.0,1151570.0,1150519.0,1149877.0,1149811.0,1147429.0,1147943.0,1146590.0,1146678.0,1147689.0,1149789.0,1147981.0,1145764.0,1143115.0,1143515.0,1146843.0,1147412.0,1150919.0,1148667.0,1146934.0,1148209.0,1149104.0,1151036.0,1148636.0,1145992.0,1142390.0,1142169.0
1147417.0,1151670.0,1155255.0,1156781.0,1158475.0,1156212.0,1152576.0,1155022.0,1159417.0,1159695.0,1163401.0,1165801.0,1160489.0,1155317.0,1152992.0,1152805.0,1156738.0,1159219.0,1157726.0,1158083.0,1160074.0,1157492.0,1155045.0,1157907.0,1161384.0,1158909.0,1158807.0,1159760.0,1154512.0,1156304.0,1155181.0,1155284.0,1155534.0,1150066.0,1148284.0,1148670.0
1170644.0,1174307.0,1177200.0,1176454.0,1178545.0,1178797.0,1181519.0,1179832.0,1180012.0,1182232.0,1181787.0,1180570.0,1182536.0,1186140.0,1186587.0,1182892.0,1187821.0,1185925.0,1186258.0,1186006.0,1183348.0,1182806.0,1180316.0,1184891.0,1180765.0,1175255.0,1176603.0,1177692.0,1178412.0,1168731.0,1170793.0,1170555.0,1167387.0,1166506.0,1166507.0,1168657.0
1144064.0,1143992.0,1145868.0,1145856.0,1146503.0,1148322.0,1150984.0,1150252.0,1149574.0,1146657.0,1148570.0,1148065.0,1146590.0,1146114.0,1145658.0,1143045.0,1143766.0,1142773.0,1144591.0,1146057.0,1145221.0,1143819.0,1145560.0,1148744.0,1149387.0,1150306.0,1150182.0,1148882.0,1146237.0,1147843.0,1148042.0,1147645.0,1141300.0,1140662.0,1142820.0,1143821.0
1182940.0,1183166.0,1189806.0,1195379.0,1198911.0,1206446.0,1207808.0,1206223.0,1207797.0,1205418.0,1200971.0,1199738.0,1196659.0,1197900.0,1196830.0,1194074.0,1194995.0,1195194.0,1193864.0,1192506.0,1187196.0,1186380.0,1189417.0,1192051.0,1197173.0,1199757.0,1200950.0,1206549.0,1205185.0,1203869.0,1201529.0,1197922.0,1192696.0,1191002.0,1185081.0,1182426.0
1139801.0,1147847.0,1147780.0,1148517.0,1148109.0,1148723.0,1150171.0,1150155.0,1153491.0,1152126.0,1154065.0,1152919.0,1158772.0,1159525.0,1164326.0,1165373.0,1161223.0,1159374.0,1160247.0,1165356.0,1163849.0,1163585.0,1164321.0,1164011.0,1164371.0,1164693.0,1154800.0,1150882.0,1150634.0,1150070.0,1156585.0,1156960.0,1155233.0,1149143.0,1143504.0,1143757.0
1212047.0,1219184.0,1221978.0,1216566.0,1214480.0,1218080.0,1214219.0,1218675.0,1220486.0,1221586.0,1219001.0,1220840.0,1220436.0,1216339.0,1215011.0,1215157.0,1216914.0,1222155.0,1225455.0,1223512.0,1219492.0,1219003.0,1220379.0,1217156.0,1216493.0,1217108.0,1216913.0,1220106.0,1220598.0,1220330.0,1219539.0,1220428.0,1220560.0,1217331.0,1225027.0,1217144.0
1116276.0,1120783.0,1122439.0,1123926.0,1130074.0,1129154.0,1125678.0,1126081.0,1126679.0,1125521.0,1125071.0,1126184.0,1125626.0,1126766.0,1124528.0,1126230.0,1122997.0,1124933.0,1122177.0,1124617.0,1128898.0,1123152.0,1125196.0,1126552.0,1126249.0,1127139.0,1129071.0,1123179.0,1127724.0,1126914.0,1127106.0,1130163.0,1126612.0,1120555.0,1121661.0,1117881.0
1258905.0,1264448.0,1263845.0,1263471.0,1261854.0,1262805.0,1263250.0,1265931.0,1267044.0,1266252.0,1264390.0,1267840.0,1267935.0,1272271.0,1272287.0,1269731.0,1263225.0,1264040.0,1261161.0,1263138.0,1262619.0,1264447.0,1260497.0,1262525.0,1260480.0,1262229.0,1262814.0,1267708.0,1270017.0,1270461.0,1269341.0,1271689.0,1269001.0,1271879.0,1265703.0,1262943.0
1166138.0,1170196.0,1172788.0,1174714.0,1179938.0,1176952.0,1177991.0,1180420.0,1179225.0,1181204.0,1180534.0,1183441.0,1185399.0,1184874.0,1187650.0,1188638.0,1190102.0,1192868.0,1194730.0,1192552.0,1192036.0,1187978.0,1186131.0,1186787.0,1185974.0,1188353.0,1188403.0,1184927.0,1181748.0,1180923.0,1180191.0,1177358.0,1176354.0,1174808.0,1170340.0,1164167.0
1182291.0,1180499.0,1182744.0,1183621.0,1185792.0,1184143.0,1187940.0,1184746.0,1183154.0,1187810.0,1184005.0,1182445.0,1180152.0,1178427.0,1180813.0,1181696.0,1183945.0,1180786.0,1179866.0,1182549.0,1186757.0,1187331.0,1187577.0,1187056.0,1187219.0,1186462.0,1186910.0,1183296.0,1183201.0,1184365.0,1183367.0,1183448.0,1182886.0,1186513.0,1183869.0,1183699.0
1177119.0,1180524.0,1181753.0,1181429.0,1183919.0,1180807.0,1177523.0,1179504.0,1184087.0,1184243.0,1180058.0,1181743.0,1181925.0,1182696.0,1182427.0,1184831.0,1179329.0,1177719.0,1178852.0,1182337.0,1186200.0,1183164.0,1181556.0,1182267.0,1177435.0,1181570.0,1183483.0,1182687.0,1181322.0,1183797.0,1182292.0,1181501.0,1181100.0,1183368.0,1180704.0,1178857.0
1186137.0,1187534.0,1187563.0,1189359.0,1191301.0,1193558.0,1195333.0,1193069.0,1192388.0,1191926.0,1196069.0,1198540.0,1198059.0,1197018.0,1194990.0,1197647.0,1198396.0,1198763.0,1196338.0,1194610.0,1195394.0,1196296.0,1193275.0,1191686.0,1190928.0,1192766.0,1195345.0,1195121.0,1193831.0,1192658.0,1193933.0,1194206.0,1191330.0,1189301.0,1189622.0,1187454.0
1183395.0,1188689.0,1189725.0,1191478.0,1195502.0,1196397.0,1198709.0,1200923.0,1203187.0,1204543.0,1207393.0,1206086.0,1206177.0,1203893.0,1201665.0,1202174.0,1196376.0,1198473.0,1196449.0,1199396.0,1200218.0,1198796.0,1203125.0,1199454.0,1199184.0,1200120.0,1197030.0,1196684.0,1193785.0,1191746.0,1188730.0,1190151.0,1190871.0,1190313.0,1186969.0,1186510.0
1161099.0,1159945.0,1161170.0,1162538.0,1163689.0,1166998.0,1170972.0,1171115.0,1176682.0,1178888.0,1183361.0,1188256.0,1193439.0,1199395.0,1200589.0,1202717.0,1205011.0,1205492.0,1205633.0,1201017.0,1202749.0,1204410.0,1203790.0,1202936.0,1200160.0,1196711.0,1189344.0,1184806.0,1181791.0,1176373.0,1173862.0,1171155.0,1167704.0,1170005.0,1165237.0,1162153.0
1138174.0,1140770.0,1142486.0,1140696.0,1136016.0,1133849.0,1137760.0,1140061.0,1139258.0,1142041.0,1137407.0,1136556.0,1138464.0,1139707.0,1144743.0,1141676.0,1141536.0,1137390.0,1137579.0,1140983.0,1140221.0,1141137.0,1140590.0,1136919.0,1137620.0,1137956.0,1139673.0,1140431.0,1136857.0,1139430.0,1140686.0,1143482.0,1142448.0,1137882.0,1138910.0,1138238.0
1151176.0,1151682.0,1155318.0,1153474.0,1152146.0,1152853.0,1155673.0,1154986.0,1155190.0,1156248.0,1156015.0,1155342.0,1155537.0,1156706.0,1156881.0,1159831.0,1159042.0,1157241.0,1156903.0,1158269.0,1155025.0,1153820.0,1152237.0,1149056.0,1150909.0,1153783.0,1158493.0,1158041.0,1158187.0,1156133.0,1156743.0,1157684.0,1160279.0,1157779.0,1152825.0,1151923.0
1142372.0,1143267.0,1144360.0,1143659.0,1144547.0,1145119.0,1143701.0,1143592.0,1147862.0,1150218.0,1147196.0,1142892.0,1148985.0,1149150.0,1148210.0,1148686.0,1148323.0,1148464.0,1147474.0,1146493.0,1148424.0,1149941.0,1148169.0,1147296.0,1145137.0,1148870.0,1148900.0,1148946.0,1146946.0,1142434.0,1142468.0,1143523.0,1142789.0,1146865.0,1144414.0,1142170.0
1246229.0,1251080.0,1245633.0,1246225.0,1244052.0,1248678.0,1247629.0,1250894.0,1250832.0,1251122.0,1247048.0,1247292.0,1251888.0,1250427.0,1255174.0,1248852.0,1250902.0,1252385.0,1248779.0,1250907.0,1249143.0,1250694.0,1245643.0,1248283.0,1248498.0,1252318.0,1246892.0,1246772.0,1249255.0,1248624.0,1247703.0,1248125.0,1247629.0,1247919.0,1245841.0,1243273.0
1213409.0,1213185.0,1212006.0,1216889.0,1216989.0,1215192.0,1214858.0,1215996.0,1213752.0,1210187.0,1214301.0,1216010.0,1220811.0,1218407.0,1218241.0,1217867.0,1220129.0,1219518.0,1218859.0,1217092.0,1215913.0,1217543.0,1216879.0,1218259.0,1217296.0,1218118.0,1217877.0,1215315.0,1215287.0,1212900.0,1216447.0,1217798.0,1217700.0,1215672.0,1213290.0,1213928.0
1122670.0,1121056.0,1122612.0,1124150.0,1125144.0,1127959.0,1128628.0,1133252.0,1134489.0,1134373.0,1135548.0,1134645.0,1137887.0,1136888.0,1135257.0,1135309.0,1136598.0,1139741.0,1139573.0,1141650.0,1137716.0,1139162.0,1137333.0,1132435.0,1132324.0,1129323.0,1134160.0,1127962.0,1126193.0,1124121.0,1122414.0,1124211.0,1119340.0,1123158.0,1122524.0,1122555.0
1181394.0,1180775.0,1185830.0,1188951.0,1188387.0,1188847.0,1193570.0,1197353.0,1197477.0,1197703.0,1198926.0,1201268.0,1199165.0,1201677.0,1205706.0,1207485.0,1207640.0,1202238.0,1199261.0,1203961.0,1205499.0,1205156.0,1209739.0,1206516.0,1203897.0,1204244.0,1201750.0,1201432.0,1200339.0,1201462.0,1202430.0,1203707.0,1199371.0,1195486.0,1192308.0,1186088.0
1192346.0,1195228.0,1199554.0,1200953.0,1204059.0,1205843.0,1207733.0,1209721.0,1211866.0,1211304.0,1216534.0,1215840.0,1215334.0,1218813.0,1217578.0,1219946.0,1220076.0,1218067.0,1217519.0,1220756.0,1221532.0,1224063.0,1224239.0,1223297.0,1222138.0,1222103.0,1219439.0,1217282.0,1214672.0,1209942.0,1205747.0,1204362.0,1200911.0,1198605.0,1195295.0,1194127.0
1225825.0,1227447.0,1230622.0,1232417.0,1230592.0,1230620.0,1233866.0,1236769.0,1236420.0,1236856.0,1233904.0,1233662.0,1236213.0,1237129.0,1234565.0,1232253.0,1236318.0,1234626.0,1235115.0,1236092.0,1231488.0,1232939.0,1236645.0,1235725.0,1232973.0,1235432.0,1237030.0,1236882.0,1237606.0,1240871.0,1236707.0,1233201.0,1231669.0,1232961.0,1228274.0,1229016.0
1126790.0,1128412.0,1134560.0,1136080.0,1137855.0,1138613.0,1138204.0,1141389.0,1142603.0,1137753.0,1140070.0,1138454.0,1143187.0,1145589.0,1146289.0,1149188.0,1146519.0,1147632.0,1144701.0,1144579.0,1142162.0,1143149.0,1141215.0,1135509.0,1135665.0,1134586.0,1135370.0,1134274.0,1134843.0,1136836.0,1136190.0,1136330.0,1132784.0,1130711.0,1130623.0,1130122.0
1128329.0,1128254.0,1127798.0,1130501.0,1130042.0,1131578.0,1128340.0,1128485.0,1127609.0,1131262.0,1134412.0,1133722.0,1134178.0,1135598.0,1134242.0,1135516.0,1136813.0,1139080.0,1138225.0,1141332.0,1143086.0,1141583.0,1139734.0,1142194.0,1143248.0,1142471.0,1142711.0,1142100.0,1139177.0,1138640.0,1137864.0,1135756.0,1136338.0,1137112.0,1131886.0,1125156.0
1179139.0,1181817.0,1186170.0,1184008.0,1184656.0,1187082.0,1190788.0,1189133.0,1193802.0,1196720.0,1194124.0,1190717.0,1192369.0,1190719.0,1189056.0,1188161.0,1186779.0,1181845.0,1182470.0,1185459.0,1187292.0,1184175.0,1183177.0,1186702.0,1193128.0,1194987.0,1193568.0,1197626.0,1195349.0,1193494.0,1196160.0,1195209.0,1191482.0,1188600.0,1187929.0,1182924.0
1192732.0,1194406.0,1196387.0,1194591.0,1194538.0,1199120.0,1197223.0,1198456.0,1200085.0,1197843.0,1195689.0,1200334.0,1199074.0,1196780.0,1199994.0,1196144.0,1196493.0,1201065.0,1199223.0,1199883.0,1200578.0,1199536.0,1196733.0,1199059.0,1195922.0,1197337.0,1201099.0,1198739.0,1196406.0,1197285.0,1198070.0,1196869.0,1200060.0,1195957.0,1195973.0,1194199.0
1194216.0,1193635.0,1196449.0,1198165.0,1197622.0,1195208.0,1197263.0,1197397.0,1200233.0,1199088.0,1202987.0,1202826.0,1202775.0,1200155.0,1199527.0,1199029.0,1198023.0,1199649.0,1197355.0,1194274.0,1196829.0,1197879.0,1196777.0,1196918.0,1199656.0,1200022.0,1201103.0,1197742.0,1198785.0,1198756.0,1204126.0,1201210.0,1199677.0,1197998.0,1198390.0,1197884.0
1195904.0,1197105.0,1198976.0,1195204.0,1198255.0,1203870.0,1203504.0,1210230.0,1211671.0,1206795.0,1208804.0,1209783.0,1206933.0,1207992.0,1207195.0,1206037.0,1207130.0,1204321.0,1204858.0,1207411.0,1206285.0,1205924.0,1203075.0,1202526.0,1202968.0,1198606.0,1193846.0,1192200.0,1197169.0,1196156.0,1195109.0,1194922.0,1194498.0,1196531.0,1198789.0,1197350.0
1168322.0,1171651.0,1169547.0,1166033.0,1170395.0,1175854.0,1173757.0,1174067.0,1174308.0,1176336.0,1174839.0,1175769.0,1176210.0,1174924.0,1178912.0,1178019.0,1178130.0,1182568.0,1185830.0,1185347.0,1181333.0,1184025.0,1181244.0,1179482.0,1179424.0,1181280.0,1179361.0,1178994.0,1179422.0,1177217.0,1178145.0,1176736.0,1175302.0,1172110.0,1174527.0,1171800.0
1145650.0,1150977.0,1153160.0,1153167.0,1154583.0,1153644.0,1156355.0,1152433.0,1150953.0,1151783.0,1157959.0,1155041.0,1155223.0,1159649.0,1162107.0,1157936.0,1153585.0,1150964.0,1152263.0,1155864.0,1152392.0,1154135.0,1156498.0,1155065.0,1152358.0,1148772.0,1148365.0,1146888.0,1148454.0,1149233.0,1151127.0,1152143.0,1155751.0,1152137.0,1148477.0,1148187.0
1159879.0,1159552.0,1163632.0,1166712.0,1170638.0,1168384.0,1169829.0,1168174.0,1170827.0,1172011.0,1176403.0,1172172.0,1172372.0,1174900.0,1177479.0,1184448.0,1185131.0,1182213.0,1181291.0,1175266.0,1175198.0,1179325.0,1183873.0,1185097.0,1185346.0,1180105.0,1180052.0,1173029.0,1172939.0,1169437.0,1166643.0,1167201.0,1165811.0,1165815.0,1167108.0,1162170.0
1140047.0,1143171.0,1146419.0,1147404.0,1148318.0,1147129.0,1153974.0,1153697.0,1155047.0,1155074.0,1149076.0,1150779.0,1147297.0,1145878.0,1146460.0,1145571.0,1146812.0,1144176.0,1142946.0,1144464.0,1141195.0,1141692.0,1145849.0,1147426.0,1150197.0,1148103.0,1147163.0,1147343.0,1145012.0,1146155.0,1145922.0,1145513.0,1147269.0,1144503.0,1142917.0,1143294.0
1153619.0,1159453.0,1156265.0,1160021.0,1162481.0,1166429.0,1163410.0,1160826.0,1161587.0,1161855.0,1164848.0,1161436.0,1163427.0,1160640.0,1164370.0,1162731.0,1163651.0,1165934.0,1166389.0,1165479.0,1164228.0,1164260.0,1165214.0,1164802.0,1166788.0,1168959.0,1172041.0,1171329.0,1171204.0,1167794.0,1164567.0,1165696.0,1164573.0,1161647.0,1156252.0,1157895.0
1180340.0,1181920.0,1185193.0,1189389.0,1192193.0,1193925.0,1195900.0,1196293.0,1198231.0,1200768.0,1201740.0,1196032.0,1191916.0,1187216.0,1186569.0,1187461.0,1184113.0,1184073.0,1184536.0,1185146.0,1188679.0,1190868.0,1195109.0,1193080.0,1193910.0,1196592.0,1195553.0,1194969.0,1196938.0,1196572.0,1191704.0,1189050.0,1186038.0,1181455.0,1181054.0,1183155.0
1150399.0,1152401.0,1155566.0,1156460.0,1157667.0,1158566.0,1158333.0,1160074.0,1164054.0,1166319.0,1162023.0,1158145.0,1156099.0,1157188.0,1159961.0,1158990.0,1155837.0,1155000.0,1157844.0,1157551.0,1159287.0,1157690.0,1157285.0,1157469.0,1157639.0,1155252.0,1160352.0,1161157.0,1160993.0,1161154.0,1156783.0,1163183.0,1164426.0,1161626.0,1157051.0,1153230.0
1158815.0,1163368.0,1161021.0,1166820.0,1174674.0,1178153.0,1178622.0,1182999.0,1184355.0,1185033.0,1184127.0,1183793.0,1187730.0,1186367.0,1182401.0,1182236.0,1180311.0,1177633.0,1176912.0,1178764.0,1179403.0,1180437.0,1179714.0,1178066.0,1180412.0,1179028.0,1180637.0,1177108.0,1180979.0,1181219.0,1177915.0,1173343.0,1170938.0,1166757.0,1162483.0,1159969.0
1183887.0,1185464.0,1187141.0,1189190.0,1193737.0,1192132.0,1193568.0,1194560.0,1191944.0,1191354.0,1193032.0,1194232.0,1193168.0,1191572.0,1190096.0,1187698.0,1190022.0,1189548.0,1191034.0,1191219.0,1191084.0,1194074.0,1199443.0,1199258.0,1201326.0,1199927.0,1200842.0,1197759.0,1195124.0,1192642.0,1192133.0,1190618.0,1186631.0,1185515.0,1188148.0,1183754.0
1201369.0,1209624.0,1214952.0,1221203.0,1226805.0,1227552.0,1225849.0,1223860.0,1219655.0,1220651.0,1224158.0,1225414.0,1229904.0,1232286.0,1232031.0,1230661.0,1228134.0,1220987.0,1222872.0,1221599.0,1219710.0,1222944.0,1223545.0,1223543.0,1218582.0,1215874.0,1215248.0,1211450.0,1210659.0,1210731.0,1214479.0,1212971.0,1213411.0,1210681.0,1203709.0,1202941.0
1187484.0,1188854.0,1196392.0,1192432.0,1194155.0,1195328.0,1197323.0,1198134.0,1201017.0,1203063.0,1200954.0,1202618.0,1202348.0,1202475.0,1196978.0,1206224.0,1205550.0,1205615.0,1202216.0,1206594.0,1204386.0,1207782.0,1204352.0,1204899.0,1203016.0,1205465.0,1198785.0,1196905.0,1196837.0,1198077.0,1198512.0,1195398.0,1192614.0,1192319.0,1193832.0,1190789.0
1155905.0,1153089.0,1158221.0,1157913.0,1160612.0,1161647.0,1157683.0,1159293.0,1159866.0,1159242.0,1163653.0,1165436.0,1167252.0,1168632.0,1170858.0,1170610.0,1170478.0,1174616.0,1172185.0,1169109.0,1175447.0,1172925.0,1172228.0,1171950.0,1165099.0,1168326.0,1166641.0,1164248.0,1168204.0,1162878.0,1162479.0,1159605.0,1155104.0,1159785.0,1158609.0,1156040.0
1148766.0,1153165.0,1148466.0,1152067.0,1154416.0,1153619.0,1155489.0,1150801.0,1154240.0,1154126.0,1154697.0,1151272.0,1152869.0,1153131.0,1150127.0,1150323.0,1150311.0,1150742.0,1150681.0,1146688.0,1157069.0,1152995.0,1154646.0,1152288.0,1156115.0,1156731.0,1154429.0,1158569.0,1154991.0,1153023.0,1156005.0,1147590.0,1151397.0,1146021.0,1151422.0,1149261.0
1166451.0,1166838.0,1170501.0,1173876.0,1172194.0,1173653.0,1173151.0,1174782.0,1170202.0,1172476.0,1170929.0,1170016.0,1167959.0,1171469.0,1174589.0,1172132.0,1172114.0,1172499.0,1169996.0,1169486.0,1169763.0,1171457.0,1170801.0,1170216.0,1171041.0,1168194.0,1171441.0,1170131.0,1171244.0,1168612.0,1172810.0,1172507.0,1171209.0,1171127.0,1171056.0,1169770.0
1133906.0,1134447.0,1138487.0,1137126.0,1140526.0,1141824.0,1140170.0,1140079.0,1141700.0,1141883.0,1142171.0,1139947.0,1141482.0,1139836.0,1139370.0,1140776.0,1141171.0,1138513.0,1138716.0,1140244.0,1139158.0,1140891.0,1137669.0,1140933.0,1139500.0,1137915.0,1137752.0,1139561.0,1135667.0,1137420.0,1134545.0,1135275.0,1133485.0,1135856.0,1136048.0,1133775.0
1132185.0,1131777.0,1135719.0,1141274.0,1144059.0,1148411.0,1145196.0,1144062.0,1143347.0,1144515.0,1141654.0,1142362.0,1136660.0,1137822.0,1137227.0,1134762.0,1134497.0,1138612.0,1139392.0,1137182.0,1139486.0,1138726.0,1141731.0,1143529.0,1138218.0,1141800.0,1144327.0,1144164.0,1142972.0,1143829.0,1139660.0,1144030.0,1138404.0,1138638.0,1136594.0,1134989.0
1123667.0,1125142.0,1130479.0,1131465.0,1133665.0,1133967.0,1131788.0,1132061.0,1130065.0,1130787.0,1134176.0,1135411.0,1133085.0,1133448.0,1137488.0,1140843.0,1140142.0,1137430.0,1136010.0,1135255.0,1132060.0,1131094.0,1134037.0,1131027.0,1130898.0,1128467.0,1130490.0,1131643.0,1130446.0,1130941.0,1130608.0,1126939.0,1125548.0,1125326.0,1122082.0,1122992.0
1162414.0,1161904.0,1162323.0,1163253.0,1163201.0,1164742.0,1163532.0,1166561.0,1163467.0,1164686.0,1162786.0,1167602.0,1162090.0,1161412.0,1165530.0,1166818.0,1165637.0,1166584.0,1163413.0,1166859.0,1166812.0,1169686.0,1166709.0,1167734.0,1167117.0,1167847.0,1167896.0,1165228.0,1166304.0,1166979.0,1163444.0,1164903.0,1162739.0,1163301.0,1162663.0,1165300.0
1242459.0,1243641.0,1243307.0,1245032.0,1246865.0,1248661.0,1250861.0,1253005.0,1251673.0,1250744.0,1250485.0,1249946.0,1250713.0,1252571.0,1251499.0,1253252.0,1252609.0,1253524.0,1251718.0,1251911.0,1250596.0,1250459.0,1252524.0,1253000.0,1253321.0,1249342.0,1246757.0,1245709.0,1246886.0,1250631.0,1247826.0,1251929.0,1248724.0,1249108.0,1249811.0,1245205.0
1212202.0,1214065.0,1214265.0,1214329.0,1215319.0,1215682.0,1218197.0,1217688.0,1217751.0,1219529.0,1220857.0,1222361.0,1223791.0,1225234.0,1223159.0,1226257.0,1228652.0,1226710.0,1229569.0,1225461.0,1224729.0,1227852.0,1227046.0,1229854.0,1226802.0,1224093.0,1221835.0,1221126.0,1220303.0,1220945.0,1215748.0,1212378.0,1210408.0,1211441.0,1211884.0,1213582.0
1116971.0,1119653.0,1125004.0,1129111.0,1126448.0,1123197.0,1120809.0,1123888.0,1122519.0,1120083.0,1117627.0,1118258.0,1118338.0,1122629.0,1123199.0,1121626.0,1125457.0,1129318.0,1129403.0,1128816.0,1123296.0,1120833.0,1122165.0,1125853.0,1127034.0,1127510.0,1126068.0,1125407.0,1124331.0,1124191.0,1125707.0,1122872.0,1121614.0,1122134.0,1121051.0,1117502.0
1179184.0,1181529.0,1183380.0,1185205.0,1186360.0,1188506.0,1193374.0,1196218.0,1200772.0,1198631.0,1200899.0,1204447.0,1211596.0,1213075.0,1218133.0,1218122.0,1217097.0,1219870.0,1224616.0,1226762.0,1228163.0,1230227.0,1224313.0,1216273.0,1210985.0,1208368.0,1204338.0,1205874.0,1204202.0,1200477.0,1198048.0,1193355.0,1187965.0,1183653.0,1185795.0,1184188.0
1108220.0,1108152.0,1108107.0,1115111.0,1113423.0,1117018.0,1125411.0,1124891.0,1122779.0,1125192.0,1124523.0,1124582.0,1123581.0,1123337.0,1126073.0,1131391.0,1132487.0,1133214.0,1134833.0,1133319.0,1128316.0,1129310.0,1127688.0,1125850.0,1118817.0,1119778.0,1120328.0,1119837.0,1124400.0,1121254.0,1120024.0,1119341.0,1112568.0,1109317.0,1113291.0,1113587.0
1181559.0,1181712.0,1182985.0,1184946.0,1186622.0,1184862.0,1184805.0,1189849.0,1185535.0,1185955.0,1188215.0,1186533.0,1187123.0,1189866.0,1190868.0,1192352.0,1193825.0,1198390.0,1194351.0,1196751.0,1198258.0,1197296.0,1197461.0,1202941.0,1196850.0,1194906.0,1197416.0,1195108.0,1192145.0,1189904.0,1189250.0,1191188.0,1183410.0,1183997.0,1181440.0,1181740.0
1167908.0,1174152.0,1174911.0,1169647.0,1172813.0,1176117.0,1175552.0,1173747.0,1173200.0,1177706.0,1175525.0,1171986.0,1170972.0,1173205.0,1168580.0,1165757.0,1169846.0,1174211.0,1173380.0,1173306.0,1171575.0,1173144.0,1172571.0,1170862.0,1168827.0,1171535.0,1172266.0,1167675.0,1171389.0,1170310.0,1173637.0,1172324.0,1172173.0,1174444.0,1175583.0,1169126.0
1146602.0,1146283.0,1148788.0,1152240.0,1150436.0,1152815.0,1148253.0,1148915.0,1149587.0,1150035.0,1148967.0,1146247.0,1147897.0,1152446.0,1157815.0,1165013.0,1161483.0,1158884.0,1158425.0,1157081.0,1161932.0,1163317.0,1157128.0,1156562.0,1150562.0,1152022.0,1151909.0,1151517.0,1154371.0,1153154.0,1154926.0,1156928.0,1156118.0,1154603.0,1152766.0,1147259.0
1138625.0,1138544.0,1141376.0,1139529.0,1142383.0,1142272.0,1142487.0,1142498.0,1145169.0,1144659.0,1147574.0,1146793.0,1143724.0,1145473.0,1145805.0,1145515.0,1144650.0,1143698.0,1143556.0,1144468.0,1141666.0,1142788.0,1141499.0,1142034.0,1145662.0,1143007.0,1143592.0,1144287.0,1143438.0,1145847.0,1144193.0,1141160.0,1141841.0,1141754.0,1140069.0,1141415.0
1194625.0,1195712.0,1195945.0,1196103.0,1195599.0,1196537.0,1197182.0,1197611.0,1199004.0,1200379.0,1204837.0,1201688.0,1205483.0,1207305.0,1209381.0,1207704.0,1206656.0,1209247.0,1208264.0,1209966.0,1211715.0,1214124.0,1213087.0,1211978.0,1214094.0,1211177.0,1210591.0,1210302.0,1209075.0,1205942.0,1206040.0,1203603.0,1201716.0,1198868.0,1196222.0,1196490.0
1230541.0,1228655.0,1229503.0,1235629.0,1240857.0,1243451.0,1246200.0,1251286.0,1255005.0,1257944.0,1263792.0,1267500.0,1268713.0,1269738.0,1266012.0,1262973.0,1266101.0,1267013.0,1267585.0,1266126.0,1258053.0,1258445.0,1254209.0,1253208.0,1255043.0,1259574.0,1263220.0,1263249.0,1259639.0,1253718.0,1249118.0,1249192.0,1245522.0,1241810.0,1239391.0,1233293.0
1218944.0,1215280.0,1219641.0,1228357.0,1229193.0,1226900.0,1222960.0,1224361.0,1226728.0,1228527.0,1227072.0,1224139.0,1225518.0,1222304.0,1225174.0,1228032.0,1228946.0,1223906.0,1222075.0,1222836.0,1226204.0,1227906.0,1227957.0,1223899.0,1219289.0,1222784.0,1225701.0,1227666.0,1227193.0,1227347.0,1225764.0,1225523.0,1229022.0,1230638.0,1230350.0,1223540.0
1130661.0,1130696.0,1132370.0,1139190.0,1142547.0,1146400.0,1145340.0,1148383.0,1147617.0,1151159.0,1149680.0,1147168.0,1147679.0,1148282.0,1143982.0,1138859.0,1135269.0,1138237.0,1143933.0,1148544.0,1150934.0,1150491.0,1146365.0,1145860.0,1150752.0,1154145.0,1151374.0,1148505.0,1146131.0,1147954.0,1143496.0,1140817.0,1140435.0,1144241.0,1142853.0,1134393.0
1189956.0,1189367.0,1198461.0,1202268.0,1199817.0,1199135.0,1200338.0,1202019.0,1206388.0,1204218.0,1203693.0,1207767.0,1210286.0,1206091.0,1207065.0,1206031.0,1205422.0,1205454.0,1201788.0,1204412.0,1204559.0,1207413.0,1201336.0,1199599.0,1204487.0,1206250.0,1204343.0,1205337.0,1201924.0,1199933.0,1203736.0,1197654.0,1198387.0,1199015.0,1200066.0,1198289.0
1148681.0,1151107.0,1150919.0,1150124.0,1152605.0,1156243.0,1158303.0,1156534.0,1159128.0,1160409.0,1157313.0,1158174.0,1157936.0,1156721.0,1155852.0,1155248.0,1153617.0,1153272.0,1155081.0,1155354.0,1158131.0,1158840.0,1160323.0,1160144.0,1157624.0,1157965.0,1155850.0,1155657.0,1156276.0,1157105.0,1156993.0,1152366.0,1153789.0,1157168.0,1152673.0,1150163.0
1181943.0,1184496.0,1181540.0,1185512.0,1183762.0,1183982.0,1187145.0,1186852.0,1190147.0,1187328.0,1185869.0,1185236.0,1182764.0,1184260.0,1182605.0,1185236.0,1186998.0,1186063.0,1188806.0,1187766.0,1188280.0,1187818.0,1189001.0,1189078.0,1186604.0,1184333.0,1184560.0,1182161.0,1186742.0,1185966.0,1190088.0,1188813.0,1187098.0,1182795.0,1183296.0,1179789.0
1208341.0,1210431.0,1212697.0,1211536.0,1215481.0,1220887.0,1219519.0,1221094.0,1222059.0,1220512.0,1217157.0,1218971.0,1222839.0,1222283.0,1222788.0,1220400.0,1222159.0,1219989.0,1216970.0,1218750.0,1221150.0,1221130.0,1222564.0,1224409.0,1222811.0,1223558.0,1221695.0,1225101.0,1223897.0,1221754.0,1221643.0,1220739.0,1217673.0,1217468.0,1215319.0,1211514.0
1181202.0,1185210.0,1188402.0,1188704.0,1190620.0,1188957.0,1196546.0,1194386.0,1196378.0,1193934.0,1198536.0,1195782.0,1194378.0,1195379.0,1190180.0,1191580.0,1191736.0,1190944.0,1189447.0,1192074.0,1194831.0,1191406.0,1192262.0,1195290.0,1193660.0,1193497.0,1192076.0,1190507.0,1189301.0,1186979.0,1189866.0,1187215.0,1182367.0,1180616.0,1181178.0,1182270.0
1207439.0,1211033.0,1210818.0,1210376.0,1218086.0,1217640.0,1217602.0,1221155.0,1216185.0,1220713.0,1224652.0,1226285.0,1232926.0,1233883.0,1232535.0,1236143.0,1232327.0,1232278.0,1234109.0,1233761.0,1236758.0,1237173.0,1233378.0,1236719.0,1232274.0,1230218.0,1228728.0,1220627.0,1220853.0,1221307.0,1219280.0,1220322.0,1216364.0,1211446.0,1211236.0,1209547.0
1175780.0,1177990.0,1182813.0,1183644.0,1183408.0,1182763.0,1187716.0,1191793.0,1195415.0,1197434.0,1203855.0,1201180.0,1202775.0,1202698.0,1202474.0,1203472.0,1202367.0,1201138.0,1201097.0,1200216.0,1201668.0,1205525.0,1208354.0,1210154.0,1211925.0,1209486.0,1206167.0,1204227.0,1199648.0,1198894.0,1194091.0,1190548.0,1187960.0,1182010.0,1177159.0,1174060.0
1143262.0,1145908.0,1146856.0,1147685.0,1147879.0,1149756.0,1146134.0,1148293.0,1149781.0,1149998.0,1147718.0,1149080.0,1151785.0,1152170.0,1152700.0,1151660.0,1150899.0,1153989.0,1152631.0,1152246.0,1152522.0,1154220.0,1155484.0,1152046.0,1152476.0,1155302.0,1155755.0,1148865.0,1148705.0,1149250.0,1151841.0,1151900.0,1148731.0,1146099.0,1147764.0,1147326.0
1130694.0,1134211.0,1134708.0,1137955.0,1141656.0,1146874.0,1152052.0,1156007.0,1162290.0,1164991.0,1171286.0,1176197.0,1179128.0,1183892.0,1188065.0,1189191.0,1190802.0,1190073.0,1189136.0,1183903.0,1181581.0,1181477.0,1180125.0,1175678.0,1169455.0,1161767.0,1159705.0,1147164.0,1143944.0,1143350.0,1139857.0,1138853.0,1132458.0,1131981.0,1128990.0,1129032.0
1212919.0,1218170.0,1220035.0,1222801.0,1226442.0,1226396.0,1226249.0,1227000.0,1229838.0,1231134.0,1233418.0,1233892.0,1228682.0,1232374.0,1231887.0,1230730.0,1232140.0,1229153.0,1227865.0,1232011.0,1227440.0,1235213.0,1235160.0,1236363.0,1237901.0,1233537.0,1229763.0,1228953.0,1229445.0,1227386.0,1228863.0,1224966.0,1224107.0,1222425.0,1219942.0,1217048.0
1165649.0,1166770.0,1169139.0,1172697.0,1176594.0,1182130.0,1183718.0,1184776.0,1184739.0,1180820.0,1179921.0,1177779.0,1177558.0,1176000.0,1174572.0,1174902.0,1175756.0,1177014.0,1176802.0,1176798.0,1174455.0,1171699.0,1171261.0,1168380.0,1168021.0,1166927.0,1165762.0,1169278.0,1171104.0,1169890.0,1170494.0,1167659.0,1168187.0,1167430.0,1167688.0,1166911.0
1129141.0,1129183.0,1132133.0,1133468.0,1127730.0,1129703.0,1126806.0,1131889.0,1130362.0,1131587.0,1132326.0,1132622.0,1132017.0,1137639.0,1131441.0,1133332.0,1132422.0,1131033.0,1128706.0,1131558.0,1129702.0,1130860.0,1129173.0,1131366.0,1128555.0,1131002.0,1131687.0,1132744.0,1132277.0,1131581.0,1133609.0,1132496.0,1131537.0,1132435.0,1134022.0,1133564.0
1196196.0,1196987.0,1195526.0,1196055.0,1196462.0,1194334.0,1195783.0,1198125.0,1197337.0,1197264.0,1197774.0,1197236.0,1199537.0,1198404.0,1196862.0,1195918.0,1198272.0,1199897.0,1197020.0,1198578.0,1199536.0,1198381.0,1198900.0,1199595.0,1202043.0,1200600.0,1198316.0,1198946.0,1201897.0,1201576.0,1201456.0,1198643.0,1197401.0,1195582.0,1193932.0,1195357.0
1181035.0,1183357.0,1183797.0,1183802.0,1184075.0,1184191.0,1186431.0,1186898.0,1191519.0,1191410.0,1187199.0,1190133.0,1191033.0,1193087.0,1192939.0,1196594.0,1199092.0,1198958.0,1199141.0,1197787.0,1195927.0,1195964.0,1192205.0,1193342.0,1195115.0,1192332.0,1196802.0,1195195.0,1195378.0,1190231.0,1189753.0,1187100.0,1182350.0,1186112.0,1184419.0,1181857.0
1168723.0,1170816.0,1169311.0,1165801.0,1164723.0,1170591.0,1173467.0,1174202.0,1177136.0,1178513.0,1178767.0,1179384.0,1181617.0,1182835.0,1186026.0,1191178.0,1193330.0,1194500.0,1195942.0,1200331.0,1199272.0,1197322.0,1193607.0,1191578.0,1189777.0,1190278.0,1190833.0,1186380.0,1184743.0,1183818.0,1179924.0,1180838.0,1183073.0,1175411.0,1171637.0,1170712.0
1147492.0,1148958.0,1150689.0,1150138.0,1149356.0,1154025.0,1155085.0,1152742.0,1154806.0,1153664.0,1156975.0,1155257.0,1152703.0,1153618.0,1154996.0,1156815.0,1156264.0,1155279.0,1157495.0,1159135.0,1158397.0,1158523.0,1158127.0,1155614.0,1154286.0,1158839.0,1156991.0,1153478.0,1150989.0,1153284.0,1156455.0,1149767.0,1145391.0,1148522.0,1149577.0,1149988.0
1172037.0,1173475.0,1177148.0,1180542.0,1183699.0,1181970.0,1179430.0,1177915.0,1178925.0,1176181.0,1177056.0,1183149.0,1186583.0,1185126.0,1184806.0,1184535.0,1181151.0,1178904.0,1180928.0,1180333.0,1178651.0,1178939.0,1180190.0,1182057.0,1179363.0,1177569.0,1178790.0,1177225.0,1179797.0,1178132.0,1179128.0,1181136.0,1177127.0,1177269.0,1175253.0,1170445.0
1148432.0,1144757.0,1147985.0,1148318.0,1145783.0,1151095.0,1154316.0,1150427.0,1158550.0,1156508.0,1156793.0,1157878.0,1156287.0,1157296.0,1157092.0,1155327.0,1156723.0,1156447.0,1153647.0,1156017.0,1151059.0,1150705.0,1152024.0,1151675.0,1151428.0,1154661.0,1147720.0,1152628.0,1151462.0,1152102.0,1155935.0,1150962.0,1151455.0,1152731.0,1147207.0,1146410.0
1156689.0,1158134.0,1156527.0,1158977.0,1158278.0,1158600.0,1159401.0,1156620.0,1162426.0,1158017.0,1158051.0,1159132.0,1160004.0,1163129.0,1163671.0,1163395.0,1163852.0,1165323.0,1163806.0,1163734.0,1164713.0,1166532.0,1162530.0,1167803.0,1166683.0,1163996.0,1165579.0,1163453.0,1162618.0,1159914.0,1162313.0,1165959.0,1161978.0,1160236.0,1162377.0,1163372.0
1139758.0,1137169.0,1140409.0,1138664.0,1140183.0,1142344.0,1143876.0,1145195.0,1143256.0,1144260.0,1145000.0,1142935.0,1143663.0,1144195.0,1142690.0,1145530.0,1144870.0,1144304.0,1143467.0,1143669.0,1142213.0,1142520.0,1142147.0,1139952.0,1140666.0,1140191.0,1139987.0,1141207.0,1141090.0,1142166.0,1144247.0,1144196.0,1143038.0,1146812.0,1145185.0,1142266.0
1170328.0,1174822.0,1179913.0,1178474.0,1180104.0,1179660.0,1180287.0,1180749.0,1181398.0,1180685.0,1178041.0,1176580.0,1179328.0,1180350.0,1179655.0,1178421.0,1176415.0,1176633.0,1175591.0,1176403.0,1177866.0,1178868.0,1179585.0,1183958.0,1182479.0,1178862.0,1178253.0,1180749.0,1183265.0,1181661.0,1181660.0,1177200.0,1176503.0,1175941.0,1176029.0,1173044.0
1117290.0,1117275.0,1120305.0,1128924.0,1126775.0,1123758.0,1121825.0,1122800.0,1123158.0,1122191.0,1126172.0,1132221.0,1135207.0,1133505.0,1131791.0,1130778.0,1130018.0,1125574.0,1126373.0,1122847.0,1122971.0,1124537.0,1122681.0,1121896.0,1116571.0,1118567.0,1115966.0,1117852.0,1118386.0,1121513.0,1123429.0,1118521.0,1117142.0,1116589.0,1117745.0,1116261.0
1208529.0,1210884.0,1209124.0,1207902.0,1213024.0,1211696.0,1210716.0,1212233.0,1211506.0,1212065.0,1213676.0,1216279.0,1217392.0,1220624.0,1222561.0,1220626.0,1219797.0,1220533.0,1221139.0,1219551.0,1218651.0,1220315.0,1222514.0,1221164.0,1216302.0,1214215.0,1215486.0,1212623.0,1212882.0,1211948.0,1211534.0,1214265.0,1210717.0,1209396.0,1209814.0,1208525.0
1208710.0,1208174.0,1209713.0,1208745.0,1212239.0,1213975.0,1214372.0,1220509.0,1219282.0,1222181.0,1223072.0,1224609.0,1223035.0,1228685.0,1228668.0,1226504.0,1222879.0,1222664.0,1222716.0,1222540.0,1223072.0,1221719.0,1222148.0,1226222.0,1231057.0,1225072.0,1225702.0,1224807.0,1225550.0,1226910.0,1227001.0,1217440.0,1216085.0,1219113.0,1218667.0,1211691.0
1138242.0,1138105.0,1141478.0,1142673.0,1145927.0,1145659.0,1147272.0,1145958.0,1145792.0,1143773.0,1141316.0,1145689.0,1143881.0,1148175.0,1147908.0,1148640.0,1151175.0,1150680.0,1150695.0,1147394.0,1151698.0,1149298.0,1152265.0,1152290.0,1152271.0,1150153.0,1151126.0,1147751.0,1149025.0,1150138.0,1149833.0,1147673.0,1147181.0,1149064.0,1144237.0,1144389.0
1164050.0,1164264.0,1165191.0,1166727.0,1166226.0,1168764.0,1171587.0,1172194.0,1171242.0,1166509.0,1169952.0,1171704.0,1170690.0,1171583.0,1168311.0,1170121.0,1169507.0,1167139.0,1171334.0,1167930.0,1166347.0,1167875.0,1169217.0,1168307.0,1165241.0,1166476.0,1167887.0,1170727.0,1167713.0,1169915.0,1173073.0,1168309.0,1169128.0,1165053.0,1167848.0,1168131.0
1202527.0,1210376.0,1210061.0,1214073.0,1219744.0,1222034.0,1223398.0,1226960.0,1227626.0,1230661.0,1229393.0,1230822.0,1229954.0,1225720.0,1226425.0,1225550.0,1222546.0,1223855.0,1223753.0,1225487.0,1223179.0,1222758.0,1221753.0,1222217.0,1221865.0,1218093.0,1218325.0,1215071.0,1213867.0,1206813.0,1209380.0,1205980.0,1206528.0,1203606.0,1204723.0,1205061.0
1221654.0,1225542.0,1227432.0,1227783.0,1228469.0,1227661.0,1228278.0,1227831.0,1226178.0,1231371.0,1236229.0,1237331.0,1241603.0,1240789.0,1236869.0,1233164.0,1233575.0,1235478.0,1241279.0,1246336.0,1244898.0,1241894.0,1241208.0,1239601.0,1243968.0,1244543.0,1242667.0,1240832.0,1236168.0,1233670.0,1232748.0,1229709.0,1229164.0,1231434.0,1231909.0,1224783.0
1206067.0,1210086.0,1209835.0,1210427.0,1213394.0,1214969.0,1215334.0,1214920.0,1213239.0,1214540.0,1218750.0,1218286.0,1222654.0,1222768.0,1221092.0,1222824.0,1216228.0,1217575.0,1218564.0,1216524.0,1218192.0,1217040.0,1215070.0,1214130.0,1214363.0,1211562.0,1210373.0,1210785.0,1208145.0,1209477.0,1207819.0,1207510.0,1207767.0,1206147.0,1209751.0,1209191.0
1148541.0,1153233.0,1152078.0,1154820.0,1154302.0,1157890.0,1158113.0,1159903.0,1158831.0,1158064.0,1155759.0,1156668.0,1158520.0,1158840.0,1159654.0,1155620.0,1156498.0,1155125.0,1155519.0,1159562.0,1160492.0,1161082.0,1159566.0,1160961.0,1161493.0,1158141.0,1159194.0,1159067.0,1158348.0,1155073.0,1154011.0,1153335.0,1154263.0,1151830.0,1154199.0,1150611.0
1141709.0,1145389.0,1149205.0,1148290.0,1150309.0,1149073.0,1147034.0,1150540.0,1147959.0,1146044.0,1149745.0,1151698.0,1149412.0,1149258.0,1150736.0,1152337.0,1153477.0,1152019.0,1151629.0,1151332.0,1149384.0,1146342.0,1146979.0,1148381.0,1146905.0,1147425.0,1149821.0,1148935.0,1148410.0,1148710.0,1146323.0,1146622.0,1145969.0,1144328.0,1147190.0,1144969.0
1204811.0,1204958.0,1207658.0,1208042.0,1208537.0,1210244.0,1206744.0,1208644.0,1209286.0,1210560.0,1212710.0,1211765.0,1212875.0,1212795.0,1209732.0,1209731.0,1212021.0,1213119.0,1212830.0,1209305.0,1212966.0,1211627.0,1211074.0,1210483.0,1209604.0,1212471.0,1212298.0,1208976.0,1210972.0,1208422.0,1208708.0,1209828.0,1207064.0,1210390.0,1208451.0,1208281.0
1178627.0,1179409.0,1181616.0,1183657.0,1184219.0,1185644.0,1182328.0,1180004.0,1180548.0,1177235.0,1179621.0,1182788.0,1181498.0,1179773.0,1181971.0,1182515.0,1184354.0,1187330.0,1183114.0,1185743.0,1187060.0,1190581.0,1189746.0,1186560.0,1185265.0,1182993.0,1180686.0,1179918.0,1179913.0,1177274.0,1180351.0,1181049.0,1184239.0,1180561.0,1177861.0,1176519.0
1174370.0,1173382.0,1176648.0,1182097.0,1184286.0,1182403.0,1181532.0,1185917.0,1186712.0,1187086.0,1191771.0,1190959.0,1185965.0,1188152.0,1184326.0,1183364.0,1183941.0,1182608.0,1185781.0,1188684.0,1185212.0,1186069.0,1187480.0,1186816.0,1188488.0,1191803.0,1192261.0,1192250.0,1189963.0,1184563.0,1186404.0,1190118.0,1186469.0,1186946.0,1187403.0,1178651.0
1152090.0,1153117.0,1154314.0,1153931.0,1154883.0,1158978.0,1162016.0,1160458.0,1159727.0,1161851.0,1161721.0,1163562.0,1165830.0,1166494.0,1168424.0,1169062.0,1168040.0,1165508.0,1165538.0,1164837.0,1162734.0,1162754.0,1162486.0,1158669.0,1156094.0,1157874.0,1158766.0,1156963.0,1158037.0,1157961.0,1158065.0,1158419.0,1155617.0,1153606.0,1150879.0,1152329.0
1218165.0,1221659.0,1226861.0,1230852.0,1231718.0,1231569.0,1235529.0,1234691.0,1238990.0,1246066.0,1246271.0,1246969.0,1244951.0,1243401.0,1244557.0,1243958.0,1241397.0,1242885.0,1241450.0,1239990.0,1239243.0,1241215.0,1239766.0,1243386.0,1246196.0,1244210.0,1238984.0,1236222.0,1235289.0,1232781.0,1229354.0,1226015.0,1225393.0,1219772.0,1218078.0,1215055.0
1171117.0,1172848.0,1175372.0,1179253.0,1186130.0,1192695.0,1193145.0,1195825.0,1192838.0,1189880.0,1188246.0,1190235.0,1192312.0,1192087.0,1194147.0,1196467.0,1202190.0,1207620.0,1212409.0,1211446.0,1206838.0,1202620.0,1198047.0,1192904.0,1192063.0,1189549.0,1187047.0,1186469.0,1188728.0,1189827.0,1191002.0,1187436.0,1184420.0,1177928.0,1172755.0,1172385.0
1191738.0,1191368.0,1194183.0,1194832.0,1199954.0,1196540.0,1196555.0,1202163.0,1201078.0,1202444.0,1203411.0,1201874.0,1205298.0,1205319.0,1204326.0,1201942.0,1203502.0,1205092.0,1204354.0,1199749.0,1198775.0,1198750.0,1200246.0,1199961.0,1198749.0,1198876.0,1196254.0,1202160.0,1201894.0,1199475.0,1197749.0,1194235.0,1195510.0,1197656.0,1200600.0,1194324.0
1209175.0,1213487.0,1213173.0,1220314.0,1218198.0,1222022.0,1222510.0,1228873.0,1230539.0,1230574.0,1232865.0,1230406.0,1234726.0,1234645.0,1236342.0,1233646.0,1231410.0,1229479.0,1229367.0,1224762.0,1227288.0,1223703.0,1224154.0,1225186.0,1223819.0,1225650.0,1225925.0,1227531.0,1226938.0,1226006.0,1221296.0,1214730.0,1210639.0,1210125.0,1205312.0,1207217.0
1165695.0,1162697.0,1161743.0,1162551.0,1165547.0,1163871.0,1166438.0,1166879.0,1169951.0,1167795.0,1169063.0,1166942.0,1171888.0,1170344.0,1167502.0,1169147.0,1168550.0,1169202.0,1165996.0,1165003.0,1163109.0,1162863.0,1162080.0,1166949.0,1164371.0,1167586.0,1168456.0,1173083.0,1168222.0,1167423.0,1166935.0,1169562.0,1171196.0,1166250.0,1166198.0,1165069.0
1205642.0,1213122.0,1216423.0,1218437.0,1223784.0,1220860.0,1223751.0,1221958.0,1216594.0,1217920.0,1216652.0,1218439.0,1217433.0,1222305.0,1227194.0,1225789.0,1228583.0,1232271.0,1229583.0,1232558.0,1228015.0,1225783.0,1221623.0,1221292.0,1222732.0,1223027.0,1223213.0,1228039.0,1221650.0,1221781.0,1224877.0,1217992.0,1216339.0,1211639.0,1205752.0,1208180.0
1162615.0,1161324.0,1158017.0,1162651.0,1167717.0,1171652.0,1175868.0,1180456.0,1178800.0,1181454.0,1178859.0,1179875.0,1181197.0,1182334.0,1183266.0,1182808.0,1182639.0,1184591.0,1185412.0,1185429.0,1182993.0,1184391.0,1181421.0,1182734.0,1183179.0,1180328.0,1180326.0,1181434.0,1180515.0,1181111.0,1177330.0,1175707.0,1175815.0,1170421.0,1170143.0,1166052.0
1176613.0,1178674.0,1175934.0,1178645.0,1180304.0,1178104.0,1179627.0,1181517.0,1184797.0,1180090.0,1181895.0,1181300.0,1180105.0,1181328.0,1180978.0,1184584.0,1182807.0,1182490.0,1179460.0,1181318.0,1184162.0,1183158.0,1180668.0,1184231.0,1183433.0,1182855.0,1181757.0,1184582.0,1181531.0,1178978.0,1178419.0,1180747.0,1179250.0,1177637.0,1180164.0,1176798.0
1226936.0,1227107.0,1230468.0,1232263.0,1237279.0,1242010.0,1245527.0,1247763.0,1248214.0,1253143.0,1256238.0,1256777.0,1257458.0,1258485.0,1258398.0,1259301.0,1261869.0,1260250.0,1258948.0,1253612.0,1253360.0,1248442.0,1250793.0,1252718.0,1253578.0,1255484.0,1259476.0,1255164.0,1256054.0,1258110.0,1256725.0,1251774.0,1245377.0,1240580.0,1236956.0,1228891.0
1147922.0,1150047.0,1152240.0,1152812.0,1154040.0,1155664.0,1153675.0,1154994.0,1152365.0,1148942.0,1150230.0,1150323.0,1151189.0,1151758.0,1150942.0,1157717.0,1155452.0,1154011.0,1157448.0,1159308.0,1157786.0,1158229.0,1154972.0,1151399.0,1152614.0,1152674.0,1155050.0,1155752.0,1151576.0,1152175.0,1157560.0,1157501.0,1154398.0,1148416.0,1145814.0,1144817.0
1206823.0,1209070.0,1204339.0,1204632.0,1207841.0,1212454.0,1214885.0,1219188.0,1228249.0,1232162.0,1232707.0,1238861.0,1241102.0,1235203.0,1239903.0,1232694.0,1230657.0,1226354.0,1222614.0,1221746.0,1222272.0,1220671.0,1223870.0,1227437.0,1231719.0,1231136.0,1234878.0,1240863.0,1238609.0,1239472.0,1238835.0,1235257.0,1229886.0,1224949.0,1218849.0,1213829.0
1169526.0,1169346.0,1171717.0,1174244.0,1174674.0,1177885.0,1179275.0,1177630.0,1178787.0,1179333.0,1179336.0,1177141.0,1174609.0,1170353.0,1171960.0,1171961.0,1171376.0,1175407.0,1176179.0,1176743.0,1177574.0,1179478.0,1177509.0,1181641.0,1181400.0,1182136.0,1182251.0,1182688.0,1182934.0,1179175.0,1180825.0,1175324.0,1176353.0,1169937.0,1169723.0,1169714.0
1144001.0,1144809.0,1150396.0,1147643.0,1149954.0,1147813.0,1149296.0,1148905.0,1148534.0,1147719.0,1148423.0,1147012.0,1144577.0,1143087.0,1146040.0,1149873.0,1151076.0,1150418.0,1148492.0,1148216.0,1148354.0,1145765.0,1143954.0,1141613.0,1143507.0,1146864.0,1147872.0,1148272.0,1146153.0,1144540.0,1146263.0,1145571.0,1147850.0,1147772.0,1147588.0,1144642.0
1175102.0,1177412.0,1176608.0,1178698.0,1179725.0,1179507.0,1180301.0,1179739.0,1180534.0,1181819.0,1183455.0,1180817.0,1185345.0,1192374.0,1193001.0,1196193.0,1191742.0,1195532.0,1195711.0,1190603.0,1189952.0,1189510.0,1190306.0,1191533.0,1193756.0,1192920.0,1190856.0,1188898.0,1187152.0,1187188.0,1181546.0,1182369.0,1181250.0,1178079.0,1177546.0,1178105.0
1232201.0,1241689.0,1243685.0,1243201.0,1239019.0,1236038.0,1230367.0,1228370.0,1230020.0,1230496.0,1236791.0,1236042.0,1236753.0,1234754.0,1238270.0,1231881.0,1227966.0,1232868.0,1238382.0,1237408.0,1239887.0,1242443.0,1242668.0,1238415.0,1235642.0,1234992.0,1236345.0,1237000.0,1240339.0,1241879.0,1241729.0,1239955.0,1240145.0,1237227.0,1234869.0,1232108.0
1179405.0,1182743.0,1178862.0,1181997.0,1180178.0,1180877.0,1179418.0,1181132.0,1176880.0,1179466.0,1177553.0,1181286.0,1179306.0,1180961.0,1180874.0,1179933.0,1181018.0,1183670.0,1185471.0,1185112.0,1181819.0,1185831.0,1182129.0,1184531.0,1184851.0,1185920.0,1185183.0,1184238.0,1183482.0,1183759.0,1184116.0,1184520.0,1182570.0,1184914.0,1184445.0,1182926.0
1158687.0,1158559.0,1164015.0,1169341.0,1168861.0,1171850.0,1170979.0,1170224.0,1166453.0,1169635.0,1169216.0,1169308.0,1170644.0,1166084.0,1157855.0,1163888.0,1165055.0,1162567.0,1162122.0,1164834.0,1166464.0,1163999.0,1165793.0,1168605.0,1169054.0,1173523.0,1174428.0,1170640.0,1171496.0,1170156.0,1165016.0,1169654.0,1167503.0,1165590.0,1162178.0,1159330.0
1141084.0,1143528.0,1140080.0,1143474.0,1145876.0,1143935.0,1145201.0,1146609.0,1144606.0,1145040.0,1143623.0,1146440.0,1144470.0,1147751.0,1145795.0,1146743.0,1148049.0,1142850.0,1144947.0,1145909.0,1148739.0,1142867.0,1143195.0,1144426.0,1143699.0,1141800.0,1142276.0,1138719.0,1141911.0,1138339.0,1139470.0,1138272.0,1141742.0,1139504.0,1137301.0,1136648.0
1132516.0,1136787.0,1136020.0,1141118.0,1137487.0,1141395.0,1146263.0,1145893.0,1148488.0,1149045.0,1152690.0,1159648.0,1161578.0,1161211.0,1164246.0,1163715.0,1164315.0,1163097.0,1163686.0,1162874.0,1163276.0,1164783.0,1161731.0,1158221.0,1158805.0,1155150.0,1151340.0,1149518.0,1146103.0,1144126.0,1139935.0,1139550.0,1136592.0,1133108.0,1132701.0,1133309.0
1134533.0,1134614.0,1137886.0,1136207.0,1137437.0,1139034.0,1138670.0,1138223.0,1136993.0,1138189.0,1140240.0,1136981.0,1136805.0,1137895.0,1140554.0,1140658.0,1138386.0,1141341.0,1143129.0,1140350.0,1142173.0,1142318.0,1140772.0,1141020.0,1139444.0,1137966.0,1141177.0,1138278.0,1135830.0,1138324.0,1136564.0,1137354.0,1136398.0,1137099.0,1136823.0,1137555.0
1212894.0,1215897.0,1219399.0,1220271.0,1217824.0,1217100.0,1216837.0,1217933.0,1218681.0,1217225.0,1217738.0,1217155.0,1213995.0,1213125.0,1218468.0,1221434.0,1217161.0,1212858.0,1214816.0,1219891.0,1218057.0,1216018.0,1219345.0,1216238.0,1213758.0,1214844.0,1216227.0,1219908.0,1220167.0,1213254.0,1212036.0,1215211.0,1214091.0,1214392.0,1214586.0,1214422.0
1122538.0,1123445.0,1121032.0,1125705.0,1126601.0,1129007.0,1131837.0,1133009.0,1135527.0,1138688.0,1140101.0,1139750.0,1139867.0,1137491.0,1132302.0,1130697.0,1129472.0,1128162.0,1128580.0,1126801.0,1128331.0,1125787.0,1131210.0,1131388.0,1136751.0,1137038.0,1137392.0,1138064.0,1141207.0,1142455.0,1140546.0,1134565.0,1131330.0,1130572.0,1128552.0,1126776.0
1187069.0,1191699.0,1195745.0,1198293.0,1199250.0,1200656.0,1200134.0,1198076.0,1195901.0,1196328.0,1196092.0,1202865.0,1205268.0,1203890.0,1204874.0,1203536.0,1199093.0,1199006.0,1198128.0,1201046.0,1201545.0,1200807.0,1200913.0,1201497.0,1200437.0,1198189.0,1197761.0,1195859.0,1197042.0,1197541.0,1200750.0,1196597.0,1198934.0,1196019.0,1190468.0,1186932.0
1176155.0,1179671.0,1182512.0,1184114.0,1183449.0,1179134.0,1180687.0,1187128.0,1189563.0,1187105.0,1185856.0,1184046.0,1187833.0,1187704.0,1183902.0,1178068.0,1176371.0,1178518.0,1183911.0,1181750.0,1182716.0,1181968.0,1182119.0,1187271.0,1190046.0,1184351.0,1183023.0,1187169.0,1188323.0,1187677.0,1185280.0,1179441.0,1180382.0,1180710.0,1184124.0,1179107.0
1178672.0,1178723.0,1178255.0,1178562.0,1179399.0,1185874.0,1184215.0,1186182.0,1188458.0,1190921.0,1190616.0,1192409.0,1192223.0,1194913.0,1194302.0,1193312.0,1194250.0,1196002.0,1195662.0,1195003.0,1194352.0,1193798.0,1194216.0,1192267.0,1189566.0,1189530.0,1189121.0,1188635.0,1184824.0,1185821.0,1185084.0,1183993.0,1181981.0,1180582.0,1179816.0,1179855.0
1183042.0,1183015.0,1185614.0,1186780.0,1187948.0,1188353.0,1190201.0,1192972.0,1191632.0,1189850.0,1186273.0,1189034.0,1188619.0,1187740.0,1191037.0,1189923.0,1191228.0,1194165.0,1195719.0,1197090.0,1194912.0,1192680.0,1190563.0,1190951.0,1189499.0,1190652.0,1189834.0,1192287.0,1191099.0,1194753.0,1194196.0,1194903.0,1191658.0,1187878.0,1183678.0,1184814.0
1222732.0,1222139.0,1228208.0,1229194.0,1230305.0,1229774.0,1229616.0,1228503.0,1235727.0,1233906.0,1229646.0,1229943.0,1235789.0,1232299.0,1230907.0,1230439.0,1232162.0,1232437.0,1236212.0,1234060.0,1229868.0,1229014.0,1228581.0,1229904.0,1232582.0,1233257.0,1230620.0,1230819.0,1231562.0,1231478.0,1229581.0,1228200.0,1226805.0,1224680.0,1226913.0,1225542.0
1173098.0,1172973.0,1176375.0,1184672.0,1187303.0,1190498.0,1194280.0,1196903.0,1197949.0,1192480.0,1193946.0,1188112.0,1188789.0,1187501.0,1184443.0,1190039.0,1188297.0,1188013.0,1184397.0,1186890.0,1183946.0,1182303.0,1183871.0,1182606.0,1186645.0,1188930.0,1192842.0,1198562.0,1200528.0,1202298.0,1197739.0,1193198.0,1189230.0,1185580.0,1179044.0,1175244.0
1130233.0,1135473.0,1135859.0,1137828.0,1136833.0,1137323.0,1140640.0,1141126.0,1138713.0,1134546.0,1137258.0,1140622.0,1141723.0,1140423.0,1141987.0,1143271.0,1144022.0,1147788.0,1148346.0,1148308.0,1149495.0,1148161.0,1147283.0,1144723.0,1140800.0,1137905.0,1135439.0,1137444.0,1138716.0,1141354.0,1140478.0,1139747.0,1139057.0,1141295.0,1133162.0,1133047.0
1164871.0,1168313.0,1167158.0,1167627.0,1167750.0,1169288.0,1167776.0,1168234.0,1175391.0,1172501.0,1169475.0,1174453.0,1175870.0,1172705.0,1169701.0,1174435.0,1171407.0,1171188.0,1173817.0,1171154.0,1168365.0,1167926.0,1167095.0,1165840.0,1165165.0,1166336.0,1165117.0,1163132.0,1166639.0,1162365.0,1160479.0,1161065.0,1163100.0,1160262.0,1162404.0,1165436.0
1202036.0,1202529.0,1204643.0,1205345.0,1210798.0,1208933.0,1210004.0,1213229.0,1216550.0,1221804.0,1225773.0,1224811.0,1229025.0,1231705.0,1232787.0,1234033.0,1237761.0,1236892.0,1235896.0,1234730.0,1235384.0,1238839.0,1234621.0,1229689.0,1228431.0,1228866.0,1224015.0,1222316.0,1222036.0,1220219.0,1216118.0,1212297.0,1210834.0,1208863.0,1208378.0,1203154.0
1181925.0,1182101.0,1182991.0,1186744.0,1186957.0,1189946.0,1191959.0,1192102.0,1188914.0,1189913.0,1191550.0,1195885.0,1196796.0,1196796.0,1197351.0,1194355.0,1197131.0,1199281.0,1201259.0,1199348.0,1197718.0,1191832.0,1194960.0,1195346.0,1198371.0,1196492.0,1197045.0,1196053.0,1197950.0,1198154.0,1195177.0,1192610.0,1189046.0,1191981.0,1188176.0,1185961.0
1189630.0,1187389.0,1187964.0,1191242.0,1195380.0,1194900.0,1195695.0,1195475.0,1199127.0,1204410.0,1202426.0,1201982.0,1204198.0,1201541.0,1203246.0,1206341.0,1205794.0,1204424.0,1200513.0,1201576.0,1206853.0,1205340.0,1202099.0,1202397.0,1200431.0,1201520.0,1200274.0,1200056.0,1198818.0,1195198.0,1197156.0,1195739.0,1192520.0,1191666.0,1190664.0,1191702.0
1161772.0,1165098.0,1165978.0,1162565.0,1162518.0,1165725.0,1166835.0,1166642.0,1166457.0,1165715.0,1171829.0,1170315.0,1169427.0,1171229.0,1171616.0,1173934.0,1175255.0,1174965.0,1174027.0,1174191.0,1173866.0,1174139.0,1174248.0,1175577.0,1175647.0,1172640.0,1170090.0,1168670.0,1173366.0,1170594.0,1167335.0,1168989.0,1167743.0,1164776.0,1164358.0,1163303.0
1160065.0,1159043.0,1159824.0,1162584.0,1163560.0,1160272.0,1159679.0,1161881.0,1163973.0,1163499.0,1162199.0,1162078.0,1165164.0,1166990.0,1168384.0,1169312.0,1168594.0,1168869.0,1171335.0,1172674.0,1172194.0,1171951.0,1169339.0,1170872.0,1173875.0,1172031.0,1167727.0,1166827.0,1168287.0,1167198.0,1166829.0,1167000.0,1164555.0,1162974.0,1162054.0,1160096.0
1191421.0,1194939.0,1196630.0,1201860.0,1206594.0,1214300.0,1218546.0,1220339.0,1225363.0,1225916.0,1231488.0,1230121.0,1230415.0,1228519.0,1226675.0,1223769.0,1221698.0,1219398.0,1219406.0,1220798.0,1221711.0,1223134.0,1225859.0,1231896.0,1236928.0,1238771.0,1237735.0,1235554.0,1230231.0,1226249.0,1223056.0,1217325.0,1215571.0,1210030.0,1202447.0,1196428.0
1135069.0,1140800.0,1143779.0,1145253.0,1144815.0,1146314.0,1143394.0,1147615.0,1147484.0,1146889.0,1146225.0,1148601.0,1149901.0,1152699.0,1151726.0,1151610.0,1153639.0,1150954.0,1152680.0,1154046.0,1154203.0,1152618.0,1151316.0,1146693.0,1148613.0,1145922.0,1147084.0,1144278.0,1145867.0,1143981.0,1146414.0,1143282.0,1143639.0,1139283.0,1138358.0,1138916.0
1147326.0,1147556.0,1147802.0,1153269.0,1157718.0,1152565.0,1155150.0,1153758.0,1157119.0,1152256.0,1150792.0,1148703.0,1151909.0,1152206.0,1153296.0,1151813.0,1154590.0,1153579.0,1152059.0,1148217.0,1147672.0,1151335.0,1153410.0,1153637.0,1155562.0,1155121.0,1157592.0,1153984.0,1149976.0,1149947.0,1151865.0,1152602.0,1149199.0,1148539.0,1147964.0,1148282.0
1168364.0,1169389.0,1168502.0,1168208.0,1170882.0,1172388.0,1170636.0,1170080.0,1171528.0,1169252.0,1171557.0,1173550.0,1175799.0,1173366.0,1170602.0,1171436.0,1174857.0,1172225.0,1171477.0,1172397.0,1171927.0,1169924.0,1169044.0,1169686.0,1169439.0,1170307.0,1170376.0,1172250.0,1174981.0,1170382.0,1166367.0,1166195.0,1167059.0,1169692.0,1172949.0,1171475.0
1191462.0,1193176.0,1190745.0,1189988.0,1192728.0,1193376.0,1196046.0,1192897.0,1194003.0,1195922.0,1199082.0,1198851.0,1200191.0,1197337.0,1202151.0,1195828.0,1196400.0,1193766.0,1196857.0,1198834.0,1198481.0,1201539.0,1201523.0,1204315.0,1201487.0,1203067.0,1199805.0,1202085.0,1202154.0,1199750.0,1198388.0,1196622.0,1197723.0,1195672.0,1193422.0,1194427.0
1176356.0,1176176.0,1174451.0,1176105.0,1180883.0,1181487.0,1177045.0,1181600.0,1181007.0,1177928.0,1180361.0,1183595.0,1183441.0,1182639.0,1183642.0,1180747.0,1177819.0,1179802.0,1182454.0,1181829.0,1183169.0,1183706.0,1185512.0,1182265.0,1181912.0,1183917.0,1180870.0,1181045.0,1178243.0,1182021.0,1182265.0,1179232.0,1180870.0,1183354.0,1179536.0,1174940.0
1164103.0,1165750.0,1164569.0,1161665.0,1167135.0,1171222.0,1169153.0,1169432.0,1167902.0,1166661.0,1166902.0,1167361.0,1170991.0,1168544.0,1165667.0,1167180.0,1165987.0,1166350.0,1167713.0,1164012.0,1163644.0,1163314.0,1165355.0,1168825.0,1168373.0,1165071.0,1169226.0,1170441.0,1165232.0,1168954.0,1168201.0,1165378.0,1165999.0,1163895.0,1163534.0,1163519.0
1157911.0,1161455.0,1161354.0,1160437.0,1162650.0,1156400.0,1165283.0,1159562.0,1160413.0,1160025.0,1160235.0,1162339.0,1160595.0,1162385.0,1160511.0,1159385.0,1161635.0,1159500.0,1160410.0,1160345.0,1159507.0,1160646.0,1157158.0,1162988.0,1158547.0,1163749.0,1159026.0,1161083.0,1159796.0,1159367.0,1161812.0,1159965.0,1161572.0,1160145.0,1160661.0,1159984.0
1160420.0,1162558.0,1162359.0,1159697.0,1158822.0,1160271.0,1165302.0,1165170.0,1168204.0,1163935.0,1164132.0,1164934.0,1165163.0,1163404.0,1164530.0,1166394.0,1164079.0,1165587.0,1164181.0,1164255.0,1165488.0,1165012.0,1162168.0,1159290.0,1162030.0,1162141.0,1166997.0,1166735.0,1166521.0,1165931.0,1167445.0,1170720.0,1170536.0,1169494.0,1165895.0,1159494.0
1150463.0,1148553.0,1143639.0,1145922.0,1147591.0,1149747.0,1147271.0,1146496.0,1143446.0,1148849.0,1149736.0,1151232.0,1151395.0,1152681.0,1149582.0,1150893.0,1151254.0,1153845.0,1152617.0,1149603.0,1147825.0,1149503.0,1151703.0,1152172.0,1148826.0,1150970.0,1147431.0,1152391.0,1152466.0,1151616.0,1149755.0,1151679.0,1150404.0,1149641.0,1149644.0,1151673.0
1099502.0,1100637.0,1104907.0,1102947.0,1104117.0,1103605.0,1101176.0,1095790.0,1097166.0,1101453.0,1104315.0,1103292.0,1100615.0,1097985.0,1099648.0,1098927.0,1102865.0,1102804.0,1103578.0,1105858.0,1103686.0,1102904.0,1102696.0,1100960.0,1100042.0,1100016.0,1104981.0,1102159.0,1102406.0,1102801.0,1101478.0,1099656.0,1099081.0,1105325.0,1104561.0,1100805.0
1163475.0,1164095.0,1166248.0,1169876.0,1177201.0,1178691.0,1178647.0,1181914.0,1183660.0,1183769.0,1191672.0,1195126.0,1197650.0,1200043.0,1201038.0,1201994.0,1202507.0,1203262.0,1201792.0,1198702.0,1198559.0,1199546.0,1198810.0,1194951.0,1193064.0,1189502.0,1186468.0,1187142.0,1184552.0,1184378.0,1185608.0,1181033.0,1174918.0,1174030.0,1173009.0,1166296.0
1246742.0,1245163.0,1245692.0,1248188.0,1247089.0,1249405.0,1249433.0,1247804.0,1251042.0,1255704.0,1258045.0,1261053.0,1258846.0,1263729.0,1261856.0,1263655.0,1263488.0,1266336.0,1265943.0,1269673.0,1268849.0,1265292.0,1265683.0,1265233.0,1263602.0,1263426.0,1260512.0,1258721.0,1255554.0,1254025.0,1250423.0,1251875.0,1250287.0,1250471.0,1248376.0,1249977.0
1156310.0,1161131.0,1164834.0,1166340.0,1178324.0,1182235.0,1184823.0,1189463.0,1188752.0,1190497.0,1189115.0,1185816.0,1192799.0,1194630.0,1197031.0,1201139.0,1200658.0,1205660.0,1205445.0,1207159.0,1206162.0,1202896.0,1200933.0,1199300.0,1194055.0,1194628.0,1191841.0,1194714.0,1191638.0,1189805.0,1184481.0,1181698.0,1175367.0,1168288.0,1161532.0,1156513.0
1147730.0,1150988.0,1151993.0,1150005.0,1149324.0,1153507.0,1149674.0,1153115.0,1153861.0,1152558.0,1150055.0,1154110.0,1154554.0,1157908.0,1157742.0,1158268.0,1153257.0,1155764.0,1156966.0,1159786.0,1158586.0,1158464.0,1158669.0,1159896.0,1157919.0,1158613.0,1157103.0,1156755.0,1153879.0,1153605.0,1150906.0,1149206.0,1150245.0,1150495.0,1148695.0,1147271.0
1073423.0,1073501.0,1076865.0,1075034.0,1075171.0,1077289.0,1078993.0,1078637.0,1077920.0,1079996.0,1077368.0,1077434.0,1077075.0,1078264.0,1078182.0,1076854.0,1078257.0,1080112.0,1080108.0,1084832.0,1085466.0,1080863.0,1082599.0,1082804.0,1081094.0,1079517.0,1080899.0,1078413.0,1081749.0,1081372.0,1078272.0,1078040.0,1079591.0,1078116.0,1077164.0,1077382.0
1119953.0,1121056.0,1121728.0,1122035.0,1121437.0,1125457.0,1122602.0,1123801.0,1126939.0,1126078.0,1128309.0,1127615.0,1126804.0,1126481.0,1124970.0,1121363.0,1121102.0,1121595.0,1119658.0,1120100.0,1120995.0,1121660.0,1123680.0,1123268.0,1123414.0,1125748.0,1124682.0,1126107.0,1127028.0,1127776.0,1127734.0,1123526.0,1121701.0,1122339.0,1120285.0,1121954.0
1140783.0,1142773.0,1143577.0,1145020.0,1145567.0,1145561.0,1147658.0,1148609.0,1144670.0,1142292.0,1144683.0,1143382.0,1142737.0,1144494.0,1144884.0,1146059.0,1142139.0,1147512.0,1144622.0,1145750.0,1143243.0,1142614.0,1142752.0,1143764.0,1143534.0,1145175.0,1145490.0,1146488.0,1142633.0,1140150.0,1141322.0,1141949.0,1145442.0,1148141.0,1145764.0,1144639.0
1179503.0,1178947.0,1178491.0,1180336.0,1180523.0,1180862.0,1184938.0,1181461.0,1184716.0,1184147.0,1184857.0,1185276.0,1182137.0,1185412.0,1182441.0,1185201.0,1189039.0,1187312.0,1188851.0,1192679.0,1192117.0,1194866.0,1190705.0,1191524.0,1189466.0,1190780.0,1188797.0,1185751.0,1184872.0,1184661.0,1182974.0,1185659.0,1182933.0,1181617.0,1185110.0,1180167.0
1136145.0,1140821.0,1141003.0,1140404.0,1140786.0,1141338.0,1139187.0,1138216.0,1142722.0,1140157.0,1139418.0,1138852.0,1139463.0,1138107.0,1136943.0,1138567.0,1137997.0,1135982.0,1139121.0,1142455.0,1141318.0,1140615.0,1141461.0,1142146.0,1143149.0,1142152.0,1140085.0,1138807.0,1137311.0,1137876.0,1136948.0,1137868.0,1132451.0,1136773.0,1136837.0,1135379.0
1153631.0,1153573.0,1154186.0,1158590.0,1157719.0,1157560.0,1161690.0,1159004.0,1163013.0,1159714.0,1159776.0,1157404.0,1155980.0,1152217.0,1151523.0,1152335.0,1153773.0,1156776.0,1163405.0,1161178.0,1162365.0,1161433.0,1157007.0,1154533.0,1154034.0,1153933.0,1153365.0,1156178.0,1159120.0,1160492.0,1164288.0,1163973.0,1162587.0,1160646.0,1155577.0,1155256.0
1188241.0,1190321.0,1191971.0,1193137.0,1193523.0,1194801.0,1197916.0,1199691.0,1201906.0,1205276.0,1205072.0,1204472.0,1204463.0,1202257.0,1201848.0,1200215.0,1199445.0,1194948.0,1196063.0,1194583.0,1198347.0,1197450.0,1202622.0,1203560.0,1202266.0,1201873.0,1203887.0,1210458.0,1208021.0,1204358.0,1204097.0,1204784.0,1201318.0,1199352.0,1194152.0,1189894.0
1161711.0,1161497.0,1160712.0,1164854.0,1163874.0,1164480.0,1161953.0,1167664.0,1168621.0,1169352.0,1171093.0,1167962.0,1168125.0,1169165.0,1170904.0,1170539.0,1169167.0,1167373.0,1163925.0,1165092.0,1166818.0,1167801.0,1171342.0,1165761.0,1167140.0,1168070.0,1171471.0,1169691.0,1166505.0,1168352.0,1166643.0,1168870.0,1167111.0,1168975.0,1169393.0,1168130.0
1163220.0,1164667.0,1165721.0,1168408.0,1164608.0,1166047.0,1168526.0,1169898.0,1169331.0,1171374.0,1172007.0,1173941.0,1173410.0,1175570.0,1174080.0,1175958.0,1176520.0,1181882.0,1178746.0,1180571.0,1176917.0,1175340.0,1175140.0,1179598.0,1180436.0,1179395.0,1173790.0,1175044.0,1173436.0,1171750.0,1170447.0,1172910.0,1170036.0,1172204.0,1168336.0,1167720.0
1127123.0,1129014.0,1133657.0,1136979.0,1136959.0,1131714.0,1130401.0,1133135.0,1135553.0,1134057.0,1133000.0,1129983.0,1127231.0,1127991.0,1129657.0,1132161.0,1134943.0,1133229.0,1136050.0,1135126.0,1138133.0,1135658.0,1133024.0,1128017.0,1130552.0,1133755.0,1136872.0,1133328.0,1133152.0,1130534.0,1131164.0,1136020.0,1137083.0,1136628.0,1136417.0,1129018.0
1100809.0,1099708.0,1099995.0,1100199.0,1100567.0,1100668.0,1102651.0,1104960.0,1106929.0,1105493.0,1103663.0,1100728.0,1099673.0,1104239.0,1102932.0,1104266.0,1105723.0,1110152.0,1111431.0,1109130.0,1105252.0,1100034.0,1100273.0,1102127.0,1102185.0,1105808.0,1107077.0,1106399.0,1108344.0,1106242.0,1102228.0,1102979.0,1105655.0,1110285.0,1106261.0,1104335.0
1142521.0,1141160.0,1141633.0,1142599.0,1142712.0,1144632.0,1144664.0,1143505.0,1145996.0,1147197.0,1146990.0,1145777.0,1144191.0,1144897.0,1143589.0,1145409.0,1147916.0,1143432.0,1148332.0,1150914.0,1150379.0,1147567.0,1146683.0,1143651.0,1142806.0,1144796.0,1142918.0,1139014.0,1143901.0,1147828.0,1144257.0,1144012.0,1145898.0,1143367.0,1144654.0,1144869.0
1175175.0,1177517.0,1182364.0,1182168.0,1184796.0,1186297.0,1184627.0,1187472.0,1187583.0,1185050.0,1186753.0,1190663.0,1191767.0,1191192.0,1189361.0,1191781.0,1187085.0,1184626.0,1182899.0,1183868.0,1183407.0,1183694.0,1184457.0,1183464.0,1185128.0,1186449.0,1188114.0,1190103.0,1191768.0,1189396.0,1193530.0,1188819.0,1184471.0,1182476.0,1178584.0,1176318.0
1148763.0,1152536.0,1159079.0,1166941.0,1175693.0,1182641.0,1184312.0,1190824.0,1191443.0,1192442.0,1191950.0,1188983.0,1186337.0,1182676.0,1177952.0,1176262.0,1176870.0,1179254.0,1179162.0,1183075.0,1186066.0,1191251.0,1190567.0,1189904.0,1190537.0,1186698.0,1183196.0,1183684.0,1179817.0,1173935.0,1170908.0,1165636.0,1162150.0,1155452.0,1150192.0,1148524.0
1202127.0,1207658.0,1206822.0,1208822.0,1209794.0,1213851.0,1212484.0,1213190.0,1214978.0,1212899.0,1212237.0,1212016.0,1210779.0,1208390.0,1206632.0,1211683.0,1215070.0,1211814.0,1209280.0,1209600.0,1210380.0,1210965.0,1209859.0,1205561.0,1207707.0,1203194.0,1210085.0,1210581.0,1205463.0,1205022.0,1209999.0,1210196.0,1210463.0,1209230.0,1206235.0,1207126.0
1169392.0,1173175.0,1177432.0,1179614.0,1179040.0,1180499.0,1179151.0,1185366.0,1188500.0,1187692.0,1190298.0,1192480.0,1189384.0,1191142.0,1192182.0,1199227.0,1198064.0,1195745.0,1191061.0,1194243.0,1196990.0,1200005.0,1200542.0,1197365.0,1197754.0,1193331.0,1195306.0,1197579.0,1198260.0,1190366.0,1188091.0,1184884.0,1183431.0,1182592.0,1180933.0,1171682.0
1158632.0,1159240.0,1160587.0,1163094.0,1168754.0,1175866.0,1177565.0,1180379.0,1183143.0,1186087.0,1188737.0,1189226.0,1189187.0,1184250.0,1179893.0,1181818.0,1179651.0,1176781.0,1178026.0,1175473.0,1177024.0,1181329.0,1180868.0,1182233.0,1186243.0,1183848.0,1185260.0,1187332.0,1182559.0,1182307.0,1179226.0,1170251.0,1167218.0,1166860.0,1163173.0,1161966.0
1179738.0,1183205.0,1184764.0,1187328.0,1185563.0,1187853.0,1190573.0,1193757.0,1193991.0,1199224.0,1195789.0,1196801.0,1196966.0,1196083.0,1196915.0,1197686.0,1199609.0,1200964.0,1199621.0,1200345.0,1198833.0,1198851.0,1200839.0,1201729.0,1198635.0,1196214.0,1196193.0,1193214.0,1190287.0,1194809.0,1188392.0,1191098.0,1188982.0,1186228.0,1182511.0,1182990.0
1225818.0,1225070.0,1228619.0,1229363.0,1226736.0,1229370.0,1232097.0,1232386.0,1231178.0,1234765.0,1237754.0,1236699.0,1235326.0,1230375.0,1228551.0,1228794.0,1233070.0,1229959.0,1232883.0,1235523.0,1238371.0,1234761.0,1233119.0,1236727.0,1233746.0,1235247.0,1236639.0,1238117.0,1235662.0,1234604.0,1234829.0,1234463.0,1231629.0,1228909.0,1230509.0,1226988.0
1138034.0,1141328.0,1143563.0,1147013.0,1143847.0,1145813.0,1144304.0,1144956.0,1140647.0,1144172.0,1148336.0,1148712.0,1145172.0,1139981.0,1141168.0,1140565.0,1141443.0,1144156.0,1147210.0,1145637.0,1145240.0,1147672.0,1150508.0,1148784.0,1146944.0,1146519.0,1145281.0,1146370.0,1146830.0,1147261.0,1149833.0,1147322.0,1149892.0,1146864.0,1144257.0,1140544.0
1224291.0,1223319.0,1225576.0,1225721.0,1227765.0,1223724.0,1222565.0,1221655.0,1224023.0,1226474.0,1227494.0,1225165.0,1227200.0,1227586.0,1229089.0,1229677.0,1231530.0,1228939.0,1228326.0,1224652.0,1225865.0,1224934.0,1228741.0,1230662.0,1229015.0,1226035.0,1227266.0,1225753.0,1227796.0,1226186.0,1227518.0,1224444.0,1223125.0,1220566.0,1221807.0,1222656.0
1182660.0,1181783.0,1182304.0,1188472.0,1187519.0,1193009.0,1193613.0,1193288.0,1192668.0,1191631.0,1190220.0,1191344.0,1189299.0,1187107.0,1188679.0,1189923.0,1190748.0,1190802.0,1192506.0,1189983.0,1194408.0,1194817.0,1195873.0,1193987.0,1195246.0,1188438.0,1192630.0,1190459.0,1191916.0,1195335.0,1195800.0,1192648.0,1190589.0,1191015.0,1185942.0,1186331.0
1147193.0,1145013.0,1149398.0,1153304.0,1154636.0,1155282.0,1154078.0,1156890.0,1153853.0,1154682.0,1157067.0,1159175.0,1160091.0,1159743.0,1155128.0,1155397.0,1154303.0,1155997.0,1157873.0,1155255.0,1151853.0,1148653.0,1152308.0,1153041.0,1157877.0,1157448.0,1159266.0,1158472.0,1154617.0,1151220.0,1153723.0,1153883.0,1156261.0,1153022.0,1151723.0,1149875.0
1166064.0,1169613.0,1173693.0,1173093.0,1174041.0,1178898.0,1178781.0,1174989.0,1177155.0,1179322.0,1174658.0,1173531.0,1174009.0,1170293.0,1170046.0,1170495.0,1170638.0,1166898.0,1170977.0,1170357.0,1170506.0,1170747.0,1171773.0,1170684.0,1168609.0,1169205.0,1171760.0,1171334.0,1170657.0,1169693.0,1167731.0,1170006.0,1168607.0,1169743.0,1169919.0,1169535.0
1128132.0,1128447.0,1124605.0,1127540.0,1127210.0,1127448.0,1127949.0,1126729.0,1127223.0,1129589.0,1130964.0,1131203.0,1129528.0,1130009.0,1132776.0,1129951.0,1127720.0,1128340.0,1129243.0,1134293.0,1130318.0,1131772.0,1131451.0,1131766.0,1128114.0,1126340.0,1129739.0,1127867.0,1128421.0,1128156.0,1129699.0,1128320.0,1126800.0,1128798.0,1128886.0,1130298.0
1186082.0,1184114.0,1184529.0,1187793.0,1185246.0,1186917.0,1186723.0,1187427.0,1191761.0,1191785.0,1190545.0,1190420.0,1192038.0,1189918.0,1194599.0,1189362.0,1191096.0,1190744.0,1188669.0,1189291.0,1189967.0,1184564.0,1183735.0,1181934.0,1189476.0,1190531.0,1184673.0,1185341.0,1190723.0,1192062.0,1194054.0,1194244.0,1192253.0,1194594.0,1191181.0,1189989.0
1236859.0,1237606.0,1238043.0,1237637.0,1234236.0,1239384.0,1236659.0,1237135.0,1237222.0,1237203.0,1236531.0,1235124.0,1237370.0,1235320.0,1237746.0,1238407.0,1242003.0,1237089.0,1236948.0,1236826.0,1238234.0,1238195.0,1236660.0,1241607.0,1237597.0,1237274.0,1238297.0,1239845.0,1236559.0,1236420.0,1238973.0,1237835.0,1239081.0,1235322.0,1238414.0,1237107.0
1208041.0,1211398.0,1212954.0,1210926.0,1215442.0,1215800.0,1215106.0,1215416.0,1213802.0,1210934.0,1209961.0,1212242.0,1207751.0,1210414.0,1212166.0,1214354.0,1217548.0,1215646.0,1213832.0,1215037.0,1212697.0,1211631.0,1211897.0,1210639.0,1207440.0,1209585.0,1211153.0,1209387.0,1213972.0,1214669.0,1212916.0,1212018.0,1216505.0,1214505.0,1209791.0,1209049.0
1167509.0,1165748.0,1165097.0,1167818.0,1170148.0,1170998.0,1176124.0,1176183.0,1179679.0,1178501.0,1179234.0,1179147.0,1176550.0,1176746.0,1173031.0,1174079.0,1174971.0,1174603.0,1175446.0,1172868.0,1174564.0,1173920.0,1174080.0,1173964.0,1176177.0,1177123.0,1176280.0,1175258.0,1175466.0,1176453.0,1172858.0,1172973.0,1171708.0,1170630.0,1166826.0,1166336.0
1168847.0,1165720.0,1167594.0,1170096.0,1168938.0,1166907.0,1164205.0,1168532.0,1168040.0,1166901.0,1167963.0,1165279.0,1164381.0,1167667.0,1170298.0,1170212.0,1168588.0,1167712.0,1171382.0,1174584.0,1170952.0,1167922.0,1169441.0,1171190.0,1168218.0,1167914.0,1167259.0,1167778.0,1167744.0,1169127.0,1167670.0,1162876.0,1166734.0,1171044.0,1169742.0,1169027.0
1153074.0,1153438.0,1156186.0,1156776.0,1159247.0,1156858.0,1155421.0,1157672.0,1158444.0,1157563.0,1156737.0,1157997.0,1157623.0,1161156.0,1159556.0,1158599.0,1157767.0,1156102.0,1155567.0,1156176.0,1154447.0,1154502.0,1152570.0,1154119.0,1156061.0,1157803.0,1158114.0,1159572.0,1158724.0,1152677.0,1153676.0,1153102.0,1152090.0,1153336.0,1149342.0,1150626.0
1170060.0,1173140.0,1177500.0,1176630.0,1175874.0,1174659.0,1176882.0,1173080.0,1175807.0,1174506.0,1177058.0,1179131.0,1175869.0,1177198.0,1175694.0,1177144.0,1180158.0,1181926.0,1178677.0,1175957.0,1175735.0,1176146.0,1176184.0,1179077.0,1176765.0,1177057.0,1177858.0,1176676.0,1178028.0,1176542.0,1176650.0,1174940.0,1180771.0,1176031.0,1171692.0,1171962.0
1237207.0,1233777.0,1236388.0,1239440.0,1240700.0,1241036.0,1242827.0,1246716.0,1246947.0,1255240.0,1254987.0,1256445.0,1255934.0,1258870.0,1263138.0,1264645.0,1265395.0,1264249.0,1265099.0,1262735.0,1266552.0,1267264.0,1267574.0,1264470.0,1263632.0,1263956.0,1261060.0,1258295.0,1254419.0,1258300.0,1251437.0,1249092.0,1247253.0,1245258.0,1240619.0,1238916.0
1154550.0,1157739.0,1160227.0,1157647.0,1154368.0,1156000.0,1158920.0,1155603.0,1163633.0,1164248.0,1161556.0,1162845.0,1163176.0,1165561.0,1165872.0,1163693.0,1165645.0,1163380.0,1165752.0,1165373.0,1167982.0,1172209.0,1169562.0,1167066.0,1166985.0,1164025.0,1167436.0,1164796.0,1169547.0,1168710.0,1163944.0,1162492.0,1159983.0,1153772.0,1155234.0,1153657.0
1154287.0,1153421.0,1154345.0,1155217.0,1157422.0,1159419.0,1158135.0,1158257.0,1159740.0,1161652.0,1161556.0,1163628.0,1160918.0,1163847.0,1167015.0,1176102.0,1175618.0,1176382.0,1177503.0,1179471.0,1173806.0,1175320.0,1173685.0,1170973.0,1171516.0,1169379.0,1170627.0,1173123.0,1171449.0,1168636.0,1162823.0,1160086.0,1160463.0,1160342.0,1156405.0,1153190.0
1170723.0,1171157.0,1175565.0,1176868.0,1176860.0,1175544.0,1173695.0,1173496.0,1172511.0,1173931.0,1173840.0,1175378.0,1177079.0,1177007.0,1177157.0,1178197.0,1174608.0,1173279.0,1172081.0,1173240.0,1176530.0,1177656.0,1178722.0,1174393.0,1171864.0,1171644.0,1170222.0,1169627.0,1172985.0,1174553.0,1178254.0,1175691.0,1174338.0,1173577.0,1171126.0,1169652.0
1196600.0,1196407.0,1198423.0,1201194.0,1202437.0,1203499.0,1203932.0,1201644.0,1202887.0,1203254.0,1203816.0,1204749.0,1201777.0,1205831.0,1203214.0,1204276.0,1204034.0,1200920.0,1203346.0,1197368.0,1197992.0,1198554.0,1198922.0,1201809.0,1200713.0,1200033.0,1198164.0,1197048.0,1196066.0,1195284.0,1195710.0,1197555.0,1198626.0,1200042.0,1196349.0,1197141.0
1135220.0,1136224.0,1139239.0,1138212.0,1139339.0,1137720.0,1139597.0,1145878.0,1142033.0,1143625.0,1141309.0,1139307.0,1138095.0,1137393.0,1140258.0,1145856.0,1141186.0,1138195.0,1141691.0,1138371.0,1141593.0,1139116.0,1138501.0,1139339.0,1139108.0,1140389.0,1139242.0,1137059.0,1137013.0,1139450.0,1134771.0,1136380.0,1138929.0,1138038.0,1139393.0,1137153.0
1119131.0,1120333.0,1122582.0,1122797.0,1120762.0,1118520.0,1117796.0,1120117.0,1123853.0,1125761.0,1124609.0,1125542.0,1124482.0,1126052.0,1125647.0,1121706.0,1123906.0,1123398.0,1126455.0,1127375.0,1131546.0,1130918.0,1129978.0,1124564.0,1126754.0,1126988.0,1126428.0,1126533.0,1125988.0,1123546.0,1121398.0,1121699.0,1120658.0,1121247.0,1119399.0,1118278.0
1165507.0,1168130.0,1171735.0,1168977.0,1166107.0,1166718.0,1166739.0,1170412.0,1167439.0,1171631.0,1170082.0,1169726.0,1172350.0,1172117.0,1172847.0,1173216.0,1172176.0,1172171.0,1168981.0,1167497.0,1174572.0,1173315.0,1171072.0,1170222.0,1169705.0,1169050.0,1165336.0,1166814.0,1170054.0,1170083.0,1171098.0,1168185.0,1166162.0,1169076.0,1172811.0,1170679.0
1156623.0,1158376.0,1162314.0,1168822.0,1174731.0,1173823.0,1180452.0,1187818.0,1196261.0,1202565.0,1209455.0,1214682.0,1215958.0,1216994.0,1221650.0,1223614.0,1221705.0,1219474.0,1221127.0,1219423.0,1217288.0,1216966.0,1208905.0,1201121.0,1196729.0,1197271.0,1191768.0,1183279.0,1176627.0,1176084.0,1168858.0,1161994.0,1160234.0,1160777.0,1158583.0,1155329.0
1211943.0,1214050.0,1215934.0,1221792.0,1222441.0,1223545.0,1225208.0,1228960.0,1231262.0,1237860.0,1238945.0,1243672.0,1238571.0,1242355.0,1248126.0,1250995.0,1256088.0,1255641.0,1252807.0,1255022.0,1254581.0,1257831.0,1255987.0,1253461.0,1250230.0,1245185.0,1244633.0,1243499.0,1238831.0,1235124.0,1233980.0,1232908.0,1230779.0,1225777.0,1220707.0,1216558.0
1184907.0,1189525.0,1194400.0,1196980.0,1196231.0,1194152.0,1190309.0,1191640.0,1193256.0,1193935.0,1195226.0,1198088.0,1197716.0,1192225.0,1193058.0,1195974.0,1194648.0,1194777.0,1195578.0,1194746.0,1192722.0,1190605.0,1189102.0,1190542.0,1197009.0,1198321.0,1190935.0,1195749.0,1195181.0,1192262.0,1198086.0,1195992.0,1194740.0,1193377.0,1191815.0,1188613.0
1173554.0,1174582.0,1184428.0,1194056.0,1199049.0,1200230.0,1205841.0,1209746.0,1210950.0,1213149.0,1211432.0,1211198.0,1207353.0,1208980.0,1212665.0,1212231.0,1209978.0,1209682.0,1214232.0,1216449.0,1213967.0,1210342.0,1214653.0,1211976.0,1209065.0,1213888.0,1216105.0,1218355.0,1212687.0,1208682.0,1201759.0,1200347.0,1196267.0,1188543.0,1186581.0,1178510.0
1174267.0,1176613.0,1175912.0,1177869.0,1181329.0,1179459.0,1183221.0,1181807.0,1182034.0,1182623.0,1177975.0,1181773.0,1175710.0,1169797.0,1173117.0,1171626.0,1173270.0,1176121.0,1175907.0,1181270.0,1175709.0,1179754.0,1178385.0,1175184.0,1178069.0,1182306.0,1180346.0,1185566.0,1181491.0,1182455.0,1178169.0,1178586.0,1179183.0,1174394.0,1177198.0,1176099.0
1180527.0,1176994.0,1182197.0,1181321.0,1179885.0,1176885.0,1177849.0,1180474.0,1183285.0,1181585.0,1185001.0,1183152.0,1179401.0,1176697.0,1180031.0,1182958.0,1181311.0,1182316.0,1179711.0,1185218.0,1182184.0,1183136.0,1184753.0,1185098.0,1181023.0,1181419.0,1178981.0,1182999.0,1184162.0,1185315.0,1183518.0,1182185.0,1182307.0,1181790.0,1182193.0,1181443.0
1139677.0,1143694.0,1140959.0,1145024.0,1146172.0,1148977.0,1150899.0,1155274.0,1151300.0,1152361.0,1152824.0,1151349.0,1148141.0,1145054.0,1147120.0,1143965.0,1146251.0,1144011.0,1143539.0,1148265.0,1150454.0,1148015.0,1153053.0,1151741.0,1154030.0,1155047.0,1156368.0,1155332.0,1152742.0,1152278.0,1150345.0,1150664.0,1150736.0,1155434.0,1147866.0,1144247.0
1168597.0,1169634.0,1175814.0,1181636.0,1183609.0,1189244.0,1188325.0,1183586.0,1179697.0,1179897.0,1181178.0,1180669.0,1180429.0,1175478.0,1174730.0,1177050.0,1176499.0,1176727.0,1177607.0,1180965.0,1179672.0,1179685.0,1182617.0,1180966.0,1184147.0,1184575.0,1182049.0,1178333.0,1178153.0,1176942.0,1177669.0,1182444.0,1183470.0,1181559.0,1178050.0,1171834.0
1255642.0,1258958.0,1261770.0,1258837.0,1261650.0,1259791.0,1259502.0,1256988.0,1255690.0,1258640.0,1258634.0,1259481.0,1260942.0,1262056.0,1259031.0,1256053.0,1261490.0,1257281.0,1259392.0,1258929.0,1258308.0,1255800.0,1257772.0,1261487.0,1259137.0,1257646.0,1259490.0,1261630.0,1259656.0,1260969.0,1260320.0,1258786.0,1258619.0,1258743.0,1260531.0,1259833.0
1200146.0,1204385.0,1202811.0,1205196.0,1203068.0,1208171.0,1210144.0,1214506.0,1211139.0,1211376.0,1210270.0,1210367.0,1207232.0,1209524.0,1206032.0,1206952.0,1202382.0,1205978.0,1205703.0,1209399.0,1206511.0,1208337.0,1204371.0,1206482.0,1201887.0,1208053.0,1206589.0,1208632.0,1204824.0,1207894.0,1209865.0,1210152.0,1207680.0,1210955.0,1205366.0,1204823.0
1187968.0,1189846.0,1192832.0,1190672.0,1189942.0,1190732.0,1192555.0,1189132.0,1187168.0,1192541.0,1192164.0,1192567.0,1192998.0,1193585.0,1187914.0,1182860.0,1184386.0,1186054.0,1190723.0,1191465.0,1191534.0,1192936.0,1190662.0,1190791.0,1188095.0,1185505.0,1185244.0,1190415.0,1190587.0,1191689.0,1190085.0,1189512.0,1189863.0,1187741.0,1188562.0,1185963.0
1188519.0,1189718.0,1191039.0,1190307.0,1195556.0,1197853.0,1198589.0,1197048.0,1194371.0,1195286.0,1194044.0,1194401.0,1196103.0,1199294.0,1199681.0,1201748.0,1203067.0,1206957.0,1205777.0,1210076.0,1205934.0,1205658.0,1203144.0,1205506.0,1201064.0,1205634.0,1204696.0,1203722.0,1202937.0,1203407.0,1202156.0,1198942.0,1198081.0,1195931.0,1192546.0,1189440.0
1181081.0,1182931.0,1183348.0,1184610.0,1187910.0,1188488.0,1191496.0,1189631.0,1188127.0,1189863.0,1189651.0,1192223.0,1189985.0,1192959.0,1194920.0,1194721.0,1195183.0,1189393.0,1192570.0,1193443.0,1194017.0,1196430.0,1195097.0,1195324.0,1195065.0,1195466.0,1192550.0,1192314.0,1191081.0,1189277.0,1190044.0,1188861.0,1184580.0,1187051.0,1183683.0,1183699.0
1141215.0,1137811.0,1140135.0,1141852.0,1145628.0,1145721.0,1148660.0,1153049.0,1158121.0,1162578.0,1165778.0,1166677.0,1170464.0,1169787.0,1172525.0,1172359.0,1169516.0,1169851.0,1167902.0,1169701.0,1170207.0,1168492.0,1170952.0,1173933.0,1173326.0,1170838.0,1166445.0,1165552.0,1164771.0,1161127.0,1157263.0,1151662.0,1150836.0,1148367.0,1145873.0,1145252.0
1163881.0,1161085.0,1162635.0,1169072.0,1164813.0,1166085.0,1170449.0,1173093.0,1169627.0,1171731.0,1173314.0,1172009.0,1172791.0,1170272.0,1173638.0,1175505.0,1177511.0,1176209.0,1174362.0,1172717.0,1173245.0,1175190.0,1176103.0,1175497.0,1176655.0,1175841.0,1174300.0,1174619.0,1170640.0,1164886.0,1168050.0,1171362.0,1169703.0,1168411.0,1167971.0,1167820.0
1212530.0,1215912.0,1212180.0,1219094.0,1221222.0,1222980.0,1223025.0,1225478.0,1228229.0,1225896.0,1218048.0,1215445.0,1217830.0,1222177.0,1223917.0,1222101.0,1225599.0,1228188.0,1232005.0,1227919.0,1226978.0,1222629.0,1221915.0,1220092.0,1215101.0,1212118.0,1214472.0,1219842.0,1220879.0,1223794.0,1222636.0,1221153.0,1217234.0,1216726.0,1214385.0,1215273.0
1205064.0,1205540.0,1209539.0,1210330.0,1208264.0,1209370.0,1210627.0,1209333.0,1208627.0,1211170.0,1209607.0,1207883.0,1214103.0,1217445.0,1222438.0,1225042.0,1229776.0,1233373.0,1234744.0,1234438.0,1230923.0,1229759.0,1225829.0,1220095.0,1221091.0,1219385.0,1219028.0,1215198.0,1215710.0,1213830.0,1210310.0,1212054.0,1212480.0,1208367.0,1206246.0,1206734.0
1144048.0,1144162.0,1142556.0,1143373.0,1143373.0,1142676.0,1144596.0,1144656.0,1144515.0,1144341.0,1145967.0,1150092.0,1150414.0,1146877.0,1145655.0,1150205.0,1150578.0,1151995.0,1149192.0,1149053.0,1151408.0,1154978.0,1153935.0,1150423.0,1152415.0,1152309.0,1154333.0,1151030.0,1148758.0,1145906.0,1149348.0,1152834.0,1148554.0,1146097.0,1144991.0,1146325.0
1169644.0,1170217.0,1173874.0,1174476.0,1173331.0,1177405.0,1180647.0,1183157.0,1178362.0,1177875.0,1177899.0,1177747.0,1175510.0,1173199.0,1171781.0,1174460.0,1177331.0,1177766.0,1179188.0,1176245.0,1175555.0,1174677.0,1177540.0,1177602.0,1176635.0,1174719.0,1176915.0,1179340.0,1177129.0,1172146.0,1175128.0,1175028.0,1176713.0,1175929.0,1174187.0,1173189.0
1164931.0,1166159.0,1165051.0,1167103.0,1166359.0,1169279.0,1173188.0,1173592.0,1172931.0,1170362.0,1169348.0,1169379.0,1168431.0,1166221.0,1169045.0,1170627.0,1166289.0,1166874.0,1167857.0,1168157.0,1170967.0,1169582.0,1171785.0,1173569.0,1175603.0,1175327.0,1177055.0,1177504.0,1174760.0,1169849.0,1166425.0,1165322.0,1166376.0,1166775.0,1165695.0,1161191.0
1213417.0,1215130.0,1216866.0,1214376.0,1210573.0,1213337.0,1216970.0,1220582.0,1219367.0,1220481.0,1226128.0,1226346.0,1225335.0,1228650.0,1230769.0,1235038.0,1233129.0,1234081.0,1235281.0,1236397.0,1236343.0,1233964.0,1233584.0,1234544.0,1233834.0,1230608.0,1227276.0,1228118.0,1226769.0,1226628.0,1222227.0,1219771.0,1218332.0,1217594.0,1217383.0,1215212.0
1140802.0,1145363.0,1144763.0,1146990.0,1149394.0,1151874.0,1151049.0,1149698.0,1151137.0,1148465.0,1153068.0,1151955.0,1152572.0,1149868.0,1155013.0,1152187.0,1153891.0,1151164.0,1155933.0,1153798.0,1155152.0,1151058.0,1152664.0,1149975.0,1150861.0,1150447.0,1147963.0,1146109.0,1146144.0,1147010.0,1146388.0,1149985.0,1150060.0,1154165.0,1145756.0,1146257.0
1144835.0,1145860.0,1145950.0,1149018.0,1151600.0,1153029.0,1158953.0,1163216.0,1166066.0,1169172.0,1173244.0,1176246.0,1181930.0,1183971.0,1184810.0,1186773.0,1191224.0,1190792.0,1186454.0,1186216.0,1184577.0,1185511.0,1181930.0,1180399.0,1175315.0,1171940.0,1170208.0,1162215.0,1162838.0,1160219.0,1157843.0,1149873.0,1147443.0,1149008.0,1146674.0,1148160.0
1163343.0,1161973.0,1164425.0,1161754.0,1162322.0,1166155.0,1163186.0,1166671.0,1167933.0,1163820.0,1164114.0,1167685.0,1169674.0,1172126.0,1168429.0,1172396.0,1174989.0,1170975.0,1168427.0,1169598.0,1171361.0,1171675.0,1170408.0,1170122.0,1167880.0,1164586.0,1167882.0,1167924.0,1170465.0,1166544.0,1161541.0,1163153.0,1162617.0,1160862.0,1164376.0,1166433.0
1170489.0,1170990.0,1168923.0,1170072.0,1174154.0,1173422.0,1173121.0,1176514.0,1178435.0,1175136.0,1176124.0,1172616.0,1173063.0,1172515.0,1173852.0,1171217.0,1171936.0,1176316.0,1175419.0,1174234.0,1170866.0,1172890.0,1175658.0,1173069.0,1174837.0,1175719.0,1178300.0,1177161.0,1176296.0,1176863.0,1171277.0,1168294.0,1166712.0,1170115.0,1170928.0,1172803.0
1138483.0,1143831.0,1142499.0,1145588.0,1144512.0,1141402.0,1142194.0,1145295.0,1145907.0,1141474.0,1144827.0,1141679.0,1140838.0,1143056.0,1143276.0,1143407.0,1148218.0,1145262.0,1146674.0,1144544.0,1141539.0,1144918.0,1141998.0,1145186.0,1145735.0,1144597.0,1142057.0,1143128.0,1143388.0,1144224.0,1143968.0,1142927.0,1142200.0,1144939.0,1146480.0,1138920.0
1199227.0,1206893.0,1208246.0,1208277.0,1205490.0,1202894.0,1205957.0,1207354.0,1208131.0,1207494.0,1208857.0,1209293.0,1208477.0,1205050.0,1203352.0,1200617.0,1205093.0,1210197.0,1206746.0,1206111.0,1205787.0,1202919.0,1206491.0,1204657.0,1206131.0,1203344.0,1203584.0,1205713.0,1205209.0,1204526.0,1201093.0,1207404.0,1208468.0,1206918.0,1203855.0,1203201.0
1165656.0,1167092.0,1167769.0,1169455.0,1171089.0,1174404.0,1174986.0,1177229.0,1178795.0,1180945.0,1184528.0,1190158.0,1192336.0,1194692.0,1194302.0,1195609.0,1196752.0,1195242.0,1196802.0,1195582.0,1195765.0,1196796.0,1195052.0,1195227.0,1191848.0,1196857.0,1197424.0,1198879.0,1193561.0,1188544.0,1186334.0,1181561.0,1182046.0,1176298.0,1172459.0,1167830.0
1159229.0,1161620.0,1160724.0,1164572.0,1163368.0,1164242.0,1164014.0,1161264.0,1162289.0,1161555.0,1162845.0,1162419.0,1161802.0,1159056.0,1162673.0,1164737.0,1166803.0,1165631.0,1165235.0,1165780.0,1168236.0,1168261.0,1169193.0,1166148.0,1166065.0,1168896.0,1170761.0,1170611.0,1170338.0,1167166.0,1163707.0,1165933.0,1162969.0,1165558.0,1160965.0,1161511.0
1139195.0,1139324.0,1139338.0,1142831.0,1143825.0,1145567.0,1143354.0,1146214.0,1146086.0,1146467.0,1148486.0,1149164.0,1150728.0,1150147.0,1152108.0,1151800.0,1152531.0,1154016.0,1154596.0,1153495.0,1151583.0,1153364.0,1153397.0,1153695.0,1150558.0,1152377.0,1149835.0,1149253.0,1146474.0,1146851.0,1144651.0,1141877.0,1143218.0,1141607.0,1141115.0,1139285.0
1186924.0,1191946.0,1190051.0,1191484.0,1193024.0,1193737.0,1193624.0,1191748.0,1193433.0,1192149.0,1191949.0,1191400.0,1189914.0,1190315.0,1187725.0,1186508.0,1189970.0,1188001.0,1191655.0,1189016.0,1190163.0,1190797.0,1193344.0,1193445.0,1194216.0,1196708.0,1196233.0,1193758.0,1194315.0,1194525.0,1195131.0,1193408.0,1195108.0,1192395.0,1190977.0,1188630.0
1185465.0,1189876.0,1190112.0,1190543.0,1189999.0,1192460.0,1195379.0,1194529.0,1194916.0,1194561.0,1196659.0,1195272.0,1197871.0,1194310.0,1194029.0,1195272.0,1190650.0,1192572.0,1190175.0,1191733.0,1191380.0,1194604.0,1194027.0,1192611.0,1190494.0,1192313.0,1192997.0,1190436.0,1188731.0,1189685.0,1193152.0,1189484.0,1187971.0,1185433.0,1186245.0,1186342.0
1153826.0,1154554.0,1153137.0,1156290.0,1157702.0,1155188.0,1158290.0,1159429.0,1162801.0,1166065.0,1166456.0,1166898.0,1169192.0,1174237.0,1176186.0,1177256.0,1180795.0,1179212.0,1179590.0,1180860.0,1178136.0,1178970.0,1177694.0,1176806.0,1176235.0,1177287.0,1173255.0,1169808.0,1169053.0,1168396.0,1163869.0,1163785.0,1158879.0,1157605.0,1156404.0,1156658.0
1255714.0,1256489.0,1255529.0,1258533.0,1262440.0,1265137.0,1264081.0,1263991.0,1266470.0,1269585.0,1272378.0,1273882.0,1279226.0,1277109.0,1275654.0,1275571.0,1280468.0,1282007.0,1283240.0,1286385.0,1283392.0,1285839.0,1285009.0,1285518.0,1285279.0,1283059.0,1280037.0,1274449.0,1276893.0,1276422.0,1271179.0,1266356.0,1261381.0,1259944.0,1259766.0,1259148.0
1236385.0,1236406.0,1238255.0,1239866.0,1243009.0,1245897.0,1244456.0,1245782.0,1245718.0,1243606.0,1245824.0,1245934.0,1243484.0,1243523.0,1243323.0,1237836.0,1237081.0,1238385.0,1242222.0,1242106.0,1246127.0,1246092.0,1248846.0,1249004.0,1251836.0,1249980.0,1249942.0,1248213.0,1247061.0,1244163.0,1240673.0,1238627.0,1236348.0,1236581.0,1236806.0,1237523.0
1139025.0,1136714.0,1136589.0,1139720.0,1142913.0,1145575.0,1146061.0,1145749.0,1148787.0,1153384.0,1159022.0,1163499.0,1162460.0,1163793.0,1167172.0,1169308.0,1171356.0,1171370.0,1171706.0,1171381.0,1170786.0,1172329.0,1171484.0,1166785.0,1161959.0,1158922.0,1159141.0,1158559.0,1155993.0,1152285.0,1146576.0,1141672.0,1141107.0,1139296.0,1140969.0,1140905.0
1214539.0,1220690.0,1221720.0,1218405.0,1218161.0,1223549.0,1223939.0,1222896.0,1219330.0,1221737.0,1223303.0,1221762.0,1224128.0,1223261.0,1226313.0,1230167.0,1230927.0,1228724.0,1230102.0,1234704.0,1231898.0,1229392.0,1229951.0,1233059.0,1233710.0,1230964.0,1225583.0,1227439.0,1229331.0,1225716.0,1220765.0,1224230.0,1224374.0,1226403.0,1223920.0,1218656.0
1153821.0,1153995.0,1155498.0,1153273.0,1157835.0,1162937.0,1163610.0,1166604.0,1169347.0,1176004.0,1178191.0,1175668.0,1170381.0,1172869.0,1166579.0,1160948.0,1158740.0,1157029.0,1154726.0,1157250.0,1155391.0,1155084.0,1161234.0,1164551.0,1169643.0,1169791.0,1168833.0,1169083.0,1169213.0,1164558.0,1163770.0,1167144.0,1164756.0,1162024.0,1159107.0,1155661.0
1111599.0,1116053.0,1115948.0,1113085.0,1115808.0,1122001.0,1118060.0,1118959.0,1120391.0,1120801.0,1117169.0,1118340.0,1115989.0,1114002.0,1117296.0,1120228.0,1122997.0,1121945.0,1122099.0,1123005.0,1122935.0,1119038.0,1119969.0,1119353.0,1119377.0,1116124.0,1118177.0,1119132.0,1118165.0,1120064.0,1122477.0,1120700.0,1117831.0,1115972.0,1111906.0,1110523.0
1169972.0,1171433.0,1171487.0,1175042.0,1178331.0,1177975.0,1178002.0,1175266.0,1179858.0,1182226.0,1187274.0,1187832.0,1188140.0,1188740.0,1190913.0,1190277.0,1190467.0,1190633.0,1188851.0,1188911.0,1185873.0,1181781.0,1179711.0,1179480.0,1178844.0,1180116.0,1180280.0,1182077.0,1177036.0,1176033.0,1173964.0,1175202.0,1176869.0,1177847.0,1175292.0,1170729.0
1162600.0,1164691.0,1168655.0,1167887.0,1170582.0,1170566.0,1172370.0,1173896.0,1173421.0,1174098.0,1177246.0,1174882.0,1173828.0,1173129.0,1172917.0,1170958.0,1171777.0,1176143.0,1176851.0,1175665.0,1176641.0,1176105.0,1176479.0,1176038.0,1177342.0,1181492.0,1175896.0,1179012.0,1177141.0,1171830.0,1167769.0,1163677.0,1161669.0,1165425.0,1163068.0,1163812.0
1203009.0,1205039.0,1205713.0,1207800.0,1207862.0,1206725.0,1208680.0,1210940.0,1215082.0,1218573.0,1218684.0,1211277.0,1210861.0,1207533.0,1207540.0,1207182.0,1205062.0,1206500.0,1209318.0,1209565.0,1211481.0,1210783.0,1208503.0,1209610.0,1204005.0,1205984.0,1206776.0,1206375.0,1208724.0,1209450.0,1210652.0,1207894.0,1209885.0,1206805.0,1204021.0,1202957.0
1213702.0,1214895.0,1218428.0,1217303.0,1220120.0,1220854.0,1223044.0,1223870.0,1220466.0,1224462.0,1222918.0,1222403.0,1226241.0,1225488.0,1225630.0,1223792.0,1225076.0,1223512.0,1221356.0,1223826.0,1225963.0,1224235.0,1223699.0,1222327.0,1225290.0,1222683.0,1220898.0,1221913.0,1222544.0,1223676.0,1221905.0,1218395.0,1216623.0,1217321.0,1219737.0,1216909.0
1165473.0,1168584.0,1167916.0,1166686.0,1169225.0,1168175.0,1169058.0,1172021.0,1171605.0,1174189.0,1173181.0,1173277.0,1170030.0,1170973.0,1168996.0,1170946.0,1167596.0,1168207.0,1165741.0,1163058.0,1162594.0,1165091.0,1165914.0,1168133.0,1173072.0,1173463.0,1172283.0,1174877.0,1173845.0,1172246.0,1171316.0,1168776.0,1167797.0,1165063.0,1164410.0,1162579.0
1185788.0,1190860.0,1192259.0,1193236.0,1190742.0,1194419.0,1198086.0,1196181.0,1196989.0,1203419.0,1202110.0,1199022.0,1196160.0,1199017.0,1200934.0,1200507.0,1199271.0,1197680.0,1194630.0,1194428.0,1197506.0,1199739.0,1199062.0,1202755.0,1200959.0,1200669.0,1195411.0,1199915.0,1199065.0,1194679.0,1193854.0,1192857.0,1194163.0,1191749.0,1188390.0,1189329.0
1112805.0,1115755.0,1116038.0,1118319.0,1119951.0,1120028.0,1123161.0,1125120.0,1127458.0,1132226.0,1134649.0,1137265.0,1138729.0,1140561.0,1141085.0,1139933.0,1143089.0,1139668.0,1138504.0,1138021.0,1137214.0,1136254.0,1138772.0,1133617.0,1132950.0,1129029.0,1129246.0,1130567.0,1124588.0,1124413.0,1119861.0,1121077.0,1118501.0,1114521.0,1115723.0,1116606.0
1150858.0,1152025.0,1154950.0,1156418.0,1161260.0,1164463.0,1162839.0,1159862.0,1158666.0,1159626.0,1155809.0,1155519.0,1156193.0,1157947.0,1156326.0,1154095.0,1154754.0,1156497.0,1159886.0,1158117.0,1157448.0,1155873.0,1156984.0,1156484.0,1155950.0,1155808.0,1156578.0,1155075.0,1156141.0,1154938.0,1156168.0,1154859.0,1153272.0,1155105.0,1154946.0,1155413.0
1173187.0,1173982.0,1176972.0,1182039.0,1176005.0,1177061.0,1180446.0,1180833.0,1184173.0,1178779.0,1176115.0,1179785.0,1183900.0,1182695.0,1182186.0,1183214.0,1182105.0,1177101.0,1177603.0,1176523.0,1170652.0,1177751.0,1179007.0,1181165.0,1183547.0,1179271.0,1175929.0,1174182.0,1176627.0,1176259.0,1176695.0,1181144.0,1179170.0,1177974.0,1179336.0,1174357.0
1197331.0,1201312.0,1210925.0,1215578.0,1222044.0,1222398.0,1225124.0,1228948.0,1231707.0,1239769.0,1241740.0,1240299.0,1240573.0,1243312.0,1246612.0,1249011.0,1247508.0,1246752.0,1244934.0,1237848.0,1235670.0,1236326.0,1224825.0,1225545.0,1221179.0,1216940.0,1217236.0,1213438.0,1205374.0,1202577.0,1199280.0,1201625.0,1205149.0,1200250.0,1202146.0,1198929.0
1204529.0,1208538.0,1211631.0,1213791.0,1213927.0,1215810.0,1214244.0,1213539.0,1213858.0,1211119.0,1212117.0,1214196.0,1209945.0,1208980.0,1213841.0,1211519.0,1210145.0,1208709.0,1208876.0,1212297.0,1211682.0,1212606.0,1212933.0,1207502.0,1211812.0,1211631.0,1212631.0,1213719.0,1216110.0,1217651.0,1213785.0,1212278.0,1209818.0,1211550.0,1210630.0,1202177.0
1212026.0,1215833.0,1213149.0,1216068.0,1213159.0,1219797.0,1218055.0,1218427.0,1218375.0,1217922.0,1219805.0,1215129.0,1212792.0,1216603.0,1220027.0,1221087.0,1222558.0,1220355.0,1222118.0,1218559.0,1214743.0,1213095.0,1217484.0,1211476.0,1214437.0,1215616.0,1219179.0,1210569.0,1213771.0,1214107.0,1216101.0,1218418.0,1215806.0,1219154.0,1218633.0,1219991.0
1143789.0,1144251.0,1144545.0,1145687.0,1146786.0,1148114.0,1149746.0,1151591.0,1151786.0,1151278.0,1155911.0,1158082.0,1156877.0,1159107.0,1153596.0,1155441.0,1157246.0,1161829.0,1158827.0,1155384.0,1153138.0,1153734.0,1154380.0,1153623.0,1151347.0,1151149.0,1147254.0,1144673.0,1146475.0,1143625.0,1144924.0,1145812.0,1144462.0,1143025.0,1144272.0,1144742.0
1159331.0,1161028.0,1162432.0,1164163.0,1162300.0,1159535.0,1162003.0,1163729.0,1163577.0,1167182.0,1164430.0,1162604.0,1159924.0,1162268.0,1161521.0,1162142.0,1163012.0,1163984.0,1163178.0,1161996.0,1160836.0,1164216.0,1161672.0,1157585.0,1160797.0,1165410.0,1164979.0,1160569.0,1161950.0,1163378.0,1164488.0,1162429.0,1163821.0,1163349.0,1159776.0,1159074.0
1203274.0,1204162.0,1205270.0,1212104.0,1210729.0,1212913.0,1215360.0,1214003.0,1208727.0,1207277.0,1210370.0,1209559.0,1209113.0,1209663.0,1206245.0,1204853.0,1203181.0,1205102.0,1207242.0,1208511.0,1210938.0,1209645.0,1206739.0,1209248.0,1208148.0,1209724.0,1204806.0,1206540.0,1200416.0,1200165.0,1205483.0,1204910.0,1207885.0,1203871.0,1203592.0,1205002.0
1217352.0,1222028.0,1229452.0,1230605.0,1228474.0,1229262.0,1227802.0,1227183.0,1226177.0,1226276.0,1227370.0,1230601.0,1226302.0,1226519.0,1230531.0,1231277.0,1226049.0,1223198.0,1224771.0,1226020.0,1227075.0,1224983.0,1227315.0,1228412.0,1229740.0,1232925.0,1231857.0,1232657.0,1232520.0,1230725.0,1225496.0,1225944.0,1227548.0,1226992.0,1225221.0,1221065.0
1160400.0,1165062.0,1165417.0,1167607.0,1170713.0,1173712.0,1172530.0,1172247.0,1172414.0,1173656.0,1173718.0,1172309.0,1171639.0,1176738.0,1175757.0,1177293.0,1180297.0,1179738.0,1183993.0,1178769.0,1177304.0,1174373.0,1173761.0,1170943.0,1167365.0,1170057.0,1171135.0,1171018.0,1176339.0,1173495.0,1174353.0,1174431.0,1170108.0,1166750.0,1164885.0,1161842.0
1163779.0,1167869.0,1172455.0,1177450.0,1181177.0,1177811.0,1178067.0,1180952.0,1186284.0,1186196.0,1181184.0,1179049.0,1180152.0,1181624.0,1184471.0,1184049.0,1182165.0,1182562.0,1178896.0,1179003.0,1181756.0,1179603.0,1176817.0,1175144.0,1175160.0,1173719.0,1170847.0,1172123.0,1172033.0,1171218.0,1170991.0,1171069.0,1169532.0,1170874.0,1170396.0,1165119.0
1158385.0,1157747.0,1163788.0,1161270.0,1158748.0,1160866.0,1163409.0,1163557.0,1162724.0,1168250.0,1171252.0,1168919.0,1169274.0,1166682.0,1166654.0,1163224.0,1164523.0,1163996.0,1165288.0,1163924.0,1162473.0,1163263.0,1165200.0,1164452.0,1162335.0,1166668.0,1167856.0,1165671.0,1169820.0,1168939.0,1164249.0,1163461.0,1162893.0,1162003.0,1156474.0,1161261.0
1147575.0,1148706.0,1145259.0,1146699.0,1146008.0,1147868.0,1149851.0,1146725.0,1145020.0,1146117.0,1150109.0,1148091.0,1147905.0,1148055.0,1144112.0,1146289.0,1148687.0,1148352.0,1145788.0,1146136.0,1146252.0,1146981.0,1149998.0,1149345.0,1149837.0,1146996.0,1146002.0,1147658.0,1149126.0,1148128.0,1147174.0,1148622.0,1145437.0,1145394.0,1148184.0,1148434.0
1167612.0,1169162.0,1171401.0,1171922.0,1175218.0,1180497.0,1186464.0,1185992.0,1187154.0,1189824.0,1195377.0,1198981.0,1198033.0,1202216.0,1206292.0,1208351.0,1209077.0,1210350.0,1207987.0,1207680.0,1209086.0,1209732.0,1209935.0,1209066.0,1209679.0,1207958.0,1205419.0,1204186.0,1203212.0,1197922.0,1191793.0,1191791.0,1186807.0,1179565.0,1175578.0,1175417.0
1208376.0,1212794.0,1212060.0,1210118.0,1215260.0,1215770.0,1218581.0,1221999.0,1223059.0,1225094.0,1224372.0,1222644.0,1223060.0,1223435.0,1229519.0,1233395.0,1238885.0,1238495.0,1240070.0,1240306.0,1234526.0,1234708.0,1231882.0,1231242.0,1226581.0,1229485.0,1228962.0,1225707.0,1224499.0,1220310.0,1224109.0,1221796.0,1216345.0,1214785.0,1211180.0,1209487.0
1175500.0,1177212.0,1176247.0,1179823.0,1184302.0,1184602.0,1188403.0,1189815.0,1194937.0,1192901.0,1198466.0,1202519.0,1205697.0,1205021.0,1207045.0,1210893.0,1209961.0,1209038.0,1210201.0,1212648.0,1210041.0,1207923.0,1205854.0,1207409.0,1203755.0,1201777.0,1200632.0,1197047.0,1194569.0,1191746.0,1187747.0,1183522.0,1181844.0,1186038.0,1177005.0,1176476.0
1201156.0,1203391.0,1205636.0,1209648.0,1212661.0,1212013.0,1209531.0,1210913.0,1212159.0,1213125.0,1214914.0,1214169.0,1218471.0,1222396.0,1224597.0,1224819.0,1227338.0,1222752.0,1221323.0,1221195.0,1223970.0,1225813.0,1227071.0,1226295.0,1225711.0,1221141.0,1220556.0,1218005.0,1217513.0,1215018.0,1210881.0,1216432.0,1211961.0,1209526.0,1209269.0,1207099.0
1178431.0,1181635.0,1182038.0,1183397.0,1183752.0,1184293.0,1188582.0,1193075.0,1195897.0,1193419.0,1199019.0,1203843.0,1202320.0,1201380.0,1198926.0,1198033.0,1198923.0,1195778.0,1192614.0,1193246.0,1194054.0,1192487.0,1193397.0,1197220.0,1198359.0,1199591.0,1200437.0,1196548.0,1198412.0,1197813.0,1192217.0,1189326.0,1189503.0,1188661.0,1186173.0,1181229.0
1190494.0,1189150.0,1193158.0,1196424.0,1200203.0,1204717.0,1206172.0,1206750.0,1206468.0,1206072.0,1208835.0,1208890.0,1211311.0,1210584.0,1212887.0,1214004.0,1213177.0,1212479.0,1213689.0,1211902.0,1211865.0,1211055.0,1213345.0,1209672.0,1208765.0,1205864.0,1203468.0,1200459.0,1196950.0,1197299.0,1197913.0,1200037.0,1196207.0,1195554.0,1192057.0,1191392.0
1146807.0,1149740.0,1146150.0,1149462.0,1150282.0,1149617.0,1151245.0,1151417.0,1147586.0,1147666.0,1148502.0,1148524.0,1150520.0,1149602.0,1153255.0,1152331.0,1154113.0,1156616.0,1152349.0,1154972.0,1156729.0,1152827.0,1152411.0,1151566.0,1151151.0,1153958.0,1153272.0,1152869.0,1152130.0,1149635.0,1153530.0,1153169.0,1151814.0,1149403.0,1148496.0,1148700.0
1120319.0,1129105.0,1125460.0,1125875.0,1128185.0,1127886.0,1130630.0,1131867.0,1129021.0,1131440.0,1128816.0,1134457.0,1133981.0,1131618.0,1129268.0,1127900.0,1126888.0,1127637.0,1124095.0,1124165.0,1123388.0,1123726.0,1128072.0,1129630.0,1128991.0,1130593.0,1133319.0,1132411.0,1133317.0,1131041.0,1130164.0,1130664.0,1131924.0,1127684.0,1126630.0,1123245.0
1180610.0,1181707.0,1182279.0,1184863.0,1185448.0,1180887.0,1180908.0,1180150.0,1181801.0,1182535.0,1181363.0,1185131.0,1185597.0,1187796.0,1188089.0,1188680.0,1187615.0,1190241.0,1188071.0,1189157.0,1189819.0,1191046.0,1188523.0,1186941.0,1189997.0,1188669.0,1187457.0,1185673.0,1188323.0,1191282.0,1192478.0,1190749.0,1187549.0,1186986.0,1184279.0,1186021.0
1187946.0,1191601.0,1193412.0,1191236.0,1192342.0,1192110.0,1189500.0,1192066.0,1194508.0,1191240.0,1192193.0,1192340.0,1192892.0,1192521.0,1192167.0,1196358.0,1194258.0,1194823.0,1193851.0,1191617.0,1194051.0,1196089.0,1193464.0,1194333.0,1193017.0,1192419.0,1189898.0,1194763.0,1194251.0,1191204.0,1192388.0,1192462.0,1189850.0,1186976.0,1190038.0,1187432.0
1152102.0,1154606.0,1157651.0,1160536.0,1162644.0,1163350.0,1164572.0,1164117.0,1162952.0,1162424.0,1160651.0,1157709.0,1153554.0,1156927.0,1158046.0,1158340.0,1156410.0,1156694.0,1159783.0,1159836.0,1158712.0,1156048.0,1155229.0,1155458.0,1155534.0,1156645.0,1159484.0,1162452.0,1166983.0,1165937.0,1165359.0,1158640.0,1159293.0,1156235.0,1155214.0,1152999.0
1164346.0,1167270.0,1167714.0,1166531.0,1168912.0,1170175.0,1169279.0,1170090.0,1173880.0,1174888.0,1174116.0,1174025.0,1173211.0,1173664.0,1172389.0,1173458.0,1174722.0,1179139.0,1174700.0,1175601.0,1174702.0,1176192.0,1176189.0,1175844.0,1174594.0,1174336.0,1171915.0,1168315.0,1171668.0,1169076.0,1168131.0,1168479.0,1171734.0,1172591.0,1168386.0,1167978.0
1129956.0,1132313.0,1133440.0,1134423.0,1136431.0,1135090.0,1138075.0,1144079.0,1144095.0,1145815.0,1148837.0,1144402.0,1148427.0,1145840.0,1142618.0,1145458.0,1140221.0,1144909.0,1146980.0,1149259.0,1152017.0,1151709.0,1147624.0,1149986.0,1150504.0,1149982.0,1147306.0,1145978.0,1143881.0,1144797.0,1140061.0,1137326.0,1139177.0,1136441.0,1139274.0,1136011.0
1180792.0,1183919.0,1184829.0,1184654.0,1191554.0,1201211.0,1207057.0,1211094.0,1219682.0,1223522.0,1227105.0,1231614.0,1237028.0,1241960.0,1246198.0,1250908.0,1250812.0,1255917.0,1252113.0,1250623.0,1252117.0,1253009.0,1253672.0,1245479.0,1241299.0,1240868.0,1231817.0,1227301.0,1223210.0,1214722.0,1206044.0,1198808.0,1195208.0,1190324.0,1186183.0,1182615.0
1179657.0,1183774.0,1184974.0,1185788.0,1186517.0,1186396.0,1185124.0,1182301.0,1181151.0,1179140.0,1181657.0,1180554.0,1182509.0,1184542.0,1182616.0,1186273.0,1185074.0,1182851.0,1181366.0,1179097.0,1181399.0,1181722.0,1183273.0,1185690.0,1186313.0,1185728.0,1185176.0,1186232.0,1183390.0,1185285.0,1184843.0,1181333.0,1185360.0,1181791.0,1186953.0,1183985.0
1142017.0,1144464.0,1149841.0,1153262.0,1157785.0,1157631.0,1150948.0,1146956.0,1149577.0,1148120.0,1148091.0,1149851.0,1149283.0,1153596.0,1157217.0,1158285.0,1157927.0,1158748.0,1153561.0,1156233.0,1157716.0,1156123.0,1156757.0,1150782.0,1146223.0,1146353.0,1152817.0,1151893.0,1152624.0,1149892.0,1145299.0,1144709.0,1143756.0,1144407.0,1144185.0,1142209.0
1158618.0,1158551.0,1162027.0,1164861.0,1162376.0,1162611.0,1167905.0,1168093.0,1170726.0,1168557.0,1167273.0,1168690.0,1170572.0,1168853.0,1166981.0,1168674.0,1167305.0,1167069.0,1166752.0,1165137.0,1168673.0,1169928.0,1166236.0,1168207.0,1167894.0,1166224.0,1167043.0,1168987.0,1164919.0,1165057.0,1164924.0,1162562.0,1162281.0,1161569.0,1160549.0,1161398.0
1237902.0,1238470.0,1233124.0,1234217.0,1231777.0,1230124.0,1234782.0,1237166.0,1240506.0,1242103.0,1242784.0,1244717.0,1245253.0,1246344.0,1243875.0,1245019.0,1247329.0,1242981.0,1241161.0,1235632.0,1236066.0,1235491.0,1236118.0,1239642.0,1238138.0,1236516.0,1241562.0,1242541.0,1240838.0,1242415.0,1242319.0,1239149.0,1240397.0,1242805.0,1239412.0,1236397.0
1235387.0,1236574.0,1237418.0,1241248.0,1243116.0,1245168.0,1241645.0,1243853.0,1246564.0,1251534.0,1250471.0,1249339.0,1252490.0,1252524.0,1251622.0,1248221.0,1249080.0,1253440.0,1254536.0,1253863.0,1254171.0,1252106.0,1255040.0,1256629.0,1256819.0,1257469.0,1252128.0,1251051.0,1252796.0,1253950.0,1253926.0,1252267.0,1251203.0,1247947.0,1240571.0,1238372.0
1144045.0,1149136.0,1149903.0,1152449.0,1152330.0,1150975.0,1155137.0,1155031.0,1157687.0,1157531.0,1154967.0,1156290.0,1156588.0,1156492.0,1156071.0,1153949.0,1152712.0,1152002.0,1151432.0,1152503.0,1151171.0,1151098.0,1153924.0,1152006.0,1153847.0,1154510.0,1156815.0,1159032.0,1157935.0,1157648.0,1156886.0,1154259.0,1154279.0,1151246.0,1150383.0,1149371.0
1168471.0,1170253.0,1173490.0,1171584.0,1172072.0,1172345.0,1166417.0,1169729.0,1167868.0,1169048.0,1168947.0,1172008.0,1171838.0,1174093.0,1172656.0,1170248.0,1172168.0,1176984.0,1177380.0,1180379.0,1176791.0,1176828.0,1175816.0,1178398.0,1179475.0,1176269.0,1176613.0,1178517.0,1179540.0,1179966.0,1173897.0,1173209.0,1173687.0,1171107.0,1168508.0,1169305.0
1123762.0,1127094.0,1126648.0,1126700.0,1125282.0,1121096.0,1122427.0,1123729.0,1126163.0,1128242.0,1129267.0,1127456.0,1125912.0,1127561.0,1126594.0,1127350.0,1128266.0,1129621.0,1128617.0,1126932.0,1128805.0,1126082.0,1125252.0,1126040.0,1126018.0,1129658.0,1130120.0,1130184.0,1129160.0,1128000.0,1126126.0,1125753.0,1124216.0,1123413.0,1125232.0,1124796.0
1174959.0,1177764.0,1180273.0,1180854.0,1184183.0,1180998.0,1179068.0,1180057.0,1183877.0,1180629.0,1184046.0,1187453.0,1184057.0,1182834.0,1184019.0,1179710.0,1181610.0,1182374.0,1183258.0,1180071.0,1181906.0,1181304.0,1179559.0,1182592.0,1186329.0,1185144.0,1184522.0,1184503.0,1182535.0,1182859.0,1181514.0,1181064.0,1180935.0,1179409.0,1179896.0,1174459.0
1205569.0,1209388.0,1208752.0,1215516.0,1218912.0,1219268.0,1221483.0,1219983.0,1219355.0,1215537.0,1214390.0,1217637.0,1213144.0,1214376.0,1216107.0,1215701.0,1219215.0,1219316.0,1221452.0,1219800.0,1221971.0,1219155.0,1218623.0,1219360.0,1216734.0,1216745.0,1219277.0,1222007.0,1218785.0,1219243.0,1217879.0,1214049.0,1216248.0,1207887.0,1205218.0,1203654.0
1194672.0,1191818.0,1194559.0,1195019.0,1196575.0,1200925.0,1200336.0,1204091.0,1200474.0,1202367.0,1203406.0,1203540.0,1207311.0,1210700.0,1212544.0,1213876.0,1215381.0,1215358.0,1215168.0,1215532.0,1218954.0,1216600.0,1212554.0,1211586.0,1215379.0,1214367.0,1212848.0,1206843.0,1206997.0,1207612.0,1208018.0,1204545.0,1202453.0,1200639.0,1197907.0,1195766.0
1154737.0,1156031.0,1161580.0,1160968.0,1165862.0,1167691.0,1166629.0,1164622.0,1163409.0,1166229.0,1172883.0,1173425.0,1173882.0,1177971.0,1176573.0,1173583.0,1170990.0,1166149.0,1160593.0,1161327.0,1161008.0,1167516.0,1169569.0,1171975.0,1169760.0,1170662.0,1169128.0,1167245.0,1169474.0,1167326.0,1165822.0,1164905.0,1162829.0,1163415.0,1164516.0,1157800.0
1129458.0,1126557.0,1128804.0,1132136.0,1130040.0,1129375.0,1132331.0,1131976.0,1136188.0,1135816.0,1135955.0,1137615.0,1137856.0,1137807.0,1134313.0,1137099.0,1137773.0,1138448.0,1139137.0,1139921.0,1136793.0,1132790.0,1136020.0,1132733.0,1129481.0,1132663.0,1133675.0,1133250.0,1132212.0,1132425.0,1129889.0,1130973.0,1129999.0,1128368.0,1127896.0,1128672.0
1172907.0,1176728.0,1177138.0,1180671.0,1176865.0,1176238.0,1177163.0,1181278.0,1184256.0,1184938.0,1183962.0,1183910.0,1181485.0,1182910.0,1180680.0,1183158.0,1184137.0,1187235.0,1187505.0,1186652.0,1185084.0,1184935.0,1186271.0,1187957.0,1187317.0,1186488.0,1189228.0,1189666.0,1188294.0,1188168.0,1186315.0,1184542.0,1184407.0,1184830.0,1180253.0,1175631.0
1145092.0,1146566.0,1151585.0,1150796.0,1152640.0,1152994.0,1152901.0,1152230.0,1154535.0,1155984.0,1157324.0,1157609.0,1157121.0,1156476.0,1151406.0,1150447.0,1147914.0,1148381.0,1149239.0,1148657.0,1147968.0,1150976.0,1146919.0,1146206.0,1143121.0,1142477.0,1141810.0,1141774.0,1141631.0,1142615.0,1141289.0,1142544.0,1141339.0,1138784.0,1142592.0,1143286.0
1168657.0,1172168.0,1168647.0,1169657.0,1167258.0,1165756.0,1168365.0,1169866.0,1173431.0,1172116.0,1173483.0,1172243.0,1172403.0,1176152.0,1179034.0,1179079.0,1179798.0,1180312.0,1178785.0,1182664.0,1184856.0,1186818.0,1182393.0,1181580.0,1182974.0,1180731.0,1185758.0,1183713.0,1182470.0,1178704.0,1178680.0,1173587.0,1171878.0,1169426.0,1169554.0,1170696.0
1222852.0,1225825.0,1227200.0,1232399.0,1235097.0,1238355.0,1242679.0,1243045.0,1245582.0,1244231.0,1244450.0,1244149.0,1250590.0,1250513.0,1245989.0,1243493.0,1241341.0,1241834.0,1242968.0,1245080.0,1245064.0,1247922.0,1250044.0,1249643.0,1246258.0,1245560.0,1244210.0,1247598.0,1247152.0,1246154.0,1243246.0,1239638.0,1241281.0,1236132.0,1232569.0,1226309.0
1197457.0,1197358.0,1199707.0,1200854.0,1200013.0,1197663.0,1198438.0,1198793.0,1199485.0,1202622.0,1202646.0,1205541.0,1203292.0,1204791.0,1203476.0,1207628.0,1210877.0,1208276.0,1210698.0,1209392.0,1206211.0,1204037.0,1205780.0,1205258.0,1206293.0,1207052.0,1204963.0,1205359.0,1202103.0,1199441.0,1201752.0,1202636.0,1199456.0,1197234.0,1195747.0,1199351.0
1225473.0,1221524.0,1226135.0,1231552.0,1230825.0,1232443.0,1233520.0,1234814.0,1230867.0,1235966.0,1235319.0,1237529.0,1232009.0,1233291.0,1233980.0,1242074.0,1243878.0,1243286.0,1243855.0,1248849.0,1249555.0,1246371.0,1243953.0,1243584.0,1240622.0,1235242.0,1236209.0,1238219.0,1241342.0,1235393.0,1236481.0,1235086.0,1233693.0,1230663.0,1232537.0,1230481.0
1181555.0,1184282.0,1182523.0,1183023.0,1188331.0,1189891.0,1192413.0,1196786.0,1199030.0,1198033.0,1197736.0,1192077.0,1187705.0,1188627.0,1186529.0,1185208.0,1183588.0,1184146.0,1185785.0,1188483.0,1191359.0,1186854.0,1189209.0,1189882.0,1193444.0,1195081.0,1193927.0,1197123.0,1193924.0,1195479.0,1190516.0,1190808.0,1190776.0,1187108.0,1185992.0,1183403.0
1208883.0,1208893.0,1207778.0,1212660.0,1218272.0,1217446.0,1225686.0,1227743.0,1228058.0,1225518.0,1219854.0,1221235.0,1220477.0,1221009.0,1220203.0,1218099.0,1218930.0,1223252.0,1231960.0,1233738.0,1228810.0,1224382.0,1221875.0,1221084.0,1222330.0,1218409.0,1218020.0,1216875.0,1221226.0,1227991.0,1229782.0,1228760.0,1227341.0,1227940.0,1222947.0,1219430.0
1124654.0,1129493.0,1129770.0,1130977.0,1131582.0,1133652.0,1131161.0,1134341.0,1133863.0,1130681.0,1135270.0,1134996.0,1137534.0,1134233.0,1134288.0,1133477.0,1137750.0,1137001.0,1138875.0,1141467.0,1141825.0,1142677.0,1138410.0,1142303.0,1141688.0,1136493.0,1138064.0,1137325.0,1134767.0,1134232.0,1133743.0,1132835.0,1131427.0,1129041.0,1127746.0,1128701.0
1160973.0,1165101.0,1165476.0,1165816.0,1162937.0,1166235.0,1163792.0,1162892.0,1161411.0,1162272.0,1165401.0,1167127.0,1166057.0,1167969.0,1167776.0,1170287.0,1171591.0,1172089.0,1175117.0,1173636.0,1174586.0,1173655.0,1171856.0,1171298.0,1168548.0,1169617.0,1166539.0,1167440.0,1168631.0,1167436.0,1169259.0,1168666.0,1166504.0,1164537.0,1165230.0,1163253.0
1178347.0,1180778.0,1184380.0,1186171.0,1187538.0,1185570.0,1187666.0,1192337.0,1196553.0,1200076.0,1200771.0,1201110.0,1200330.0,1196604.0,1195448.0,1194405.0,1195727.0,1195874.0,1197919.0,1199629.0,1200520.0,1201393.0,1197444.0,1193906.0,1192918.0,1194527.0,1191018.0,1189575.0,1184273.0,1184345.0,1182221.0,1184902.0,1185766.0,1184299.0,1183293.0,1182703.0
1151447.0,1152527.0,1150912.0,1151942.0,1154865.0,1158168.0,1162012.0,1162776.0,1168215.0,1168214.0,1169296.0,1171330.0,1169395.0,1172409.0,1175277.0,1173256.0,1175559.0,1177616.0,1177584.0,1179733.0,1175693.0,1178082.0,1177453.0,1175338.0,1172373.0,1168667.0,1168068.0,1166081.0,1164759.0,1162904.0,1161033.0,1159714.0,1161336.0,1157459.0,1155859.0,1153846.0
1175306.0,1182678.0,1182618.0,1183403.0,1183354.0,1183016.0,1181347.0,1181075.0,1181715.0,1182758.0,1184038.0,1181231.0,1183562.0,1182151.0,1180004.0,1180868.0,1181816.0,1177138.0,1178245.0,1181089.0,1183430.0,1183531.0,1185910.0,1184758.0,1181174.0,1180299.0,1178991.0,1180408.0,1178018.0,1181991.0,1185777.0,1185197.0,1186183.0,1186986.0,1187348.0,1181347.0
1207760.0,1210496.0,1210319.0,1211815.0,1213975.0,1220038.0,1222035.0,1227485.0,1233824.0,1235867.0,1238833.0,1247965.0,1251687.0,1252324.0,1257165.0,1260252.0,1255093.0,1257584.0,1256951.0,1254365.0,1251344.0,1254738.0,1249790.0,1244156.0,1245502.0,1241784.0,1236882.0,1236998.0,1231270.0,1224153.0,1219743.0,1220250.0,1214392.0,1211214.0,1212663.0,1209674.0
1174486.0,1175540.0,1173256.0,1170377.0,1170984.0,1174315.0,1175023.0,1174693.0,1178344.0,1178176.0,1180524.0,1181974.0,1184513.0,1188908.0,1188564.0,1188647.0,1186329.0,1183648.0,1187507.0,1187467.0,1185746.0,1187547.0,1185197.0,1188068.0,1185451.0,1186678.0,1189733.0,1185708.0,1189206.0,1189123.0,1193712.0,1191208.0,1189877.0,1184785.0,1178336.0,1179134.0
1207036.0,1209366.0,1209881.0,1208941.0,1208746.0,1214518.0,1214168.0,1214270.0,1214676.0,1214473.0,1216282.0,1218881.0,1221688.0,1219320.0,1218035.0,1219458.0,1216984.0,1213731.0,1211213.0,1209785.0,1207310.0,1203317.0,1206384.0,1209374.0,1210362.0,1212712.0,1217065.0,1224498.0,1224124.0,1223859.0,1222721.0,1220652.0,1218936.0,1216622.0,1215509.0,1209223.0
1201571.0,1200968.0,1204080.0,1203822.0,1204337.0,1206299.0,1205608.0,1205638.0,1203723.0,1205269.0,1209036.0,1208532.0,1207777.0,1209590.0,1210344.0,1206203.0,1203942.0,1200605.0,1200649.0,1202320.0,1203139.0,1202892.0,1205739.0,1204980.0,1204704.0,1207066.0,1205447.0,1204603.0,1208485.0,1209278.0,1207617.0,1207821.0,1204365.0,1204545.0,1204126.0,1202864.0
1141863.0,1144402.0,1144678.0,1144924.0,1146087.0,1147000.0,1147909.0,1150048.0,1149329.0,1146460.0,1145873.0,1148263.0,1150108.0,1151416.0,1148757.0,1148682.0,1144415.0,1148010.0,1146854.0,1149564.0,1146269.0,1148434.0,1147352.0,1145970.0,1149366.0,1151851.0,1148261.0,1147520.0,1147196.0,1147796.0,1146488.0,1146443.0,1147507.0,1149823.0,1149152.0,1150170.0
1153047.0,1155259.0,1157303.0,1157838.0,1157457.0,1159057.0,1160832.0,1161068.0,1160297.0,1159265.0,1159531.0,1156527.0,1157237.0,1161965.0,1162476.0,1162854.0,1161537.0,1161141.0,1158644.0,1158388.0,1158788.0,1160882.0,1159416.0,1158231.0,1158753.0,1159618.0,1161120.0,1161505.0,1161840.0,1160658.0,1159936.0,1158919.0,1158352.0,1159267.0,1157871.0,1153507.0
1135427.0,1138634.0,1147145.0,1149200.0,1145251.0,1144076.0,1143002.0,1147112.0,1144830.0,1147598.0,1150417.0,1149300.0,1148395.0,1149895.0,1153025.0,1156032.0,1156603.0,1151798.0,1155637.0,1155005.0,1152316.0,1153620.0,1146769.0,1147148.0,1143669.0,1145724.0,1144578.0,1142856.0,1141506.0,1138790.0,1141299.0,1139577.0,1140028.0,1140195.0,1140149.0,1137394.0
1134731.0,1139002.0,1143480.0,1147582.0,1151744.0,1155376.0,1156382.0,1161387.0,1162772.0,1162598.0,1161391.0,1161982.0,1163838.0,1164356.0,1162429.0,1163913.0,1165255.0,1166619.0,1164666.0,1164946.0,1166578.0,1163314.0,1157717.0,1153851.0,1153681.0,1153004.0,1155043.0,1154603.0,1152335.0,1151850.0,1149543.0,1146303.0,1144423.0,1141365.0,1140026.0,1139415.0
1191059.0,1192640.0,1195394.0,1195267.0,1197706.0,1195345.0,1195472.0,1199310.0,1199769.0,1205121.0,1205647.0,1210958.0,1211216.0,1213634.0,1214334.0,1212496.0,1211133.0,1212471.0,1211032.0,1211887.0,1211849.0,1208704.0,1213355.0,1210212.0,1209227.0,1205789.0,1204837.0,1200403.0,1195961.0,1197193.0,1192141.0,1195775.0,1191695.0,1188548.0,1191625.0,1189131.0
1158316.0,1161516.0,1161928.0,1161799.0,1162754.0,1162110.0,1161007.0,1166470.0,1164863.0,1166910.0,1169531.0,1169524.0,1168781.0,1166567.0,1165105.0,1162780.0,1164276.0,1167885.0,1164449.0,1161512.0,1163468.0,1161994.0,1161249.0,1163524.0,1161184.0,1162073.0,1168241.0,1172634.0,1168619.0,1170737.0,1167774.0,1165342.0,1166288.0,1165476.0,1161795.0,1158555.0
1160061.0,1162486.0,1163439.0,1165900.0,1163534.0,1163878.0,1169019.0,1169657.0,1170213.0,1170896.0,1171609.0,1170989.0,1170339.0,1169645.0,1167563.0,1167695.0,1170032.0,1166567.0,1165756.0,1163714.0,1162667.0,1164545.0,1166067.0,1167499.0,1166566.0,1167923.0,1172760.0,1173369.0,1170042.0,1166906.0,1166314.0,1170482.0,1169077.0,1166449.0,1162715.0,1157667.0
1128342.0,1129900.0,1128311.0,1127664.0,1132929.0,1134110.0,1133951.0,1139198.0,1142239.0,1143825.0,1150377.0,1153218.0,1158427.0,1164966.0,1169790.0,1172198.0,1175435.0,1179463.0,1178707.0,1179350.0,1179451.0,1179586.0,1173984.0,1176342.0,1173311.0,1169558.0,1168864.0,1161116.0,1157246.0,1152039.0,1146541.0,1141618.0,1138805.0,1135038.0,1136004.0,1131197.0
1229653.0,1232015.0,1232660.0,1238800.0,1243052.0,1243840.0,1243445.0,1240811.0,1240792.0,1240694.0,1241629.0,1239366.0,1238131.0,1237202.0,1239059.0,1240773.0,1242341.0,1244232.0,1245006.0,1247618.0,1253942.0,1252420.0,1253891.0,1251027.0,1250584.0,1246860.0,1247481.0,1246830.0,1248165.0,1244215.0,1243731.0,1240886.0,1238548.0,1236143.0,1231084.0,1230380.0
1172645.0,1180800.0,1180609.0,1177137.0,1181421.0,1180766.0,1180798.0,1187130.0,1187759.0,1190227.0,1192215.0,1191190.0,1194940.0,1197959.0,1199372.0,1202267.0,1201866.0,1201195.0,1204772.0,1203357.0,1199422.0,1198570.0,1197023.0,1196636.0,1193879.0,1190028.0,1185418.0,1181148.0,1183015.0,1177704.0,1171270.0,1172327.0,1173333.0,1175203.0,1175735.0,1171672.0
1137005.0,1138657.0,1139811.0,1136804.0,1136069.0,1139032.0,1138195.0,1136809.0,1137509.0,1137570.0,1137753.0,1136740.0,1136455.0,1137632.0,1137920.0,1139084.0,1138755.0,1136046.0,1134753.0,1138761.0,1139159.0,1140269.0,1138932.0,1136055.0,1136898.0,1140966.0,1140065.0,1139980.0,1138356.0,1137622.0,1135493.0,1135743.0,1139385.0,1141262.0,1139043.0,1137064.0
1206783.0,1209723.0,1211441.0,1216549.0,1219262.0,1224333.0,1223695.0,1227537.0,1227511.0,1225724.0,1224625.0,1221425.0,1217690.0,1215430.0,1212016.0,1215429.0,1217004.0,1218435.0,1214825.0,1219455.0,1217157.0,1217496.0,1219790.0,1223225.0,1223472.0,1223265.0,1226482.0,1227278.0,1226027.0,1223702.0,1225094.0,1225503.0,1222974.0,1218922.0,1214528.0,1211555.0
1168276.0,1168428.0,1173168.0,1172683.0,1172418.0,1174383.0,1172653.0,1171313.0,1171169.0,1177851.0,1175433.0,1176131.0,1171424.0,1174197.0,1171180.0,1173202.0,1170000.0,1170903.0,1168025.0,1167712.0,1166964.0,1168249.0,1165936.0,1168603.0,1170682.0,1172951.0,1169429.0,1170315.0,1168075.0,1170906.0,1171093.0,1169253.0,1166694.0,1168022.0,1172223.0,1168944.0
1130640.0,1129907.0,1133565.0,1136777.0,1141492.0,1140941.0,1140139.0,1140244.0,1142383.0,1143260.0,1145301.0,1142860.0,1140696.0,1141801.0,1141021.0,1140652.0,1141368.0,1136951.0,1135201.0,1136930.0,1138385.0,1138843.0,1138738.0,1139543.0,1142618.0,1146033.0,1148102.0,1149303.0,1146157.0,1146472.0,1143461.0,1140298.0,1140335.0,1136464.0,1133014.0,1132005.0
1203414.0,1207187.0,1208601.0,1210664.0,1212313.0,1209463.0,1212953.0,1213194.0,1211688.0,1206888.0,1207889.0,1213163.0,1214347.0,1212208.0,1217254.0,1217716.0,1219126.0,1215499.0,1211029.0,1208012.0,1213046.0,1216733.0,1217005.0,1215010.0,1215672.0,1216710.0,1211073.0,1211482.0,1211454.0,1216139.0,1214841.0,1212006.0,1211246.0,1212200.0,1208449.0,1208390.0
1169928.0,1167952.0,1167636.0,1169137.0,1172915.0,1175978.0,1175291.0,1179519.0,1182803.0,1184484.0,1185675.0,1184523.0,1185910.0,1180154.0,1179670.0,1179362.0,1177474.0,1175620.0,1176289.0,1176795.0,1174231.0,1176434.0,1177083.0,1179565.0,1178296.0,1177090.0,1177722.0,1178361.0,1178102.0,1175539.0,1177522.0,1176733.0,1175077.0,1176357.0,1174732.0,1172977.0
1168940.0,1172093.0,1175966.0,1176881.0,1177199.0,1176034.0,1175529.0,1176890.0,1177682.0,1176114.0,1176209.0,1180605.0,1182907.0,1181798.0,1174854.0,1173929.0,1178327.0,1178960.0,1182122.0,1179710.0,1177714.0,1178436.0,1180536.0,1181549.0,1181372.0,1182742.0,1176816.0,1174615.0,1173942.0,1176211.0,1181331.0,1181238.0,1177270.0,1174842.0,1171686.0,1169609.0
1206720.0,1210421.0,1210270.0,1217148.0,1223243.0,1222984.0,1227241.0,1236144.0,1238065.0,1241991.0,1246106.0,1250261.0,1251024.0,1251705.0,1248461.0,1248990.0,1248628.0,1245856.0,1247277.0,1243490.0,1234887.0,1234656.0,1237093.0,1230027.0,1232879.0,1222652.0,1221798.0,1218968.0,1220795.0,1216150.0,1211001.0,1209156.0,1204989.0,1206789.0,1207611.0,1206616.0
1171610.0,1170765.0,1171423.0,1173931.0,1173132.0,1170848.0,1171146.0,1166620.0,1166343.0,1167666.0,1164810.0,1166153.0,1166902.0,1165896.0,1170517.0,1170928.0,1168982.0,1169327.0,1168079.0,1165651.0,1165742.0,1164736.0,1166450.0,1166168.0,1169461.0,1167239.0,1166591.0,1168772.0,1168033.0,1167203.0,1170558.0,1169884.0,1169678.0,1172853.0,1174267.0,1173700.0
1165156.0,1169486.0,1172559.0,1171645.0,1169344.0,1171784.0,1172858.0,1173568.0,1170790.0,1169494.0,1170875.0,1173864.0,1179357.0,1177782.0,1177809.0,1179109.0,1172882.0,1170969.0,1170059.0,1175398.0,1174882.0,1176169.0,1176194.0,1170717.0,1172072.0,1173058.0,1167462.0,1169513.0,1173064.0,1173923.0,1172519.0,1170842.0,1171833.0,1172241.0,1171279.0,1166644.0
1156077.0,1155941.0,1156581.0,1159068.0,1160652.0,1159394.0,1159926.0,1164294.0,1168529.0,1170353.0,1171092.0,1170321.0,1169166.0,1169253.0,1172363.0,1173852.0,1177269.0,1180868.0,1179835.0,1180900.0,1182854.0,1180860.0,1178472.0,1181345.0,1179498.0,1174310.0,1170140.0,1164424.0,1161065.0,1160585.0,1161259.0,1159561.0,1158478.0,1157670.0,1155277.0,1152290.0
1123261.0,1123992.0,1127383.0,1128073.0,1129753.0,1132651.0,1139913.0,1141098.0,1143875.0,1143885.0,1144937.0,1146878.0,1146040.0,1148073.0,1149911.0,1155361.0,1158885.0,1158287.0,1156499.0,1159644.0,1159387.0,1153276.0,1152770.0,1147452.0,1144827.0,1144296.0,1144766.0,1143141.0,1140356.0,1141423.0,1139312.0,1137113.0,1134826.0,1134327.0,1128665.0,1125532.0
1153638.0,1156832.0,1156132.0,1158047.0,1160311.0,1159620.0,1161651.0,1160234.0,1161292.0,1160892.0,1158769.0,1155336.0,1156444.0,1156429.0,1157931.0,1158485.0,1158430.0,1154913.0,1156865.0,1158335.0,1157039.0,1155933.0,1159135.0,1161379.0,1163242.0,1162446.0,1163256.0,1164125.0,1161131.0,1160449.0,1160513.0,1158362.0,1152935.0,1157420.0,1158012.0,1155319.0
1162850.0,1161358.0,1163372.0,1166901.0,1170299.0,1169398.0,1175303.0,1177500.0,1175823.0,1172459.0,1171740.0,1167122.0,1162586.0,1163591.0,1162924.0,1162542.0,1164738.0,1167568.0,1167749.0,1167969.0,1171101.0,1169836.0,1166515.0,1167723.0,1163462.0,1159883.0,1162348.0,1164554.0,1163900.0,1170292.0,1171561.0,1171543.0,1169095.0,1169377.0,1167330.0,1165352.0
1209340.0,1206825.0,1208808.0,1207945.0,1209797.0,1211662.0,1209124.0,1211407.0,1210027.0,1210516.0,1208880.0,1207706.0,1210890.0,1216294.0,1219154.0,1212355.0,1213184.0,1217669.0,1220456.0,1221219.0,1219405.0,1219310.0,1222257.0,1222603.0,1223709.0,1220976.0,1220387.0,1226060.0,1224478.0,1223784.0,1219201.0,1215598.0,1217119.0,1216623.0,1213661.0,1210175.0
1193369.0,1200314.0,1201584.0,1203873.0,1205327.0,1208016.0,1212427.0,1218879.0,1220379.0,1222182.0,1224094.0,1227774.0,1231369.0,1232546.0,1233432.0,1232971.0,1234092.0,1235556.0,1238781.0,1236554.0,1238986.0,1233886.0,1231227.0,1228728.0,1222123.0,1220254.0,1220788.0,1215899.0,1213175.0,1211469.0,1207173.0,1205236.0,1205673.0,1200885.0,1198492.0,1196807.0
1168244.0,1170268.0,1174753.0,1174560.0,1174603.0,1176131.0,1175341.0,1175676.0,1175578.0,1175913.0,1175358.0,1171048.0,1173782.0,1174583.0,1178404.0,1178589.0,1178847.0,1180262.0,1178077.0,1174155.0,1177474.0,1174456.0,1174469.0,1176170.0,1175093.0,1172332.0,1174458.0,1174441.0,1176354.0,1176839.0,1175918.0,1178605.0,1178267.0,1177827.0,1174369.0,1173302.0
1167227.0,1165880.0,1164041.0,1165983.0,1167354.0,1166952.0,1169672.0,1169442.0,1166161.0,1168185.0,1167812.0,1166035.0,1168654.0,1170900.0,1170233.0,1166916.0,1165865.0,1166354.0,1166502.0,1171107.0,1172386.0,1172140.0,1172707.0,1171537.0,1171702.0,1169483.0,1166316.0,1169023.0,1171296.0,1170649.0,1169423.0,1168944.0,1168137.0,1168182.0,1170783.0,1170085.0
1166448.0,1168354.0,1169211.0,1171698.0,1172487.0,1174269.0,1176931.0,1176358.0,1178786.0,1176198.0,1176715.0,1174808.0,1175597.0,1178853.0,1179234.0,1176562.0,1175119.0,1178320.0,1177988.0,1178218.0,1175391.0,1175626.0,1173159.0,1174262.0,1172659.0,1173238.0,1173058.0,1173345.0,1176950.0,1176731.0,1172773.0,1172541.0,1169031.0,1172603.0,1169783.0,1170874.0
1158315.0,1160475.0,1164361.0,1166572.0,1168790.0,1167580.0,1165504.0,1167129.0,1164497.0,1168281.0,1170355.0,1171376.0,1170809.0,1173103.0,1175450.0,1176083.0,1176404.0,1172911.0,1170824.0,1170789.0,1170296.0,1171206.0,1167646.0,1168200.0,1168619.0,1165863.0,1168880.0,1170679.0,1168991.0,1165931.0,1162183.0,1161504.0,1161835.0,1159945.0,1162755.0,1162451.0
1116002.0,1117274.0,1121906.0,1126141.0,1125418.0,1126750.0,1124416.0,1124798.0,1124650.0,1122616.0,1121926.0,1120753.0,1122877.0,1121866.0,1123988.0,1126837.0,1129500.0,1127696.0,1126718.0,1126059.0,1123115.0,1120663.0,1117829.0,1118207.0,1120709.0,1121038.0,1125047.0,1125045.0,1123752.0,1123219.0,1123197.0,1122267.0,1121864.0,1121713.0,1120589.0,1118465.0
1193520.0,1199568.0,1204980.0,1206381.0,1208291.0,1211013.0,1207813.0,1212873.0,1209498.0,1210409.0,1202408.0,1200840.0,1199569.0,1200234.0,1203251.0,1205489.0,1205178.0,1206981.0,1214037.0,1212260.0,1215621.0,1209316.0,1207333.0,1205700.0,1205459.0,1206090.0,1212365.0,1207012.0,1203074.0,1202909.0,1202389.0,1199137.0,1200917.0,1200031.0,1193282.0,1191590.0
1179807.0,1179622.0,1185165.0,1188488.0,1187389.0,1191478.0,1187947.0,1190213.0,1190028.0,1190721.0,1189744.0,1190371.0,1187953.0,1184528.0,1184914.0,1181525.0,1184206.0,1185945.0,1188051.0,1186314.0,1185281.0,1184106.0,1185875.0,1187695.0,1189717.0,1191350.0,1192237.0,1191316.0,1189573.0,1186037.0,1187285.0,1188089.0,1188735.0,1187934.0,1184271.0,1182860.0
1213296.0,1216792.0,1221869.0,1218573.0,1219238.0,1219032.0,1218465.0,1219892.0,1222921.0,1225161.0,1221406.0,1220623.0,1221070.0,1224046.0,1225498.0,1226227.0,1222791.0,1221277.0,1220145.0,1223676.0,1223493.0,1223831.0,1224462.0,1219286.0,1219860.0,1220631.0,1222015.0,1219529.0,1222399.0,1219551.0,1212776.0,1216202.0,1219972.0,1221382.0,1215625.0,1214868.0
1145454.0,1151696.0,1149781.0,1151618.0,1154057.0,1152336.0,1153329.0,1154937.0,1160069.0,1159163.0,1160723.0,1163477.0,1160199.0,1163782.0,1165004.0,1162580.0,1164062.0,1162108.0,1160511.0,1166555.0,1162127.0,1162761.0,1160859.0,1159829.0,1160458.0,1159957.0,1162195.0,1159414.0,1159422.0,1157003.0,1155749.0,1152361.0,1152279.0,1149461.0,1151840.0,1146828.0
1180405.0,1181822.0,1183631.0,1184160.0,1185435.0,1182388.0,1182188.0,1182969.0,1182480.0,1181117.0,1183199.0,1187751.0,1187563.0,1186740.0,1184919.0,1183400.0,1182884.0,1180878.0,1181316.0,1182556.0,1184933.0,1186217.0,1184448.0,1185776.0,1185934.0,1184690.0,1183497.0,1182667.0,1183625.0,1186606.0,1188186.0,1186360.0,1186871.0,1185703.0,1185638.0,1185202.0
1208419.0,1211102.0,1209555.0,1215992.0,1210167.0,1212704.0,1212491.0,1211176.0,1214728.0,1209174.0,1212772.0,1211085.0,1212421.0,1213397.0,1210468.0,1211613.0,1210579.0,1212748.0,1216086.0,1210979.0,1212828.0,1210188.0,1213734.0,1214466.0,1211731.0,1212923.0,1210289.0,1213055.0,1210607.0,1212525.0,1211055.0,1209468.0,1211162.0,1211805.0,1212004.0,1211376.0
1102715.0,1104157.0,1109781.0,1112123.0,1111344.0,1110324.0,1110734.0,1107601.0,1108968.0,1109261.0,1116024.0,1113884.0,1115324.0,1111830.0,1112023.0,1107942.0,1108855.0,1111331.0,1117262.0,1112827.0,1112432.0,1108691.0,1111307.0,1113048.0,1114841.0,1112120.0,1114454.0,1113381.0,1110811.0,1110695.0,1113927.0,1110229.0,1113528.0,1113591.0,1110592.0,1107115.0
1117613.0,1124065.0,1125183.0,1125163.0,1125480.0,1125938.0,1128543.0,1127172.0,1128503.0,1127582.0,1125153.0,1128574.0,1126331.0,1123846.0,1120198.0,1121557.0,1126230.0,1125482.0,1126465.0,1125359.0,1123640.0,1124103.0,1128920.0,1127628.0,1130233.0,1127906.0,1126491.0,1128093.0,1128306.0,1126768.0,1126468.0,1127412.0,1124003.0,1125753.0,1121139.0,1118968.0
1159273.0,1161724.0,1168821.0,1172294.0,1171604.0,1169387.0,1166614.0,1162419.0,1160146.0,1162539.0,1164541.0,1169231.0,1173188.0,1171277.0,1163508.0,1160419.0,1164014.0,1165591.0,1168877.0,1167338.0,1166664.0,1167242.0,1165820.0,1164855.0,1167451.0,1168409.0,1170498.0,1169985.0,1166720.0,1167445.0,1167076.0,1167025.0,1168948.0,1170373.0,1165076.0,1165056.0
1197210.0,1202273.0,1202853.0,1204305.0,1204891.0,1204336.0,1208753.0,1207391.0,1209808.0,1208111.0,1202550.0,1205976.0,1208198.0,1208491.0,1209418.0,1206106.0,1207172.0,1211252.0,1216701.0,1214375.0,1210539.0,1208359.0,1211514.0,1208874.0,1207729.0,1205948.0,1201490.0,1206686.0,1212020.0,1212579.0,1212401.0,1207999.0,1209549.0,1209327.0,1208197.0,1203117.0
1148149.0,1157034.0,1160400.0,1157849.0,1159582.0,1160252.0,1164775.0,1163172.0,1164920.0,1165360.0,1163845.0,1162995.0,1160755.0,1162580.0,1163685.0,1157998.0,1154655.0,1153568.0,1154126.0,1157580.0,1160929.0,1160824.0,1161244.0,1158991.0,1162859.0,1166782.0,1163564.0,1166306.0,1158531.0,1160485.0,1158802.0,1155338.0,1158609.0,1153979.0,1154554.0,1148543.0
1185477.0,1191616.0,1194649.0,1198191.0,1200108.0,1202056.0,1204112.0,1206586.0,1208228.0,1210776.0,1217646.0,1216715.0,1217671.0,1218099.0,1217891.0,1222310.0,1222352.0,1216432.0,1215615.0,1214775.0,1213397.0,1208845.0,1206660.0,1204348.0,1201988.0,1201215.0,1197632.0,1198637.0,1197628.0,1198788.0,1198799.0,1196215.0,1190149.0,1185319.0,1185824.0,1185383.0
1141484.0,1143160.0,1145127.0,1144799.0,1147543.0,1147647.0,1145582.0,1145116.0,1145755.0,1146262.0,1145395.0,1143919.0,1145732.0,1146877.0,1149799.0,1150147.0,1148637.0,1144910.0,1146225.0,1145229.0,1144752.0,1147514.0,1142899.0,1143458.0,1141868.0,1141452.0,1143721.0,1147316.0,1147563.0,1150677.0,1147348.0,1146134.0,1145139.0,1145054.0,1141245.0,1141399.0
1121563.0,1121821.0,1128480.0,1128699.0,1125444.0,1125643.0,1126605.0,1127919.0,1132393.0,1133765.0,1136392.0,1133448.0,1134904.0,1135399.0,1137553.0,1139809.0,1140019.0,1138867.0,1138890.0,1138118.0,1133241.0,1133180.0,1136374.0,1136122.0,1135178.0,1132873.0,1127514.0,1126876.0,1127175.0,1127779.0,1126507.0,1125937.0,1125005.0,1120638.0,1120475.0,1123381.0
1140205.0,1143204.0,1141811.0,1146046.0,1144586.0,1147627.0,1145395.0,1144208.0,1144093.0,1146340.0,1145511.0,1152521.0,1154447.0,1153536.0,1156795.0,1157191.0,1158658.0,1157864.0,1160443.0,1160559.0,1161168.0,1158829.0,1160767.0,1156809.0,1154767.0,1153061.0,1153748.0,1151791.0,1153347.0,1151056.0,1149742.0,1148716.0,1148972.0,1146046.0,1143831.0,1144542.0
1202540.0,1208336.0,1206031.0,1210858.0,1210949.0,1214252.0,1207079.0,1208388.0,1209169.0,1210322.0,1212223.0,1217500.0,1218718.0,1217787.0,1218697.0,1214459.0,1217129.0,1214309.0,1211905.0,1217908.0,1219402.0,1217011.0,1222108.0,1222400.0,1218167.0,1216039.0,1220635.0,1213399.0,1213288.0,1212582.0,1214471.0,1212886.0,1216194.0,1213163.0,1210713.0,1205207.0
1184279.0,1185403.0,1187476.0,1188492.0,1192430.0,1194621.0,1195018.0,1193081.0,1195329.0,1193738.0,1192409.0,1196782.0,1195915.0,1195252.0,1193855.0,1196945.0,1199846.0,1201503.0,1202343.0,1200206.0,1195230.0,1193662.0,1188350.0,1192335.0,1191202.0,1192821.0,1192454.0,1194815.0,1191516.0,1192293.0,1193242.0,1190540.0,1186814.0,1185776.0,1187179.0,1183608.0
1104324.0,1103940.0,1105400.0,1107337.0,1110967.0,1116196.0,1117988.0,1118535.0,1118360.0,1115298.0,1114922.0,1119253.0,1120179.0,1118040.0,1119843.0,1119580.0,1119059.0,1120361.0,1122665.0,1122505.0,1118020.0,1115626.0,1112206.0,1110332.0,1110322.0,1108376.0,1109874.0,1112362.0,1111846.0,1110082.0,1111170.0,1111124.0,1108079.0,1108245.0,1107808.0,1105192.0
1169475.0,1170056.0,1170784.0,1167933.0,1168480.0,1169841.0,1173534.0,1170784.0,1171706.0,1171165.0,1170548.0,1174449.0,1172962.0,1172528.0,1171173.0,1168341.0,1170841.0,1171171.0,1168066.0,1168352.0,1170143.0,1177268.0,1172552.0,1171656.0,1168793.0,1169395.0,1169084.0,1167063.0,1166433.0,1168076.0,1170339.0,1169981.0,1169418.0,1169276.0,1172447.0,1169353.0
1157749.0,1157230.0,1160853.0,1157756.0,1158290.0,1156932.0,1154928.0,1158979.0,1159998.0,1161679.0,1161126.0,1161762.0,1164177.0,1166934.0,1165990.0,1165050.0,1161859.0,1158812.0,1155800.0,1158495.0,1163980.0,1163077.0,1163264.0,1165425.0,1166635.0,1162259.0,1162503.0,1160353.0,1157723.0,1155423.0,1155833.0,1158254.0,1158564.0,1156035.0,1157940.0,1157091.0
1120923.0,1119000.0,1115971.0,1118996.0,1117164.0,1123962.0,1122756.0,1124213.0,1125162.0,1126900.0,1128623.0,1130263.0,1130640.0,1131751.0,1133260.0,1135325.0,1133855.0,1131970.0,1135981.0,1135342.0,1136081.0,1136174.0,1133490.0,1133460.0,1132815.0,1126010.0,1124645.0,1126392.0,1126008.0,1127319.0,1124215.0,1123915.0,1121289.0,1119397.0,1120876.0,1118765.0
1169166.0,1171271.0,1170543.0,1171185.0,1173103.0,1172751.0,1172800.0,1172198.0,1174351.0,1176699.0,1174491.0,1173156.0,1177231.0,1174806.0,1175041.0,1173024.0,1172776.0,1174267.0,1174691.0,1175793.0,1173832.0,1170859.0,1173191.0,1177592.0,1175536.0,1173744.0,1173959.0,1175242.0,1174167.0,1176350.0,1175078.0,1174518.0,1174762.0,1174470.0,1173989.0,1171612.0
1161517.0,1165835.0,1168016.0,1170130.0,1174131.0,1174871.0,1179053.0,1179065.0,1183249.0,1185936.0,1190827.0,1194670.0,1197621.0,1200029.0,1201492.0,1204509.0,1205665.0,1205612.0,1207913.0,1207915.0,1204070.0,1204608.0,1205848.0,1202145.0,1197721.0,1196489.0,1191276.0,1187610.0,1183658.0,1183855.0,1179871.0,1175009.0,1171283.0,1167095.0,1164685.0,1163079.0
1136421.0,1137637.0,1135537.0,1139726.0,1139750.0,1143214.0,1142332.0,1143172.0,1141629.0,1143556.0,1142385.0,1144268.0,1141247.0,1141236.0,1137667.0,1140830.0,1141185.0,1143326.0,1142095.0,1142690.0,1142083.0,1143053.0,1143906.0,1144886.0,1143182.0,1139018.0,1141473.0,1143066.0,1145542.0,1142809.0,1143855.0,1142133.0,1142140.0,1142294.0,1142151.0,1137042.0
1233365.0,1233455.0,1235347.0,1241134.0,1245242.0,1246572.0,1247788.0,1254376.0,1257965.0,1257746.0,1258482.0,1262040.0,1266118.0,1267135.0,1265228.0,1269679.0,1274450.0,1273337.0,1274078.0,1269232.0,1269270.0,1268247.0,1265474.0,1261843.0,1257609.0,1255740.0,1250920.0,1248178.0,1245901.0,1244428.0,1242868.0,1242144.0,1239198.0,1234901.0,1233397.0,1233061.0
1166401.0,1168468.0,1166726.0,1170495.0,1171294.0,1172232.0,1172453.0,1175176.0,1170417.0,1174106.0,1172761.0,1171754.0,1171434.0,1169280.0,1169848.0,1165646.0,1168810.0,1164530.0,1168763.0,1168828.0,1173389.0,1174264.0,1176611.0,1174910.0,1175672.0,1173171.0,1171058.0,1167289.0,1168387.0,1169129.0,1170920.0,1174411.0,1175380.0,1175132.0,1171220.0,1169395.0
1189090.0,1192681.0,1192456.0,1186129.0,1188704.0,1193415.0,1192631.0,1191700.0,1197442.0,1195513.0,1192868.0,1195357.0,1192854.0,1192642.0,1195099.0,1196046.0,1189237.0,1188737.0,1191514.0,1191547.0,1192568.0,1197627.0,1195516.0,1191033.0,1196384.0,1195949.0,1194593.0,1194890.0,1194983.0,1191077.0,1190239.0,1193634.0,1191626.0,1191715.0,1193376.0,1191456.0
1152358.0,1151198.0,1153193.0,1152585.0,1154204.0,1158036.0,1158902.0,1161000.0,1161201.0,1162825.0,1162107.0,1162968.0,1162522.0,1165286.0,1165398.0,1163560.0,1163999.0,1164965.0,1167335.0,1166253.0,1169842.0,1168549.0,1171393.0,1168491.0,1169136.0,1168524.0,1166056.0,1160441.0,1156027.0,1158539.0,1158565.0,1158649.0,1156472.0,1156353.0,1156059.0,1154977.0
1137213.0,1142220.0,1143348.0,1143645.0,1143829.0,1145604.0,1149059.0,1142833.0,1143570.0,1141408.0,1141326.0,1141485.0,1141697.0,1146035.0,1147640.0,1147561.0,1144615.0,1145805.0,1146136.0,1147691.0,1145697.0,1146893.0,1142087.0,1139476.0,1145340.0,1146378.0,1145834.0,1144776.0,1143948.0,1144631.0,1143830.0,1144600.0,1146371.0,1148022.0,1145244.0,1139017.0
1165403.0,1164057.0,1164461.0,1166639.0,1164039.0,1164775.0,1170338.0,1171693.0,1173526.0,1171202.0,1170678.0,1171707.0,1168442.0,1167863.0,1165389.0,1164904.0,1163858.0,1165719.0,1166120.0,1164845.0,1165915.0,1167544.0,1167411.0,1168272.0,1169434.0,1169471.0,1173242.0,1172901.0,1172602.0,1171119.0,1165668.0,1166643.0,1166111.0,1167092.0,1165054.0,1166927.0
1147374.0,1146427.0,1145604.0,1146536.0,1147236.0,1146379.0,1148863.0,1150847.0,1146285.0,1152344.0,1148654.0,1151298.0,1152069.0,1154166.0,1149721.0,1149428.0,1149363.0,1153460.0,1152840.0,1154352.0,1152219.0,1155500.0,1153358.0,1152854.0,1156636.0,1156767.0,1154686.0,1157035.0,1153916.0,1153454.0,1148669.0,1151271.0,1148840.0,1151960.0,1147903.0,1149274.0
1168265.0,1172153.0,1170012.0,1171995.0,1170799.0,1175929.0,1174318.0,1179229.0,1181454.0,1182590.0,1180970.0,1181999.0,1181059.0,1184987.0,1185633.0,1189293.0,1188067.0,1191402.0,1190703.0,1189483.0,1188888.0,1194312.0,1193277.0,1187297.0,1186270.0,1188235.0,1184110.0,1183401.0,1180700.0,1181092.0,1178593.0,1180112.0,1178968.0,1178648.0,1174244.0,1170737.0
1172698.0,1173322.0,1179549.0,1177753.0,1177628.0,1181447.0,1187651.0,1191117.0,1189358.0,1190482.0,1190691.0,1188323.0,1188961.0,1188302.0,1183383.0,1184801.0,1186691.0,1185230.0,1189875.0,1188209.0,1190458.0,1186262.0,1187891.0,1186594.0,1190741.0,1191643.0,1190485.0,1192364.0,1195506.0,1196293.0,1189813.0,1187615.0,1184105.0,1180681.0,1175114.0,1175380.0
1234882.0,1233520.0,1236230.0,1238988.0,1243851.0,1247705.0,1245495.0,1246905.0,1245759.0,1246742.0,1247533.0,1248595.0,1248669.0,1256009.0,1249254.0,1249854.0,1248220.0,1242137.0,1244543.0,1246200.0,1244109.0,1248649.0,1244968.0,1245121.0,1243139.0,1240671.0,1242262.0,1243403.0,1240772.0,1242518.0,1242697.0,1239202.0,1235793.0,1238564.0,1238228.0,1237437.0
1183156.0,1181414.0,1180656.0,1183883.0,1182959.0,1185146.0,1186645.0,1188863.0,1190749.0,1190167.0,1189209.0,1186657.0,1185876.0,1186276.0,1185853.0,1185703.0,1186187.0,1187697.0,1189259.0,1189621.0,1190751.0,1191481.0,1192907.0,1190668.0,1188999.0,1188967.0,1187496.0,1189823.0,1188772.0,1192339.0,1192343.0,1192739.0,1193643.0,1189641.0,1188878.0,1183569.0
1116642.0,1116551.0,1119786.0,1120396.0,1120713.0,1121293.0,1123498.0,1120476.0,1120809.0,1118934.0,1118019.0,1119383.0,1120406.0,1125656.0,1126934.0,1126428.0,1122412.0,1125150.0,1122552.0,1120543.0,1125391.0,1128619.0,1128219.0,1127524.0,1128730.0,1126578.0,1126512.0,1123035.0,1125028.0,1124598.0,1126405.0,1128266.0,1124794.0,1125889.0,1122419.0,1119698.0
1148888.0,1148246.0,1149742.0,1149308.0,1151629.0,1150736.0,1149978.0,1150196.0,1153181.0,1151300.0,1151241.0,1152319.0,1151237.0,1148425.0,1150350.0,1150672.0,1149774.0,1148192.0,1146127.0,1146792.0,1146292.0,1145011.0,1145187.0,1144177.0,1144347.0,1143906.0,1145540.0,1146858.0,1148667.0,1149987.0,1149671.0,1147921.0,1148517.0,1148457.0,1150284.0,1149581.0
1132203.0,1132236.0,1132337.0,1137690.0,1141519.0,1145726.0,1147558.0,1151447.0,1153830.0,1156808.0,1161703.0,1168929.0,1170512.0,1178312.0,1178658.0,1173513.0,1176180.0,1173080.0,1171358.0,1176651.0,1180733.0,1175680.0,1177883.0,1178834.0,1174393.0,1171827.0,1168577.0,1163454.0,1157367.0,1157614.0,1154976.0,1152600.0,1149552.0,1142652.0,1141675.0,1132801.0
1151586.0,1155168.0,1160377.0,1156573.0,1156752.0,1157650.0,1157327.0,1152441.0,1154413.0,1158170.0,1158986.0,1152299.0,1154029.0,1156072.0,1159221.0,1160326.0,1158014.0,1159284.0,1157596.0,1152717.0,1152831.0,1156716.0,1157505.0,1154016.0,1155890.0,1156865.0,1157242.0,1158185.0,1159522.0,1157334.0,1157476.0,1157896.0,1155869.0,1157052.0,1155218.0,1152126.0
1198577.0,1195070.0,1195892.0,1196430.0,1200377.0,1200505.0,1201015.0,1202432.0,1202287.0,1200720.0,1202888.0,1203308.0,1202225.0,1206368.0,1208817.0,1211416.0,1210074.0,1210374.0,1207003.0,1210377.0,1212662.0,1209696.0,1204987.0,1205831.0,1205094.0,1205686.0,1205564.0,1205262.0,1201524.0,1198541.0,1198007.0,1197215.0,1198349.0,1200026.0,1200706.0,1197085.0
1126978.0,1130670.0,1131985.0,1134114.0,1132466.0,1132154.0,1133607.0,1133981.0,1136484.0,1138317.0,1134981.0,1135078.0,1135372.0,1135006.0,1134091.0,1135022.0,1133880.0,1132700.0,1132881.0,1134701.0,1134766.0,1132935.0,1130574.0,1130246.0,1131225.0,1132613.0,1132202.0,1129882.0,1131924.0,1132789.0,1134189.0,1131764.0,1131063.0,1129792.0,1129624.0,1128232.0
1127217.0,1129254.0,1132192.0,1134669.0,1133028.0,1129382.0,1132601.0,1132687.0,1132575.0,1133495.0,1132665.0,1134329.0,1132923.0,1132112.0,1132250.0,1131342.0,1134228.0,1132456.0,1132058.0,1132179.0,1133785.0,1132577.0,1132890.0,1132944.0,1133635.0,1131997.0,1133122.0,1131769.0,1130453.0,1131374.0,1128496.0,1130449.0,1129418.0,1133438.0,1132994.0,1127897.0
1122058.0,1128037.0,1127140.0,1129696.0,1130260.0,1133313.0,1137504.0,1137721.0,1136689.0,1136488.0,1136353.0,1138586.0,1136052.0,1135303.0,1138362.0,1141010.0,1141872.0,1146181.0,1140677.0,1146104.0,1142599.0,1141990.0,1138805.0,1137618.0,1136699.0,1139555.0,1140358.0,1142551.0,1143352.0,1142679.0,1139383.0,1139188.0,1138920.0,1132955.0,1125841.0,1126325.0
1184898.0,1184307.0,1182293.0,1189280.0,1189675.0,1187017.0,1188583.0,1186418.0,1183341.0,1183855.0,1184034.0,1182505.0,1187748.0,1188357.0,1189109.0,1189085.0,1187825.0,1186044.0,1184999.0,1187498.0,1184653.0,1182398.0,1182157.0,1182671.0,1185183.0,1188350.0,1189612.0,1187343.0,1185220.0,1183466.0,1183790.0,1186650.0,1186371.0,1186496.0,1187657.0,1184032.0
1160121.0,1163779.0,1163034.0,1159053.0,1165935.0,1166566.0,1168389.0,1170818.0,1171658.0,1178819.0,1180538.0,1181579.0,1182945.0,1185941.0,1185502.0,1184959.0,1187747.0,1190616.0,1188009.0,1187255.0,1190718.0,1189850.0,1187316.0,1187881.0,1185805.0,1182306.0,1180505.0,1177443.0,1175188.0,1171670.0,1169211.0,1164027.0,1166526.0,1164509.0,1162262.0,1163026.0
1128902.0,1133049.0,1135702.0,1134772.0,1140633.0,1143382.0,1139822.0,1142845.0,1144996.0,1146598.0,1146691.0,1146584.0,1143022.0,1141423.0,1140789.0,1143331.0,1145218.0,1144621.0,1141201.0,1142092.0,1140182.0,1139068.0,1142914.0,1143339.0,1141688.0,1141081.0,1142941.0,1148143.0,1146730.0,1146715.0,1147113.0,1142391.0,1139811.0,1140149.0,1138793.0,1136389.0
1137957.0,1140464.0,1139160.0,1139158.0,1143436.0,1147982.0,1149354.0,1149994.0,1147838.0,1152665.0,1153344.0,1153998.0,1154756.0,1152186.0,1157225.0,1155703.0,1154574.0,1152702.0,1154275.0,1155796.0,1152662.0,1154254.0,1152472.0,1150229.0,1149421.0,1143213.0,1144718.0,1141612.0,1141711.0,1142748.0,1140210.0,1139879.0,1138045.0,1133840.0,1135666.0,1136449.0
1140754.0,1140843.0,1146547.0,1149822.0,1153947.0,1156113.0,1164799.0,1171599.0,1174466.0,1175881.0,1178462.0,1177894.0,1176220.0,1169247.0,1166476.0,1160435.0,1154408.0,1149861.0,1145544.0,1147080.0,1150227.0,1154564.0,1158476.0,1162198.0,1166816.0,1170411.0,1174751.0,1172831.0,1169789.0,1169741.0,1164233.0,1161459.0,1151585.0,1148599.0,1145712.0,1143302.0
1165096.0,1167452.0,1169521.0,1174701.0,1176811.0,1180427.0,1182731.0,1188890.0,1191125.0,1189808.0,1187920.0,1190465.0,1185948.0,1184167.0,1179946.0,1174213.0,1172735.0,1167860.0,1171969.0,1173135.0,1174383.0,1178978.0,1176939.0,1177900.0,1180422.0,1182018.0,1185006.0,1185437.0,1186106.0,1186657.0,1182676.0,1180427.0,1174691.0,1170835.0,1168868.0,1166239.0
1210126.0,1211409.0,1213122.0,1216688.0,1218932.0,1216288.0,1217508.0,1219930.0,1220191.0,1225324.0,1226782.0,1226670.0,1223335.0,1221901.0,1222700.0,1221182.0,1222213.0,1224202.0,1225600.0,1221710.0,1219867.0,1221329.0,1222308.0,1221496.0,1222600.0,1223881.0,1221418.0,1220416.0,1221214.0,1218802.0,1219595.0,1216998.0,1215769.0,1216583.0,1210876.0,1209791.0
1154530.0,1156037.0,1152699.0,1152996.0,1155294.0,1159149.0,1164704.0,1160960.0,1162672.0,1160300.0,1168991.0,1166483.0,1165798.0,1166008.0,1170666.0,1172689.0,1173536.0,1176544.0,1177334.0,1178310.0,1177882.0,1171898.0,1172457.0,1172450.0,1174546.0,1168012.0,1169474.0,1171093.0,1168681.0,1172696.0,1165806.0,1165307.0,1159067.0,1160506.0,1156163.0,1156382.0
1193648.0,1194027.0,1190599.0,1192976.0,1195742.0,1200824.0,1204308.0,1202562.0,1198525.0,1197779.0,1197936.0,1203513.0,1206263.0,1206418.0,1203184.0,1202989.0,1203670.0,1207654.0,1209214.0,1210966.0,1208639.0,1207486.0,1207357.0,1206921.0,1206905.0,1203741.0,1200215.0,1202262.0,1199486.0,1203082.0,1201531.0,1198609.0,1195574.0,1192437.0,1194010.0,1194000.0
1149690.0,1150167.0,1150900.0,1150102.0,1155384.0,1154395.0,1156815.0,1161528.0,1162716.0,1161385.0,1158089.0,1155952.0,1156133.0,1151314.0,1151608.0,1152264.0,1153545.0,1154700.0,1153685.0,1153600.0,1154475.0,1155582.0,1158287.0,1157600.0,1155771.0,1156543.0,1157772.0,1159285.0,1160016.0,1159096.0,1159808.0,1158148.0,1158660.0,1155180.0,1155126.0,1153847.0
1149081.0,1145273.0,1150208.0,1146965.0,1152120.0,1151604.0,1152072.0,1152727.0,1150377.0,1152853.0,1151215.0,1146513.0,1151560.0,1144599.0,1150507.0,1149156.0,1146999.0,1145062.0,1146814.0,1145275.0,1150326.0,1147414.0,1150553.0,1148081.0,1150668.0,1149378.0,1151826.0,1147541.0,1149377.0,1149408.0,1146940.0,1149843.0,1150375.0,1145642.0,1146882.0,1144030.0
1192863.0,1197754.0,1197499.0,1195241.0,1197586.0,1200190.0,1203006.0,1201850.0,1204032.0,1206418.0,1209644.0,1211380.0,1207707.0,1211335.0,1212183.0,1211071.0,1207365.0,1207432.0,1206889.0,1205741.0,1208867.0,1208063.0,1205757.0,1205723.0,1203229.0,1200798.0,1204772.0,1204186.0,1198002.0,1195358.0,1196348.0,1196237.0,1196118.0,1198349.0,1194011.0,1195124.0
1145297.0,1150318.0,1153084.0,1152940.0,1152242.0,1151533.0,1151765.0,1152683.0,1150565.0,1154854.0,1154012.0,1153754.0,1157694.0,1156785.0,1157330.0,1153618.0,1153417.0,1158450.0,1159821.0,1156415.0,1158668.0,1156238.0,1160280.0,1156893.0,1155731.0,1158688.0,1158052.0,1159116.0,1153423.0,1157833.0,1156479.0,1157277.0,1159306.0,1156707.0,1154026.0,1148824.0
1164540.0,1167602.0,1168931.0,1170990.0,1176240.0,1177102.0,1180906.0,1180351.0,1179127.0,1180164.0,1180710.0,1181276.0,1180359.0,1179979.0,1179770.0,1182388.0,1185788.0,1190722.0,1191739.0,1190837.0,1186067.0,1183890.0,1178219.0,1175670.0,1172437.0,1169330.0,1174195.0,1172256.0,1175915.0,1176798.0,1176178.0,1176639.0,1173578.0,1169241.0,1165740.0,1164886.0
1096674.0,1100786.0,1101213.0,1098624.0,1096467.0,1096111.0,1101142.0,1101708.0,1103509.0,1102849.0,1102289.0,1107245.0,1104614.0,1101844.0,1105301.0,1103152.0,1103772.0,1104033.0,1101917.0,1102992.0,1103823.0,1101925.0,1100556.0,1098217.0,1099323.0,1099997.0,1101837.0,1101033.0,1101693.0,1104608.0,1098187.0,1097867.0,1099927.0,1096082.0,1100491.0,1101466.0
1155885.0,1154961.0,1156919.0,1159886.0,1159643.0,1156555.0,1154992.0,1156157.0,1158139.0,1156584.0,1155698.0,1157454.0,1159638.0,1159879.0,1161358.0,1159669.0,1158119.0,1162783.0,1162736.0,1162732.0,1161598.0,1159465.0,1160789.0,1161869.0,1159907.0,1162778.0,1162033.0,1160231.0,1161892.0,1162579.0,1160109.0,1161467.0,1158667.0,1160098.0,1160074.0,1156609.0
1158994.0,1157627.0,1163246.0,1159804.0,1167286.0,1170562.0,1176411.0,1177631.0,1179834.0,1180853.0,1178836.0,1180908.0,1180102.0,1179479.0,1178465.0,1174367.0,1177814.0,1176624.0,1175048.0,1172359.0,1170796.0,1170268.0,1166126.0,1166471.0,1168756.0,1170831.0,1173861.0,1175971.0,1180693.0,1181458.0,1183302.0,1181163.0,1174419.0,1170302.0,1168221.0,1161612.0
1188686.0,1193005.0,1191629.0,1193365.0,1193470.0,1191677.0,1192741.0,1191643.0,1192674.0,1190207.0,1192381.0,1189204.0,1188070.0,1192696.0,1192648.0,1192460.0,1191770.0,1193420.0,1190978.0,1190485.0,1192602.0,1188842.0,1191934.0,1192905.0,1189703.0,1192842.0,1191203.0,1189294.0,1193667.0,1195217.0,1192566.0,1193178.0,1192834.0,1188692.0,1189220.0,1189068.0
1177481.0,1181515.0,1186052.0,1193442.0,1193003.0,1192615.0,1196004.0,1195279.0,1190050.0,1192790.0,1189421.0,1186237.0,1184693.0,1188626.0,1189177.0,1195043.0,1196359.0,1193402.0,1191301.0,1191607.0,1193517.0,1188943.0,1183690.0,1179850.0,1186064.0,1184400.0,1185468.0,1192176.0,1195868.0,1195336.0,1193798.0,1193791.0,1187139.0,1187001.0,1184075.0,1182867.0
1148979.0,1148604.0,1148471.0,1148401.0,1150432.0,1149740.0,1152404.0,1154368.0,1154368.0,1151244.0,1156846.0,1154199.0,1150547.0,1149776.0,1151778.0,1149891.0,1150673.0,1148733.0,1152107.0,1150979.0,1149373.0,1153294.0,1151272.0,1149016.0,1148386.0,1149111.0,1148544.0,1146781.0,1153991.0,1153074.0,1155912.0,1156929.0,1156486.0,1155211.0,1152556.0,1153818.0
1187398.0,1187760.0,1190957.0,1189016.0,1189553.0,1192583.0,1194069.0,1192308.0,1193649.0,1198102.0,1196481.0,1193153.0,1193534.0,1192420.0,1196504.0,1193435.0,1193826.0,1190066.0,1191479.0,1189085.0,1187594.0,1189235.0,1191314.0,1195160.0,1192507.0,1191561.0,1191697.0,1191207.0,1191929.0,1192721.0,1193597.0,1194006.0,1192824.0,1191688.0,1186956.0,1187538.0
1156576.0,1157554.0,1159625.0,1160775.0,1164138.0,1164806.0,1166850.0,1170977.0,1174364.0,1176625.0,1179604.0,1183655.0,1188288.0,1191801.0,1194120.0,1194770.0,1194522.0,1193194.0,1192218.0,1195400.0,1200543.0,1201667.0,1199375.0,1197567.0,1192173.0,1189475.0,1185449.0,1182464.0,1178481.0,1178129.0,1178686.0,1179554.0,1177911.0,1172961.0,1169181.0,1160730.0
1182561.0,1182072.0,1184701.0,1183069.0,1182149.0,1183556.0,1183930.0,1186150.0,1186228.0,1188029.0,1191098.0,1188997.0,1190247.0,1191177.0,1189400.0,1190697.0,1185998.0,1189057.0,1191630.0,1192821.0,1194300.0,1193559.0,1191151.0,1189691.0,1186157.0,1188464.0,1189216.0,1188338.0,1184178.0,1182698.0,1182724.0,1186457.0,1188444.0,1187054.0,1186096.0,1184982.0
1166428.0,1168051.0,1168785.0,1172584.0,1178148.0,1182391.0,1188064.0,1185601.0,1183288.0,1183956.0,1180574.0,1177338.0,1173508.0,1172141.0,1174374.0,1174748.0,1175781.0,1176159.0,1175469.0,1175562.0,1176244.0,1172431.0,1173331.0,1174384.0,1176226.0,1176563.0,1179557.0,1180487.0,1181359.0,1179343.0,1179887.0,1173861.0,1176199.0,1172333.0,1169832.0,1167957.0
1159077.0,1159011.0,1157219.0,1157886.0,1160111.0,1161337.0,1163011.0,1161179.0,1164009.0,1161414.0,1162272.0,1162971.0,1165528.0,1165912.0,1169373.0,1165303.0,1168129.0,1166509.0,1165020.0,1164913.0,1167234.0,1164988.0,1164272.0,1164536.0,1160893.0,1163370.0,1160179.0,1159991.0,1159121.0,1161071.0,1153877.0,1157952.0,1155760.0,1157098.0,1157824.0,1158366.0
1179513.0,1183883.0,1185553.0,1187828.0,1190537.0,1188703.0,1188707.0,1185361.0,1184282.0,1183150.0,1185404.0,1185914.0,1183909.0,1182336.0,1182380.0,1183955.0,1183141.0,1184071.0,1186404.0,1187679.0,1187277.0,1189188.0,1192144.0,1191961.0,1191263.0,1193936.0,1191038.0,1189982.0,1185658.0,1185690.0,1183883.0,1182156.0,1185524.0,1186959.0,1184383.0,1183436.0
1195284.0,1196376.0,1201275.0,1205076.0,1202621.0,1206119.0,1208156.0,1210025.0,1215021.0,1217671.0,1221955.0,1223867.0,1225463.0,1226419.0,1227626.0,1230283.0,1232661.0,1234066.0,1233846.0,1230523.0,1229576.0,1227771.0,1222415.0,1218162.0,1222175.0,1220553.0,1215242.0,1208153.0,1203415.0,1200433.0,1199383.0,1199697.0,1198634.0,1196436.0,1194848.0,1192574.0
1135357.0,1135752.0,1135803.0,1136008.0,1139955.0,1137955.0,1142742.0,1143072.0,1147226.0,1146815.0,1149688.0,1149932.0,1151561.0,1149662.0,1150212.0,1150015.0,1150105.0,1149526.0,1150868.0,1150901.0,1150624.0,1150372.0,1148986.0,1152331.0,1149346.0,1152462.0,1146990.0,1148443.0,1148712.0,1148595.0,1147606.0,1144531.0,1139464.0,1140731.0,1139114.0,1134268.0
1227879.0,1229015.0,1232975.0,1232982.0,1232745.0,1240856.0,1245271.0,1242961.0,1244201.0,1245899.0,1243177.0,1245727.0,1251228.0,1253750.0,1252560.0,1255478.0,1255147.0,1254646.0,1257121.0,1255768.0,1248330.0,1244630.0,1245834.0,1248737.0,1245989.0,1243890.0,1241485.0,1247039.0,1249057.0,1245465.0,1237084.0,1237127.0,1237195.0,1237508.0,1232956.0,1228296.0
1192782.0,1196209.0,1198019.0,1198432.0,1196172.0,1197604.0,1198888.0,1199724.0,1198166.0,1199447.0,1199414.0,1197255.0,1194817.0,1194884.0,1194895.0,1192261.0,1192314.0,1195736.0,1193767.0,1194995.0,1193707.0,1196860.0,1198170.0,1198095.0,1199422.0,1198137.0,1196326.0,1194719.0,1193695.0,1197165.0,1195649.0,1195509.0,1192597.0,1194422.0,1193323.0,1192191.0
1169135.0,1168235.0,1172104.0,1171768.0,1170136.0,1171979.0,1172000.0,1168184.0,1164543.0,1170479.0,1168806.0,1172194.0,1167760.0,1170890.0,1167588.0,1169976.0,1166678.0,1171078.0,1171380.0,1174861.0,1173691.0,1174575.0,1173347.0,1172724.0,1171560.0,1165604.0,1170422.0,1168923.0,1170977.0,1170467.0,1168214.0,1169795.0,1171857.0,1171885.0,1167954.0,1169327.0
1167100.0,1169847.0,1170497.0,1169485.0,1167339.0,1167338.0,1169827.0,1170002.0,1172663.0,1170700.0,1171517.0,1170310.0,1173883.0,1173342.0,1173356.0,1168637.0,1172866.0,1171477.0,1172784.0,1173384.0,1171811.0,1169640.0,1171889.0,1170306.0,1171957.0,1169851.0,1169421.0,1173335.0,1170850.0,1175051.0,1173521.0,1172475.0,1171499.0,1171454.0,1169841.0,1172543.0
1197079.0,1198361.0,1195550.0,1194717.0,1197180.0,1197821.0,1201467.0,1202570.0,1203847.0,1209157.0,1209825.0,1212942.0,1211184.0,1212555.0,1213114.0,1211374.0,1212443.0,1208780.0,1211833.0,1209447.0,1210469.0,1209090.0,1211647.0,1210062.0,1208263.0,1208667.0,1206886.0,1208699.0,1207327.0,1204908.0,1200353.0,1203804.0,1200828.0,1199525.0,1198494.0,1197150.0
1168119.0,1166006.0,1166347.0,1170201.0,1166987.0,1171866.0,1171255.0,1170667.0,1166699.0,1171227.0,1171792.0,1168678.0,1167874.0,1172728.0,1169177.0,1167366.0,1173495.0,1174737.0,1173246.0,1171332.0,1169268.0,1166939.0,1168597.0,1173626.0,1167726.0,1166325.0,1167756.0,1169454.0,1165851.0,1169535.0,1167719.0,1167470.0,1167777.0,1167935.0,1168587.0,1164916.0
1171428.0,1175610.0,1177884.0,1185548.0,1187689.0,1192630.0,1191514.0,1191056.0,1190537.0,1191301.0,1189166.0,1186374.0,1184086.0,1182180.0,1176631.0,1174704.0,1177439.0,1183300.0,1181945.0,1182820.0,1180785.0,1180664.0,1185536.0,1187743.0,1191912.0,1196158.0,1193449.0,1193491.0,1185496.0,1178587.0,1176802.0,1176264.0,1177840.0,1174318.0,1175929.0,1172488.0
1203772.0,1203498.0,1205609.0,1207118.0,1210668.0,1212552.0,1210783.0,1212381.0,1214840.0,1219307.0,1218080.0,1215746.0,1214947.0,1211615.0,1213173.0,1211623.0,1213368.0,1215466.0,1214063.0,1213602.0,1216732.0,1220127.0,1221440.0,1220130.0,1221278.0,1221722.0,1219386.0,1217454.0,1216076.0,1213972.0,1211589.0,1209737.0,1209417.0,1208251.0,1208535.0,1205671.0
1206446.0,1209593.0,1209619.0,1208496.0,1210161.0,1213581.0,1214767.0,1217238.0,1216591.0,1217486.0,1218960.0,1215471.0,1213171.0,1216303.0,1214802.0,1217654.0,1217497.0,1210752.0,1216297.0,1215913.0,1217692.0,1217930.0,1215034.0,1215315.0,1219867.0,1217011.0,1215780.0,1214484.0,1213407.0,1215283.0,1214749.0,1211050.0,1213709.0,1211949.0,1208311.0,1207991.0
1117236.0,1115233.0,1114673.0,1116346.0,1118685.0,1120828.0,1118451.0,1121298.0,1121428.0,1121587.0,1125920.0,1123487.0,1125510.0,1124540.0,1128603.0,1127356.0,1125631.0,1126850.0,1128881.0,1128096.0,1126176.0,1126872.0,1128945.0,1125987.0,1124802.0,1124506.0,1123175.0,1124445.0,1122612.0,1120196.0,1119203.0,1122034.0,1118142.0,1115594.0,1114787.0,1115629.0
1168534.0,1172299.0,1176027.0,1176156.0,1173882.0,1174832.0,1180379.0,1176032.0,1174701.0,1176101.0,1181074.0,1182492.0,1180073.0,1179759.0,1181073.0,1177801.0,1175535.0,1176072.0,1178104.0,1175037.0,1175370.0,1177305.0,1177491.0,1176295.0,1175946.0,1177797.0,1180496.0,1176606.0,1176560.0,1178346.0,1180055.0,1176832.0,1174808.0,1174894.0,1178934.0,1173494.0
1159274.0,1165190.0,1166345.0,1163348.0,1168804.0,1172987.0,1169544.0,1170802.0,1175156.0,1173987.0,1172964.0,1173748.0,1177639.0,1174818.0,1175733.0,1176074.0,1174855.0,1170818.0,1169749.0,1173880.0,1171957.0,1168987.0,1168885.0,1171588.0,1167564.0,1163593.0,1165454.0,1166489.0,1165138.0,1166717.0,1169328.0,1165861.0,1161159.0,1162973.0,1162268.0,1158776.0
1161763.0,1165879.0,1168425.0,1172425.0,1175527.0,1177821.0,1177865.0,1176819.0,1179483.0,1179151.0,1177695.0,1178068.0,1178022.0,1182759.0,1181070.0,1182330.0,1180883.0,1184662.0,1184082.0,1184744.0,1182889.0,1179486.0,1178477.0,1177914.0,1176755.0,1171398.0,1171976.0,1171329.0,1171824.0,1171549.0,1173147.0,1170412.0,1169883.0,1167565.0,1167686.0,1164371.0
1206512.0,1210078.0,1210880.0,1214546.0,1216035.0,1218099.0,1212077.0,1212714.0,1208997.0,1212238.0,1207300.0,1210358.0,1211811.0,1213733.0,1211136.0,1214059.0,1209443.0,1208462.0,1211130.0,1215169.0,1217188.0,1217453.0,1218570.0,1219658.0,1216477.0,1214336.0,1210232.0,1209843.0,1211140.0,1210792.0,1214262.0,1210915.0,1213415.0,1211695.0,1205507.0,1203888.0
1160883.0,1161807.0,1165789.0,1168480.0,1171593.0,1171187.0,1169631.0,1169836.0,1169062.0,1170789.0,1169689.0,1172372.0,1170702.0,1171479.0,1172562.0,1174793.0,1176346.0,1174097.0,1175437.0,1173755.0,1176391.0,1175542.0,1172845.0,1173833.0,1172580.0,1171399.0,1173575.0,1171590.0,1174223.0,1170855.0,1171262.0,1170284.0,1167442.0,1166175.0,1161880.0,1159931.0
1208311.0,1209736.0,1213814.0,1217960.0,1216729.0,1217174.0,1215299.0,1213208.0,1212999.0,1215482.0,1214469.0,1211985.0,1214344.0,1214952.0,1213659.0,1216810.0,1215546.0,1214450.0,1213660.0,1215581.0,1217834.0,1219858.0,1219463.0,1219365.0,1216553.0,1221563.0,1217881.0,1214021.0,1213192.0,1213638.0,1214549.0,1213086.0,1213128.0,1213365.0,1209487.0,1207147.0
1177467.0,1179189.0,1180047.0,1183257.0,1182401.0,1181278.0,1178033.0,1177284.0,1177110.0,1180137.0,1183519.0,1185203.0,1185837.0,1186895.0,1187871.0,1186530.0,1191325.0,1193229.0,1195607.0,1194102.0,1193401.0,1191932.0,1189125.0,1194184.0,1195919.0,1196276.0,1192084.0,1189978.0,1186674.0,1181667.0,1181807.0,1179450.0,1180689.0,1179863.0,1178067.0,1178529.0
1146088.0,1148243.0,1152956.0,1154196.0,1155925.0,1163286.0,1163342.0,1160565.0,1169653.0,1168390.0,1170050.0,1170494.0,1174097.0,1174905.0,1171951.0,1168463.0,1169677.0,1164131.0,1163183.0,1168390.0,1165168.0,1164345.0,1164439.0,1165117.0,1167675.0,1165729.0,1164203.0,1168949.0,1166737.0,1164461.0,1166958.0,1165093.0,1160254.0,1156087.0,1155272.0,1150262.0
1164492.0,1163791.0,1163947.0,1162773.0,1164375.0,1165945.0,1167586.0,1166725.0,1167759.0,1169990.0,1173368.0,1174436.0,1174266.0,1175385.0,1177628.0,1177802.0,1183170.0,1183614.0,1184376.0,1181077.0,1181268.0,1181646.0,1178683.0,1180548.0,1180134.0,1178418.0,1177041.0,1175833.0,1174103.0,1171890.0,1170715.0,1169438.0,1167061.0,1167230.0,1166363.0,1168504.0
1162263.0,1163551.0,1164217.0,1169752.0,1172726.0,1171739.0,1171019.0,1174533.0,1174909.0,1180136.0,1182150.0,1181904.0,1180227.0,1177080.0,1178249.0,1179749.0,1179162.0,1178041.0,1175667.0,1172588.0,1176201.0,1179325.0,1179066.0,1176090.0,1172635.0,1166653.0,1170830.0,1172574.0,1173814.0,1171381.0,1166689.0,1165654.0,1171119.0,1170167.0,1171161.0,1166977.0
1183512.0,1186009.0,1189255.0,1190375.0,1191150.0,1192517.0,1194270.0,1191107.0,1192321.0,1194070.0,1192142.0,1193782.0,1192458.0,1192202.0,1192640.0,1195492.0,1192524.0,1193658.0,1193222.0,1190692.0,1191242.0,1192348.0,1190174.0,1190332.0,1189631.0,1188352.0,1189300.0,1190456.0,1189164.0,1187509.0,1188438.0,1183832.0,1180986.0,1182215.0,1180879.0,1181600.0
1183077.0,1188683.0,1185782.0,1189267.0,1190260.0,1193402.0,1197514.0,1199818.0,1195008.0,1191431.0,1195339.0,1195898.0,1196430.0,1191287.0,1192792.0,1192067.0,1193653.0,1193201.0,1189821.0,1187234.0,1190746.0,1192275.0,1196097.0,1198548.0,1198987.0,1196421.0,1195047.0,1196943.0,1194392.0,1190219.0,1188961.0,1192539.0,1191467.0,1190251.0,1185785.0,1181814.0
1140878.0,1144193.0,1144885.0,1147836.0,1152242.0,1152354.0,1155215.0,1157978.0,1158211.0,1157279.0,1160728.0,1159993.0,1157705.0,1156732.0,1150007.0,1150786.0,1152339.0,1148503.0,1150933.0,1150111.0,1150463.0,1152597.0,1152621.0,1154226.0,1153721.0,1150308.0,1152007.0,1152382.0,1148692.0,1149608.0,1148743.0,1146350.0,1144555.0,1142846.0,1141385.0,1141384.0
1165711.0,1166635.0,1166686.0,1163880.0,1167308.0,1166413.0,1167938.0,1165398.0,1167491.0,1171722.0,1171627.0,1172376.0,1174045.0,1177353.0,1178457.0,1179157.0,1177705.0,1175301.0,1177541.0,1175096.0,1179101.0,1178365.0,1178149.0,1180486.0,1181415.0,1180798.0,1178413.0,1178215.0,1178660.0,1178482.0,1178200.0,1173469.0,1176679.0,1174109.0,1174174.0,1172961.0
1180123.0,1183276.0,1187959.0,1189510.0,1192394.0,1196850.0,1199179.0,1202938.0,1202076.0,1198551.0,1197835.0,1197527.0,1196659.0,1192372.0,1194108.0,1193623.0,1193035.0,1197333.0,1198695.0,1201275.0,1201519.0,1204820.0,1207801.0,1210601.0,1209665.0,1208097.0,1212199.0,1208813.0,1201513.0,1198289.0,1194573.0,1192405.0,1189188.0,1182517.0,1180071.0,1181127.0
1163974.0,1166612.0,1167479.0,1164865.0,1166098.0,1168775.0,1169075.0,1168207.0,1168030.0,1166823.0,1165269.0,1167699.0,1168400.0,1168076.0,1170513.0,1173527.0,1174189.0,1174466.0,1177467.0,1178467.0,1176285.0,1176907.0,1175823.0,1170680.0,1174492.0,1172534.0,1171087.0,1169385.0,1168269.0,1169780.0,1167870.0,1169159.0,1168953.0,1165315.0,1165462.0,1163876.0
1193012.0,1196313.0,1195482.0,1196712.0,1200126.0,1197369.0,1200862.0,1200433.0,1203694.0,1205541.0,1205157.0,1206157.0,1209045.0,1209241.0,1208467.0,1208988.0,1209321.0,1210562.0,1208890.0,1209677.0,1209182.0,1208139.0,1209282.0,1205821.0,1201907.0,1203003.0,1203071.0,1199263.0,1198607.0,1198542.0,1196104.0,1195965.0,1194962.0,1191981.0,1193781.0,1195267.0
1129723.0,1136416.0,1134873.0,1138136.0,1133911.0,1132876.0,1133110.0,1137862.0,1138027.0,1145148.0,1141256.0,1140761.0,1139276.0,1146620.0,1147529.0,1152176.0,1146184.0,1148534.0,1147632.0,1150117.0,1147740.0,1148299.0,1149679.0,1154902.0,1153626.0,1158434.0,1149005.0,1151270.0,1144639.0,1149141.0,1143589.0,1146925.0,1141034.0,1144522.0,1138221.0,1137059.0
1155492.0,1155999.0,1155795.0,1160987.0,1168355.0,1165239.0,1167944.0,1166178.0,1171240.0,1169357.0,1172864.0,1172951.0,1169011.0,1169912.0,1170237.0,1169495.0,1167933.0,1167009.0,1165721.0,1172106.0,1174748.0,1174826.0,1169646.0,1170644.0,1169776.0,1171482.0,1169215.0,1171066.0,1172011.0,1174693.0,1179117.0,1171416.0,1168291.0,1165718.0,1165061.0,1161233.0
1239678.0,1240659.0,1243623.0,1241200.0,1243942.0,1247125.0,1248613.0,1244086.0,1242478.0,1240363.0,1241067.0,1244860.0,1243658.0,1245494.0,1247007.0,1246661.0,1244238.0,1243131.0,1244227.0,1244265.0,1246817.0,1248217.0,1242640.0,1244536.0,1241966.0,1242888.0,1244877.0,1244540.0,1247794.0,1244903.0,1244057.0,1240639.0,1240875.0,1241896.0,1240499.0,1242985.0
1178632.0,1180034.0,1184434.0,1181310.0,1184272.0,1187776.0,1188293.0,1189306.0,1190451.0,1193185.0,1195036.0,1192002.0,1193187.0,1196503.0,1195257.0,1194615.0,1197024.0,1199691.0,1197378.0,1200030.0,1202966.0,1200367.0,1197933.0,1199576.0,1197038.0,1197870.0,1194070.0,1194357.0,1192476.0,1187549.0,1186747.0,1183117.0,1179992.0,1180600.0,1180684.0,1178696.0
1185023.0,1186990.0,1188029.0,1187823.0,1186149.0,1183906.0,1186769.0,1183063.0,1182595.0,1183407.0,1188043.0,1192300.0,1190884.0,1190257.0,1190298.0,1195005.0,1192085.0,1195026.0,1191401.0,1188052.0,1186056.0,1181370.0,1178002.0,1177754.0,1180604.0,1177838.0,1180324.0,1180210.0,1180420.0,1182061.0,1183051.0,1186872.0,1184322.0,1187185.0,1184043.0,1181667.0
1139156.0,1139549.0,1141960.0,1144599.0,1147611.0,1146661.0,1145305.0,1141967.0,1145179.0,1145008.0,1142401.0,1142342.0,1146546.0,1149471.0,1149000.0,1146691.0,1148015.0,1147189.0,1145560.0,1144918.0,1141409.0,1144476.0,1144762.0,1145722.0,1144318.0,1146102.0,1144691.0,1142939.0,1143716.0,1139913.0,1141900.0,1142902.0,1141716.0,1144689.0,1144461.0,1141668.0
1168764.0,1170983.0,1177089.0,1179275.0,1183253.0,1189753.0,1191011.0,1197699.0,1195487.0,1195459.0,1190726.0,1189067.0,1194505.0,1197125.0,1196151.0,1197008.0,1199672.0,1201293.0,1196188.0,1194417.0,1192944.0,1190247.0,1186522.0,1184371.0,1183749.0,1178141.0,1178000.0,1177526.0,1176013.0,1177561.0,1174507.0,1173363.0,1174779.0,1173300.0,1172010.0,1168522.0
1179852.0,1180227.0,1180153.0,1179247.0,1178261.0,1183605.0,1183179.0,1187340.0,1188315.0,1191797.0,1196742.0,1200962.0,1203341.0,1205324.0,1208196.0,1212806.0,1214165.0,1214966.0,1218208.0,1218655.0,1216424.0,1215507.0,1216345.0,1210955.0,1206787.0,1207003.0,1203955.0,1201115.0,1199092.0,1196429.0,1193332.0,1193437.0,1188550.0,1184893.0,1185793.0,1180802.0
1233485.0,1230989.0,1228681.0,1228374.0,1227132.0,1229429.0,1231738.0,1231674.0,1229770.0,1236031.0,1233584.0,1240160.0,1237880.0,1239548.0,1238118.0,1237948.0,1235588.0,1233410.0,1234615.0,1235424.0,1230101.0,1233820.0,1231785.0,1233513.0,1235179.0,1236898.0,1234973.0,1233483.0,1231556.0,1239637.0,1233409.0,1234855.0,1234486.0,1233432.0,1238619.0,1237226.0
1188689.0,1187929.0,1190342.0,1192945.0,1188432.0,1191279.0,1194776.0,1193708.0,1192468.0,1201808.0,1200455.0,1200300.0,1201544.0,1201764.0,1201106.0,1199430.0,1203516.0,1201124.0,1200514.0,1199078.0,1197620.0,1200507.0,1202413.0,1197397.0,1198779.0,1198401.0,1196578.0,1194949.0,1197290.0,1194415.0,1192976.0,1193496.0,1189506.0,1186841.0,1184648.0,1189201.0
1182318.0,1181417.0,1184835.0,1182932.0,1184522.0,1184646.0,1183438.0,1184308.0,1188391.0,1187364.0,1190874.0,1186919.0,1188363.0,1186033.0,1189063.0,1185883.0,1189708.0,1185985.0,1185000.0,1181993.0,1185574.0,1189332.0,1189068.0,1185346.0,1185961.0,1183649.0,1180937.0,1183647.0,1186220.0,1183336.0,1185143.0,1186412.0,1187443.0,1185108.0,1186132.0,1185260.0
1131955.0,1132185.0,1131115.0,1133277.0,1133702.0,1129769.0,1130130.0,1129257.0,1133360.0,1131659.0,1135736.0,1131187.0,1130208.0,1130637.0,1136241.0,1131743.0,1138785.0,1135937.0,1137801.0,1136248.0,1133868.0,1135515.0,1141017.0,1137436.0,1136607.0,1135696.0,1135679.0,1133925.0,1130020.0,1131015.0,1130471.0,1130331.0,1130415.0,1131499.0,1133010.0,1128628.0
1152078.0,1152148.0,1155043.0,1160671.0,1163895.0,1168296.0,1166830.0,1165901.0,1166905.0,1171577.0,1174134.0,1169489.0,1167502.0,1168173.0,1167060.0,1170073.0,1167169.0,1164222.0,1167927.0,1172227.0,1171134.0,1170389.0,1171189.0,1169330.0,1172621.0,1169323.0,1165172.0,1164379.0,1164584.0,1166110.0,1162839.0,1160985.0,1164002.0,1162077.0,1158349.0,1158385.0
1149622.0,1151389.0,1153976.0,1159944.0,1157258.0,1156007.0,1154959.0,1154724.0,1152650.0,1148988.0,1150536.0,1150287.0,1154690.0,1155328.0,1155265.0,1156367.0,1153085.0,1153404.0,1153787.0,1154802.0,1153762.0,1152743.0,1153051.0,1153602.0,1155934.0,1155661.0,1156065.0,1155846.0,1157197.0,1160422.0,1155837.0,1158837.0,1156127.0,1154552.0,1148685.0,1149173.0
1181674.0,1181965.0,1180842.0,1181339.0,1183958.0,1181226.0,1181237.0,1185027.0,1188841.0,1187348.0,1187287.0,1185316.0,1187476.0,1189162.0,1187858.0,1188252.0,1193408.0,1193260.0,1192418.0,1194557.0,1193584.0,1192321.0,1191974.0,1190487.0,1195633.0,1193877.0,1190319.0,1187547.0,1190652.0,1186763.0,1184885.0,1181865.0,1183950.0,1183316.0,1182336.0,1181488.0
1169884.0,1171778.0,1167926.0,1169321.0,1172795.0,1172280.0,1175492.0,1178257.0,1182781.0,1184450.0,1188009.0,1190990.0,1189319.0,1184013.0,1184546.0,1181272.0,1178968.0,1178395.0,1176581.0,1175960.0,1176085.0,1179648.0,1180694.0,1182815.0,1180689.0,1185057.0,1181726.0,1178354.0,1172708.0,1177553.0,1175802.0,1175553.0,1174845.0,1175682.0,1175590.0,1169278.0
1117182.0,1117851.0,1118611.0,1120379.0,1119944.0,1122859.0,1120626.0,1120506.0,1120554.0,1123212.0,1121169.0,1119966.0,1120952.0,1116909.0,1120270.0,1122017.0,1120125.0,1122190.0,1122274.0,1118736.0,1120656.0,1121575.0,1120516.0,1121730.0,1123906.0,1122544.0,1122814.0,1119966.0,1118827.0,1124719.0,1121444.0,1121208.0,1123520.0,1120564.0,1121138.0,1120021.0
1139518.0,1140559.0,1143717.0,1144449.0,1146828.0,1145042.0,1144497.0,1147831.0,1153582.0,1153839.0,1153783.0,1157346.0,1155492.0,1158956.0,1156819.0,1158582.0,1158932.0,1160376.0,1157528.0,1155263.0,1157871.0,1159472.0,1161799.0,1158542.0,1155220.0,1155835.0,1155783.0,1153000.0,1148878.0,1150580.0,1146822.0,1145879.0,1145899.0,1143223.0,1146438.0,1144008.0
1183129.0,1183671.0,1185588.0,1188099.0,1189063.0,1191236.0,1190194.0,1187892.0,1185818.0,1188366.0,1189067.0,1190228.0,1189928.0,1191530.0,1194474.0,1194030.0,1190031.0,1188078.0,1189263.0,1188586.0,1183844.0,1184318.0,1187540.0,1189197.0,1189997.0,1186221.0,1189144.0,1190128.0,1190653.0,1192692.0,1192716.0,1191781.0,1195245.0,1188192.0,1188613.0,1186784.0
1180526.0,1182503.0,1186275.0,1189443.0,1187226.0,1187733.0,1190791.0,1192686.0,1198565.0,1199404.0,1198269.0,1198344.0,1201566.0,1204310.0,1208069.0,1207204.0,1206370.0,1201246.0,1201923.0,1202877.0,1202614.0,1201110.0,1199073.0,1197213.0,1195593.0,1195866.0,1196412.0,1193601.0,1192361.0,1188392.0,1184222.0,1185034.0,1185543.0,1184939.0,1184451.0,1182190.0
1196905.0,1202270.0,1203737.0,1204660.0,1211458.0,1211271.0,1212447.0,1211820.0,1209244.0,1207748.0,1202360.0,1202514.0,1205083.0,1202877.0,1205872.0,1205438.0,1207411.0,1208972.0,1208419.0,1208900.0,1205964.0,1206785.0,1205045.0,1198529.0,1203577.0,1201667.0,1205566.0,1207743.0,1208524.0,1208556.0,1209994.0,1208207.0,1207118.0,1201595.0,1199231.0,1199339.0
1193015.0,1196973.0,1196655.0,1199945.0,1201972.0,1202813.0,1199775.0,1199200.0,1197750.0,1192064.0,1194867.0,1194079.0,1193955.0,1198114.0,1200915.0,1197540.0,1202120.0,1196723.0,1195634.0,1192894.0,1196838.0,1198215.0,1198612.0,1196819.0,1199293.0,1197802.0,1198098.0,1199071.0,1198098.0,1197062.0,1198322.0,1200023.0,1196768.0,1194843.0,1195843.0,1192330.0
1217786.0,1218696.0,1222419.0,1220711.0,1224815.0,1227758.0,1226759.0,1224994.0,1228984.0,1231862.0,1227007.0,1229117.0,1230938.0,1223281.0,1226295.0,1223410.0,1225115.0,1219481.0,1220066.0,1222742.0,1218747.0,1220247.0,1222633.0,1222478.0,1221428.0,1223515.0,1224286.0,1223708.0,1225852.0,1224384.0,1222654.0,1223164.0,1221084.0,1219073.0,1221298.0,1222873.0
1137513.0,1137916.0,1143707.0,1142259.0,1145058.0,1144343.0,1142028.0,1145176.0,1142278.0,1144243.0,1144791.0,1138370.0,1138176.0,1142172.0,1136542.0,1139005.0,1139037.0,1141399.0,1141605.0,1143358.0,1141598.0,1142978.0,1140251.0,1143967.0,1149560.0,1145097.0,1144687.0,1140490.0,1139681.0,1141201.0,1140095.0,1138484.0,1140141.0,1136133.0,1140196.0,1141729.0
1180804.0,1185174.0,1180071.0,1175697.0,1181121.0,1179926.0,1179512.0,1182715.0,1183912.0,1183801.0,1181907.0,1182292.0,1183735.0,1181291.0,1185735.0,1186021.0,1182710.0,1182269.0,1180951.0,1183434.0,1181518.0,1179730.0,1182801.0,1183718.0,1187115.0,1185948.0,1183122.0,1182063.0,1177670.0,1177714.0,1178205.0,1176262.0,1180915.0,1183245.0,1187920.0,1186500.0
1184365.0,1185106.0,1184653.0,1189497.0,1192449.0,1191417.0,1190595.0,1190064.0,1190314.0,1189115.0,1188962.0,1190431.0,1188727.0,1188067.0,1185309.0,1187424.0,1186590.0,1187405.0,1191034.0,1187627.0,1188028.0,1187129.0,1189589.0,1190392.0,1191999.0,1192065.0,1194134.0,1190676.0,1188493.0,1187444.0,1186450.0,1188972.0,1190522.0,1192312.0,1187725.0,1185287.0
1233713.0,1241945.0,1241875.0,1239738.0,1244459.0,1242414.0,1245340.0,1252321.0,1252341.0,1252384.0,1251856.0,1248707.0,1246011.0,1246807.0,1244949.0,1242575.0,1241857.0,1240075.0,1236294.0,1243329.0,1243539.0,1242484.0,1241187.0,1247665.0,1247663.0,1252969.0,1253582.0,1253878.0,1249934.0,1251871.0,1248090.0,1247460.0,1242797.0,1240620.0,1239560.0,1236963.0
1180281.0,1183475.0,1183429.0,1183027.0,1183385.0,1182433.0,1185692.0,1188922.0,1189330.0,1190215.0,1191569.0,1191388.0,1190139.0,1185433.0,1186527.0,1189669.0,1187482.0,1187739.0,1189053.0,1190764.0,1187215.0,1188346.0,1187974.0,1187814.0,1185306.0,1186952.0,1184456.0,1183909.0,1182579.0,1185740.0,1187354.0,1187558.0,1184900.0,1185817.0,1183115.0,1180365.0
1161429.0,1161702.0,1161324.0,1162727.0,1161549.0,1159968.0,1161056.0,1162435.0,1161126.0,1162764.0,1166074.0,1168342.0,1166486.0,1165617.0,1165970.0,1164249.0,1164847.0,1164599.0,1166365.0,1169482.0,1166555.0,1161589.0,1159027.0,1162368.0,1160931.0,1162880.0,1160925.0,1165043.0,1162690.0,1161992.0,1166583.0,1166731.0,1168218.0,1163716.0,1164057.0,1159008.0
1189817.0,1188128.0,1187242.0,1188482.0,1191676.0,1191803.0,1193615.0,1190473.0,1192864.0,1190079.0,1190013.0,1188484.0,1190889.0,1193395.0,1192443.0,1193291.0,1194229.0,1198476.0,1195154.0,1193819.0,1194892.0,1193783.0,1193076.0,1192888.0,1194291.0,1195455.0,1196908.0,1195754.0,1195103.0,1193390.0,1191730.0,1194541.0,1190693.0,1191367.0,1191145.0,1188716.0
1189628.0,1191341.0,1194778.0,1197092.0,1200012.0,1203784.0,1203377.0,1203254.0,1199712.0,1198204.0,1194899.0,1188875.0,1191958.0,1190039.0,1193071.0,1198127.0,1197851.0,1200051.0,1198690.0,1198830.0,1199415.0,1196021.0,1195844.0,1194095.0,1191831.0,1194320.0,1196380.0,1198975.0,1197792.0,1199006.0,1197741.0,1195975.0,1197759.0,1195256.0,1192444.0,1189739.0
1165241.0,1168481.0,1166070.0,1169376.0,1172258.0,1172605.0,1177002.0,1179002.0,1181556.0,1180382.0,1184955.0,1186370.0,1189312.0,1194475.0,1193294.0,1191513.0,1190158.0,1192429.0,1189928.0,1190906.0,1190913.0,1189823.0,1191099.0,1187510.0,1183317.0,1181515.0,1182082.0,1180427.0,1179471.0,1176282.0,1176068.0,1172253.0,1169841.0,1167818.0,1168735.0,1168087.0
1142359.0,1146905.0,1145924.0,1144868.0,1147682.0,1146920.0,1145988.0,1146936.0,1138371.0,1145005.0,1147716.0,1145216.0,1147703.0,1149351.0,1146506.0,1143819.0,1143378.0,1144058.0,1150019.0,1149725.0,1147195.0,1146215.0,1149748.0,1147518.0,1146811.0,1144495.0,1146334.0,1146585.0,1147768.0,1145440.0,1147074.0,1145569.0,1145026.0,1145690.0,1146982.0,1143605.0
1171660.0,1170056.0,1173826.0,1177288.0,1181362.0,1186118.0,1185261.0,1190545.0,1193961.0,1188178.0,1183872.0,1182651.0,1176321.0,1180381.0,1184959.0,1184924.0,1188604.0,1191365.0,1194839.0,1197317.0,1193091.0,1191274.0,1180299.0,1177089.0,1171550.0,1172536.0,1173409.0,1174051.0,1175965.0,1174891.0,1179787.0,1182096.0,1179610.0,1181402.0,1175316.0,1169574.0
1149071.0,1152328.0,1151513.0,1150106.0,1150116.0,1151604.0,1148088.0,1147258.0,1147704.0,1149517.0,1155671.0,1157768.0,1156721.0,1158167.0,1161564.0,1164454.0,1164447.0,1163599.0,1164817.0,1162644.0,1163563.0,1164582.0,1166690.0,1165032.0,1165404.0,1162552.0,1163881.0,1161007.0,1162245.0,1157223.0,1153621.0,1152423.0,1150353.0,1149024.0,1147227.0,1148376.0
1165130.0,1164618.0,1166519.0,1168865.0,1172902.0,1171628.0,1169764.0,1172761.0,1164071.0,1166752.0,1167965.0,1167343.0,1170891.0,1170141.0,1171738.0,1171512.0,1168146.0,1164480.0,1165582.0,1163919.0,1164813.0,1168013.0,1170377.0,1172464.0,1171115.0,1170236.0,1170900.0,1169189.0,1169990.0,1169681.0,1171001.0,1171647.0,1171293.0,1171417.0,1168771.0,1169716.0
1207145.0,1207043.0,1209891.0,1210013.0,1213066.0,1216786.0,1216622.0,1214496.0,1215535.0,1214486.0,1212445.0,1216173.0,1216810.0,1218621.0,1222783.0,1226999.0,1226262.0,1226368.0,1225887.0,1227816.0,1227965.0,1226521.0,1225565.0,1223764.0,1223735.0,1222491.0,1220748.0,1218127.0,1217210.0,1221853.0,1221858.0,1220857.0,1218269.0,1219085.0,1213068.0,1208985.0
1126126.0,1125648.0,1126391.0,1131488.0,1129984.0,1131292.0,1134383.0,1134915.0,1137601.0,1133475.0,1137599.0,1138830.0,1139349.0,1143358.0,1143677.0,1144451.0,1143832.0,1142077.0,1145795.0,1145464.0,1144807.0,1145378.0,1142629.0,1142357.0,1137157.0,1134962.0,1134743.0,1132170.0,1132618.0,1132168.0,1129623.0,1133188.0,1130538.0,1128551.0,1129837.0,1125713.0
1174648.0,1177592.0,1181937.0,1183911.0,1183039.0,1183373.0,1181822.0,1178136.0,1175582.0,1176693.0,1179399.0,1178674.0,1175726.0,1174333.0,1175720.0,1177514.0,1179309.0,1176199.0,1176731.0,1175511.0,1177335.0,1180115.0,1178618.0,1178634.0,1175241.0,1177240.0,1180516.0,1178296.0,1181086.0,1183570.0,1182515.0,1179463.0,1179664.0,1181498.0,1183268.0,1176726.0
1147125.0,1148691.0,1153786.0,1150824.0,1153844.0,1159626.0,1152824.0,1157985.0,1162626.0,1165317.0,1168495.0,1173896.0,1173485.0,1177212.0,1177009.0,1179462.0,1180192.0,1180516.0,1175425.0,1176361.0,1176900.0,1178505.0,1175797.0,1171254.0,1169321.0,1166798.0,1165295.0,1166368.0,1164108.0,1162339.0,1155408.0,1155740.0,1154510.0,1152355.0,1149324.0,1149701.0
