239831.0,241827.0,241805.0,243671.0,242460.0,243149.0,242848.0,243056.0,244813.0,243643.0,243047.0,240447.0,240438.0,241035.0,242812.0,241230.0
237593.0,238457.0,239816.0,240053.0,243207.0,246077.0,245002.0,245289.0,247630.0,245820.0,245840.0,246982.0,246777.0,244424.0,244025.0,241230.0
271796.0,272944.0,273833.0,272909.0,274370.0,274456.0,273441.0,274422.0,274100.0,272934.0,272356.0,273274.0,271636.0,271683.0,273013.0,271981.0
227837.0,231222.0,231835.0,231636.0,230853.0,230800.0,230552.0,230744.0,231951.0,230113.0,228725.0,230731.0,231087.0,228927.0,230337.0,228636.0
228056.0,229487.0,231763.0,231873.0,232115.0,232248.0,231211.0,229449.0,231085.0,230292.0,230413.0,232100.0,231390.0,229981.0,229292.0,229417.0
230329.0,232852.0,235144.0,234848.0,233089.0,232559.0,234418.0,235422.0,235014.0,233647.0,233078.0,232791.0,233197.0,233849.0,232433.0,230158.0
254844.0,256169.0,255919.0,256945.0,257918.0,259453.0,258022.0,256565.0,258078.0,257384.0,256381.0,256808.0,254914.0,253855.0,254792.0,256805.0
247231.0,247547.0,250726.0,253141.0,254579.0,253749.0,251042.0,250220.0,250464.0,249553.0,248017.0,250520.0,251852.0,249607.0,249557.0,248867.0
245038.0,247643.0,249674.0,250194.0,251893.0,254775.0,255709.0,255009.0,253887.0,255671.0,255776.0,252691.0,250685.0,249830.0,249895.0,247736.0
239904.0,242952.0,243830.0,247138.0,247830.0,249324.0,249073.0,249787.0,248949.0,250428.0,248252.0,247927.0,246251.0,245345.0,243045.0,241521.0
244132.0,246707.0,247115.0,246141.0,247147.0,250225.0,250993.0,250976.0,252580.0,251274.0,252102.0,250977.0,249293.0,249531.0,249347.0,248568.0
249495.0,252155.0,254194.0,255332.0,257159.0,258273.0,261094.0,263124.0,263927.0,262618.0,261390.0,258418.0,257451.0,255962.0,252626.0,251390.0
241599.0,241333.0,242648.0,244458.0,244534.0,245125.0,244476.0,243848.0,244127.0,244080.0,244330.0,243420.0,243111.0,242623.0,242337.0,242795.0
254682.0,255944.0,255502.0,258595.0,258777.0,258778.0,257700.0,258296.0,256699.0,256771.0,256372.0,258842.0,258989.0,260445.0,258387.0,257069.0
247594.0,249739.0,253467.0,255257.0,257894.0,260710.0,259240.0,258350.0,255469.0,255511.0,256155.0,256398.0,254887.0,253768.0,251126.0,250147.0
235930.0,236867.0,239647.0,240378.0,241311.0,243374.0,244736.0,244883.0,244232.0,243681.0,243649.0,242426.0,239698.0,239046.0,237957.0,236577.0
232103.0,233012.0,232873.0,233880.0,234908.0,235973.0,235958.0,234591.0,236894.0,234706.0,235586.0,235610.0,235605.0,236161.0,233675.0,233297.0
250299.0,251847.0,252043.0,255736.0,255699.0,253898.0,254155.0,253589.0,255360.0,254958.0,253505.0,254637.0,254658.0,254973.0,255833.0,252778.0
247814.0,248625.0,249064.0,251702.0,254945.0,255418.0,253520.0,255458.0,256065.0,255517.0,255832.0,253371.0,249266.0,249045.0,250141.0,249535.0
235545.0,237771.0,240993.0,241999.0,243198.0,240947.0,242609.0,244170.0,244123.0,243226.0,242750.0,241624.0,243412.0,243502.0,241048.0,239039.0
234076.0,234826.0,235290.0,236502.0,237223.0,238974.0,239050.0,241945.0,240693.0,240202.0,239531.0,239342.0,239035.0,237789.0,237188.0,234638.0
245435.0,250552.0,251287.0,249732.0,248229.0,252914.0,252345.0,250047.0,251068.0,255381.0,252852.0,250676.0,250609.0,253195.0,251061.0,246929.0
252024.0,253440.0,255594.0,256546.0,260281.0,261123.0,260955.0,263494.0,262909.0,263707.0,264712.0,261437.0,258516.0,258736.0,255595.0,255067.0
245158.0,246632.0,246884.0,246466.0,246448.0,247495.0,247691.0,248156.0,248407.0,247016.0,247190.0,246146.0,245805.0,246090.0,245910.0,245036.0
246264.0,249812.0,249711.0,251188.0,251511.0,254355.0,252747.0,252918.0,256283.0,255163.0,254222.0,254565.0,253787.0,253153.0,252591.0,250106.0
249453.0,251501.0,251892.0,251618.0,252241.0,252343.0,252356.0,252641.0,252307.0,253334.0,252562.0,253503.0,251956.0,251406.0,251180.0,250995.0
247811.0,249332.0,251599.0,252675.0,254179.0,255923.0,255735.0,255607.0,254531.0,256379.0,256881.0,255913.0,255292.0,255215.0,253778.0,250712.0
252377.0,252120.0,253938.0,254609.0,256561.0,258623.0,259116.0,261163.0,260439.0,263103.0,261122.0,261719.0,258947.0,256862.0,254754.0,252943.0
231782.0,233231.0,233699.0,237134.0,238441.0,239393.0,237940.0,238270.0,238525.0,237455.0,237244.0,238134.0,238270.0,235107.0,233150.0,231933.0
255797.0,255975.0,257475.0,257578.0,257316.0,259459.0,261346.0,262676.0,262194.0,262710.0,263705.0,261505.0,259849.0,259091.0,258575.0,257761.0
230637.0,235063.0,235211.0,238748.0,242787.0,244271.0,251467.0,254729.0,251921.0,252749.0,248594.0,246334.0,244702.0,241463.0,238999.0,233701.0
254441.0,257782.0,260168.0,262617.0,264312.0,266466.0,266494.0,267104.0,269024.0,267307.0,267439.0,266728.0,264068.0,260142.0,257700.0,255788.0
228182.0,228500.0,229631.0,230974.0,232344.0,235612.0,234957.0,234731.0,231849.0,231256.0,229735.0,231739.0,232786.0,234331.0,233286.0,231283.0
235649.0,235249.0,237391.0,237014.0,237705.0,236973.0,236664.0,237278.0,236682.0,235548.0,236224.0,236699.0,236807.0,235637.0,236388.0,236618.0
250844.0,252744.0,252418.0,254113.0,254817.0,256678.0,257905.0,258352.0,258082.0,257485.0,257204.0,257515.0,255773.0,253574.0,251638.0,251054.0
237334.0,237371.0,240014.0,243305.0,245357.0,246212.0,245549.0,246806.0,245906.0,248174.0,247459.0,247550.0,245151.0,243478.0,239707.0,237923.0
240726.0,241330.0,241440.0,239580.0,242441.0,241755.0,242845.0,242126.0,242012.0,241582.0,242438.0,241667.0,241469.0,243336.0,243046.0,242233.0
237397.0,242306.0,242624.0,241172.0,242190.0,244275.0,243829.0,244287.0,246511.0,242919.0,242152.0,243291.0,241744.0,241338.0,243825.0,242652.0
230951.0,231155.0,233200.0,233805.0,235142.0,235402.0,236939.0,236883.0,234870.0,236313.0,237320.0,237828.0,238075.0,235636.0,235749.0,234490.0
249858.0,255254.0,255902.0,261119.0,259077.0,258078.0,255812.0,256023.0,253193.0,255919.0,256202.0,259023.0,260273.0,259164.0,255157.0,251814.0
242050.0,241064.0,243218.0,245706.0,246014.0,246357.0,246376.0,245252.0,247756.0,248897.0,246531.0,246025.0,245100.0,244310.0,244943.0,244057.0
251373.0,253427.0,255126.0,259923.0,261099.0,261010.0,262704.0,260995.0,258267.0,257503.0,258445.0,259543.0,258527.0,256191.0,255347.0,253322.0
254380.0,256565.0,258922.0,259768.0,258361.0,260323.0,262521.0,261448.0,260905.0,261428.0,259807.0,257332.0,256841.0,255810.0,256410.0,255191.0
266434.0,271877.0,274066.0,276473.0,279677.0,277833.0,279039.0,277078.0,279887.0,277582.0,276574.0,274765.0,273898.0,272682.0,270745.0,269462.0
234634.0,237676.0,239794.0,240264.0,243357.0,243447.0,244433.0,242964.0,245173.0,244856.0,243737.0,244042.0,240435.0,239724.0,238535.0,237553.0
237469.0,237991.0,239174.0,238533.0,240391.0,241554.0,242625.0,242171.0,242801.0,242874.0,243400.0,242643.0,241682.0,239691.0,238303.0,239008.0
240297.0,241201.0,244894.0,247685.0,248497.0,250117.0,251309.0,252067.0,253242.0,252793.0,252040.0,248950.0,246864.0,246333.0,244689.0,242318.0
242188.0,243824.0,244534.0,246368.0,249145.0,249193.0,249320.0,249723.0,249603.0,250221.0,250226.0,249921.0,249476.0,247252.0,245158.0,242680.0
230510.0,230911.0,231542.0,229884.0,230304.0,230776.0,230312.0,230121.0,230187.0,231318.0,231332.0,229120.0,229635.0,229943.0,231988.0,230237.0
270725.0,271179.0,273757.0,274341.0,274490.0,272507.0,272057.0,272087.0,271531.0,272505.0,273102.0,275114.0,273611.0,273618.0,271989.0,270331.0
222507.0,228899.0,233402.0,235202.0,235727.0,237774.0,240583.0,244102.0,243404.0,241394.0,239116.0,239737.0,239491.0,237100.0,230804.0,224002.0
255200.0,256483.0,256388.0,256862.0,256962.0,257861.0,257503.0,257089.0,256320.0,258663.0,258168.0,258145.0,258273.0,259276.0,256730.0,256077.0
253666.0,255673.0,258806.0,261640.0,266214.0,270733.0,272265.0,273151.0,275382.0,273870.0,270335.0,269332.0,264304.0,258830.0,258156.0,256315.0
235612.0,236690.0,239871.0,243489.0,244544.0,244804.0,239939.0,238005.0,235636.0,236692.0,239997.0,243009.0,244808.0,242542.0,239549.0,236133.0
229621.0,231428.0,234271.0,234636.0,232413.0,232348.0,233732.0,233043.0,233023.0,232164.0,234423.0,233886.0,233693.0,234082.0,234872.0,232669.0
254320.0,256138.0,259099.0,258604.0,259014.0,262135.0,262225.0,260756.0,262049.0,261845.0,260277.0,258732.0,257437.0,255809.0,255272.0,255778.0
230581.0,232445.0,231803.0,235052.0,236629.0,237186.0,240411.0,239641.0,239083.0,240650.0,237309.0,237716.0,236448.0,233974.0,234238.0,232156.0
232225.0,234982.0,235053.0,233972.0,236781.0,236462.0,236831.0,237157.0,237531.0,236822.0,236091.0,236637.0,235379.0,233543.0,235547.0,233719.0
248250.0,252210.0,256024.0,264344.0,268816.0,273039.0,276103.0,279148.0,279408.0,279389.0,274498.0,266742.0,261578.0,259726.0,256207.0,251502.0
253185.0,254225.0,255986.0,260226.0,262856.0,263345.0,264063.0,266643.0,266606.0,265121.0,265662.0,264855.0,263444.0,258067.0,255004.0,254376.0
258009.0,260769.0,260124.0,262645.0,264537.0,264144.0,266360.0,263360.0,264190.0,265571.0,264536.0,266064.0,265776.0,262796.0,262142.0,260389.0
253544.0,255085.0,256996.0,257278.0,257764.0,256685.0,256975.0,256932.0,258859.0,258115.0,257088.0,257428.0,257743.0,258176.0,256499.0,254909.0
249337.0,251339.0,252054.0,252436.0,254346.0,257130.0,257448.0,257465.0,257948.0,258197.0,257113.0,256322.0,255385.0,255650.0,253985.0,251221.0
228383.0,231157.0,231915.0,231466.0,231641.0,232089.0,231634.0,233103.0,235208.0,232923.0,230524.0,232171.0,232582.0,232671.0,233173.0,231066.0
247012.0,248232.0,252456.0,253027.0,254076.0,255032.0,254422.0,251504.0,251359.0,251957.0,251794.0,252190.0,252714.0,252865.0,251389.0,249575.0
236616.0,238297.0,241623.0,243574.0,245571.0,245077.0,246216.0,248173.0,252110.0,250059.0,249887.0,247846.0,246209.0,245551.0,244544.0,240263.0
249137.0,250292.0,254466.0,256361.0,260592.0,265777.0,268355.0,271306.0,269999.0,269982.0,266013.0,263060.0,260136.0,254431.0,252384.0,250653.0
257474.0,258702.0,259391.0,262514.0,263895.0,266883.0,266712.0,266109.0,266000.0,264808.0,265726.0,265084.0,264008.0,262616.0,260874.0,259028.0
234304.0,233428.0,233895.0,234684.0,234262.0,233212.0,234542.0,234564.0,236221.0,235441.0,235220.0,234597.0,233848.0,234243.0,234932.0,234295.0
241132.0,242148.0,243588.0,244024.0,243110.0,244108.0,243224.0,245757.0,245968.0,245865.0,245846.0,248147.0,245697.0,244628.0,244011.0,244051.0
215221.0,218318.0,216910.0,216338.0,218955.0,217989.0,218234.0,219678.0,219974.0,219466.0,219663.0,221286.0,222213.0,219165.0,220202.0,220188.0
234809.0,234567.0,236825.0,236450.0,236658.0,237584.0,239371.0,239088.0,236741.0,236179.0,236324.0,236989.0,237414.0,237408.0,238633.0,238160.0
245298.0,247141.0,251623.0,256269.0,264221.0,268703.0,271611.0,277076.0,276548.0,275964.0,271661.0,265838.0,263124.0,257066.0,251305.0,247920.0
234056.0,238024.0,240026.0,243561.0,243482.0,248374.0,250542.0,252057.0,249843.0,250412.0,249075.0,245801.0,241550.0,241675.0,238908.0,236670.0
247334.0,250641.0,253491.0,255729.0,256593.0,255027.0,256532.0,256676.0,258583.0,257218.0,257679.0,256701.0,256130.0,252758.0,249706.0,247482.0
252210.0,253607.0,255223.0,255903.0,255801.0,255507.0,254397.0,254285.0,253941.0,253681.0,255006.0,255898.0,256200.0,254657.0,254072.0,253380.0
243026.0,246212.0,248657.0,249077.0,249789.0,251542.0,252468.0,250526.0,248171.0,248873.0,249274.0,250254.0,249205.0,250138.0,247522.0,245078.0
253137.0,255928.0,259570.0,260515.0,260165.0,260158.0,259277.0,259747.0,257582.0,257952.0,262632.0,262712.0,262336.0,261388.0,258369.0,256420.0
244161.0,246224.0,250728.0,251885.0,252625.0,251009.0,247720.0,245120.0,245497.0,247150.0,249236.0,253808.0,252662.0,249090.0,246584.0,244717.0
255057.0,257644.0,259672.0,260189.0,263000.0,263926.0,263146.0,264480.0,263847.0,263885.0,263797.0,262687.0,264660.0,263743.0,261457.0,260266.0
271024.0,271142.0,271520.0,272517.0,273413.0,271658.0,271756.0,274422.0,273302.0,272171.0,274036.0,274416.0,271956.0,271709.0,271531.0,269801.0
236925.0,237597.0,238729.0,240812.0,241262.0,240328.0,240646.0,239897.0,239732.0,239058.0,241590.0,242228.0,241899.0,240098.0,238175.0,238072.0
226840.0,229153.0,230288.0,232807.0,232327.0,235069.0,236508.0,237340.0,236259.0,236851.0,235833.0,234712.0,233664.0,233131.0,231487.0,229855.0
245325.0,246091.0,248806.0,249321.0,254390.0,256880.0,260187.0,261756.0,264444.0,262763.0,263366.0,260839.0,255705.0,254283.0,249379.0,247075.0
239394.0,241699.0,242704.0,244932.0,247171.0,247836.0,245024.0,242648.0,243484.0,245787.0,246016.0,245451.0,244964.0,244995.0,242965.0,240822.0
244793.0,247195.0,245553.0,247430.0,248706.0,248350.0,248047.0,248263.0,246997.0,247880.0,247634.0,247408.0,248338.0,248184.0,246596.0,247518.0
250368.0,250890.0,253381.0,254564.0,254227.0,255758.0,256163.0,256149.0,257584.0,257856.0,257817.0,255065.0,255227.0,254314.0,256329.0,253478.0
243667.0,245489.0,245923.0,246599.0,249038.0,249655.0,249801.0,251397.0,253949.0,253206.0,251117.0,249738.0,248488.0,248469.0,246498.0,243914.0
237977.0,237823.0,239573.0,241750.0,242520.0,243193.0,243808.0,241840.0,243228.0,242973.0,243450.0,245332.0,242349.0,241589.0,240455.0,237160.0
234097.0,238252.0,238425.0,239114.0,238861.0,236926.0,237402.0,239018.0,237483.0,241328.0,240667.0,239159.0,238436.0,238288.0,237239.0,237545.0
230817.0,231566.0,233045.0,234272.0,235198.0,236029.0,236878.0,235823.0,235912.0,236087.0,235515.0,234770.0,234429.0,232791.0,232182.0,231084.0
246178.0,247681.0,249026.0,250301.0,248146.0,246611.0,247454.0,248282.0,248010.0,246395.0,246977.0,248517.0,250021.0,249939.0,247308.0,244914.0
266018.0,266886.0,268742.0,269115.0,268056.0,268997.0,270405.0,269243.0,267820.0,268226.0,267802.0,267593.0,267998.0,267257.0,268106.0,268670.0
224485.0,225682.0,226657.0,226179.0,226466.0,227198.0,227385.0,227329.0,227043.0,227107.0,227046.0,226423.0,226110.0,225693.0,224886.0,225431.0
253433.0,255795.0,256755.0,256397.0,258923.0,257010.0,258943.0,260264.0,259042.0,257959.0,257825.0,256589.0,257740.0,255516.0,254518.0,253965.0
260251.0,263573.0,264847.0,267155.0,269023.0,272684.0,274102.0,272961.0,272232.0,272581.0,272289.0,268750.0,268436.0,267214.0,265864.0,262196.0
235676.0,238224.0,239857.0,240837.0,242539.0,244622.0,243017.0,240399.0,237885.0,237586.0,240217.0,241693.0,242444.0,244350.0,243965.0,239121.0
237258.0,240371.0,241733.0,241884.0,244271.0,242595.0,243464.0,241708.0,243632.0,242230.0,242928.0,242092.0,243177.0,244464.0,241213.0,240616.0
227229.0,229216.0,232532.0,230831.0,232268.0,229758.0,229225.0,229216.0,230635.0,231952.0,230252.0,230143.0,229214.0,231630.0,229761.0,228074.0
254403.0,257233.0,256499.0,256545.0,258226.0,256542.0,255635.0,254391.0,255217.0,255840.0,256499.0,256752.0,256015.0,257169.0,255471.0,255309.0
243569.0,245095.0,245471.0,247475.0,247224.0,248549.0,250093.0,250649.0,251898.0,250576.0,250114.0,248632.0,247269.0,245273.0,244978.0,244703.0
240101.0,241556.0,241676.0,242768.0,245501.0,243183.0,244035.0,243162.0,242564.0,242385.0,242974.0,242290.0,243144.0,244002.0,243805.0,242054.0
243496.0,246627.0,249649.0,252209.0,254060.0,254455.0,252781.0,252750.0,254264.0,254014.0,254500.0,254682.0,251766.0,248117.0,246064.0,244242.0
243025.0,244559.0,244009.0,245246.0,245158.0,247569.0,247071.0,247069.0,249423.0,247377.0,249369.0,246810.0,247792.0,246003.0,244984.0,244814.0
241009.0,244318.0,245453.0,247888.0,248043.0,247917.0,246720.0,245157.0,244901.0,243562.0,246637.0,249241.0,248188.0,247978.0,245061.0,244373.0
257672.0,258961.0,260470.0,260475.0,260339.0,259670.0,260181.0,259454.0,260175.0,259876.0,260579.0,258327.0,259872.0,258896.0,258883.0,259020.0
229010.0,232131.0,234584.0,234295.0,236110.0,237713.0,235821.0,235160.0,235291.0,234410.0,233874.0,237319.0,236959.0,236758.0,236019.0,231026.0
246419.0,246632.0,247253.0,248462.0,248399.0,247471.0,247181.0,247455.0,247372.0,248311.0,248105.0,247070.0,247492.0,247634.0,246273.0,246327.0
234552.0,236593.0,236822.0,238745.0,242651.0,242703.0,243162.0,245083.0,244370.0,243217.0,243034.0,241506.0,239569.0,238259.0,237592.0,234574.0
240767.0,243448.0,245781.0,251048.0,252463.0,252544.0,251177.0,248595.0,245483.0,245778.0,247611.0,249776.0,250290.0,249365.0,246518.0,244032.0
247373.0,248222.0,251598.0,253387.0,254305.0,255837.0,255856.0,257391.0,257545.0,256555.0,257478.0,256886.0,254478.0,252879.0,249205.0,247785.0
263627.0,264654.0,266675.0,265576.0,264624.0,268340.0,269542.0,271494.0,272323.0,271771.0,270896.0,271529.0,269869.0,269051.0,267272.0,265253.0
263263.0,263336.0,264750.0,268061.0,269350.0,270261.0,268769.0,269166.0,268855.0,270512.0,269969.0,270245.0,269000.0,269815.0,267620.0,265968.0
237244.0,238435.0,239564.0,237829.0,241871.0,244293.0,243762.0,244521.0,244624.0,246066.0,245435.0,243812.0,244132.0,241954.0,239109.0,239175.0
240984.0,242466.0,246225.0,247578.0,247712.0,249527.0,248642.0,250302.0,249886.0,250088.0,249740.0,248443.0,245466.0,245179.0,244490.0,243334.0
244180.0,244346.0,246385.0,249146.0,250056.0,251219.0,252080.0,252194.0,253301.0,253403.0,254271.0,252221.0,250611.0,249527.0,248232.0,245768.0
266646.0,267603.0,269005.0,268395.0,269348.0,268751.0,269177.0,269254.0,267790.0,267477.0,268304.0,267999.0,267915.0,269057.0,269384.0,268871.0
243813.0,246185.0,247666.0,250276.0,251761.0,253087.0,256600.0,258464.0,259301.0,260024.0,258064.0,257236.0,254613.0,251051.0,247721.0,245850.0
244063.0,243406.0,246770.0,248576.0,247911.0,247689.0,247567.0,246123.0,245580.0,245708.0,248158.0,247763.0,248632.0,247615.0,248226.0,246241.0
251122.0,255158.0,258918.0,259467.0,258627.0,260644.0,262316.0,262459.0,260960.0,262366.0,266150.0,263563.0,261406.0,259809.0,258119.0,255028.0
236585.0,240291.0,242272.0,245487.0,245727.0,247961.0,247310.0,248525.0,248405.0,249983.0,246828.0,246009.0,243279.0,244147.0,241085.0,238698.0
238788.0,240696.0,245260.0,245989.0,246679.0,244604.0,243272.0,243647.0,245889.0,246027.0,245551.0,245482.0,244654.0,246011.0,245523.0,241736.0
272355.0,274035.0,276135.0,275166.0,273682.0,274471.0,275676.0,276358.0,278601.0,278170.0,277002.0,277258.0,278880.0,277253.0,276030.0,273760.0
242082.0,241463.0,243232.0,245141.0,246662.0,250295.0,251418.0,253519.0,254514.0,255656.0,252748.0,252300.0,250030.0,246488.0,245506.0,242278.0
232597.0,233258.0,234924.0,240059.0,240844.0,241506.0,243102.0,240799.0,242718.0,240713.0,242442.0,244551.0,242169.0,241445.0,236785.0,233808.0
237339.0,238123.0,238465.0,239492.0,241773.0,240837.0,242863.0,241508.0,242624.0,242160.0,242055.0,241223.0,240738.0,239473.0,239622.0,238045.0
231820.0,232329.0,234077.0,234383.0,232918.0,236339.0,236020.0,235343.0,238108.0,237199.0,236428.0,235238.0,235631.0,233356.0,232661.0,233376.0
249330.0,252718.0,250486.0,251041.0,252712.0,253894.0,255403.0,254913.0,254429.0,252724.0,253585.0,251848.0,250727.0,248552.0,248720.0,249712.0
236510.0,238723.0,238949.0,239385.0,242963.0,244142.0,243935.0,245995.0,246783.0,247494.0,246715.0,246779.0,246404.0,245095.0,241617.0,239263.0
227677.0,227724.0,230127.0,233939.0,236600.0,240910.0,246126.0,249917.0,250933.0,250489.0,249367.0,248819.0,245803.0,242909.0,238886.0,233132.0
243349.0,243019.0,241987.0,242769.0,242819.0,242444.0,243656.0,242175.0,242391.0,243592.0,242769.0,242341.0,243543.0,243347.0,243743.0,243450.0
259762.0,261309.0,262995.0,266094.0,269622.0,272094.0,273480.0,273090.0,272270.0,272426.0,271234.0,270065.0,267908.0,264200.0,263242.0,260085.0
253462.0,255699.0,256272.0,256695.0,254350.0,253360.0,257515.0,256545.0,253085.0,255160.0,256567.0,256874.0,256929.0,256116.0,258583.0,256532.0
243258.0,244180.0,244893.0,246416.0,248731.0,248610.0,250341.0,249532.0,251023.0,251182.0,252637.0,251364.0,249165.0,247767.0,246746.0,245307.0
272378.0,274740.0,276608.0,280294.0,280835.0,285348.0,286576.0,289286.0,290801.0,290519.0,286384.0,284531.0,280100.0,280445.0,277202.0,274025.0
263175.0,267477.0,270060.0,270438.0,271603.0,272457.0,271259.0,275286.0,274252.0,271279.0,270748.0,272535.0,271979.0,270362.0,268732.0,264438.0
226466.0,229320.0,228951.0,228847.0,230111.0,231991.0,233618.0,232754.0,232837.0,233149.0,233046.0,230686.0,229640.0,229097.0,227974.0,227371.0
267540.0,268979.0,270574.0,272497.0,274116.0,277311.0,278327.0,277957.0,279118.0,279182.0,278264.0,276816.0,275372.0,272379.0,269559.0,268349.0
251558.0,254474.0,256131.0,258131.0,263525.0,266314.0,272026.0,273771.0,273525.0,272860.0,268397.0,266994.0,263472.0,257400.0,254674.0,253624.0
240831.0,243164.0,246717.0,250159.0,257009.0,263731.0,267526.0,270219.0,272839.0,272042.0,269184.0,264103.0,257127.0,251040.0,247283.0,243596.0
233914.0,235339.0,236025.0,236993.0,236277.0,236875.0,236832.0,238199.0,239790.0,238392.0,239932.0,239336.0,237204.0,236791.0,236616.0,234233.0
243370.0,243773.0,245662.0,245203.0,246166.0,245070.0,244566.0,245581.0,245412.0,246237.0,245404.0,244498.0,244053.0,244610.0,243692.0,243137.0
242131.0,246075.0,248343.0,247649.0,249647.0,252018.0,249351.0,249248.0,250054.0,248212.0,248064.0,248323.0,246248.0,245183.0,246918.0,244128.0
225476.0,227369.0,229467.0,230019.0,228964.0,227991.0,229939.0,229824.0,229251.0,230026.0,231390.0,231451.0,231817.0,228372.0,227156.0,227000.0
244403.0,246541.0,249077.0,248571.0,249092.0,251531.0,251760.0,251822.0,252509.0,252602.0,251024.0,250473.0,250522.0,249466.0,248253.0,246382.0
234058.0,235026.0,236543.0,235798.0,233471.0,234195.0,235946.0,235982.0,236582.0,234717.0,235126.0,236150.0,237312.0,237143.0,235364.0,234403.0
244179.0,247283.0,248330.0,246883.0,250563.0,248034.0,248299.0,247450.0,246676.0,247247.0,246837.0,247086.0,250090.0,247402.0,249372.0,247653.0
247550.0,252698.0,255544.0,258105.0,256742.0,259424.0,261980.0,260993.0,260677.0,261814.0,265155.0,261581.0,258910.0,257379.0,254576.0,251944.0
241092.0,241927.0,244140.0,244870.0,248467.0,249276.0,251699.0,252582.0,252842.0,252361.0,249797.0,249458.0,248036.0,245921.0,243771.0,243259.0
249551.0,250679.0,250892.0,252577.0,253519.0,256007.0,258163.0,257547.0,258555.0,257533.0,257044.0,254588.0,252321.0,250811.0,249789.0,247752.0
245184.0,250870.0,253721.0,255955.0,259098.0,257825.0,260288.0,259695.0,259464.0,261978.0,258038.0,254434.0,254204.0,252500.0,254865.0,251151.0
245841.0,246818.0,249060.0,250826.0,251279.0,251973.0,251723.0,251135.0,250914.0,251447.0,249905.0,249361.0,247618.0,245578.0,244930.0,243752.0
234536.0,236772.0,238213.0,237789.0,236638.0,237013.0,239479.0,240934.0,241863.0,238985.0,238852.0,237985.0,238121.0,238224.0,236298.0,235998.0
246679.0,247414.0,247765.0,247416.0,247395.0,248297.0,248276.0,246865.0,247267.0,247369.0,247404.0,246867.0,248082.0,246020.0,247306.0,248086.0
250546.0,252757.0,255666.0,256985.0,260433.0,261562.0,260699.0,260705.0,262858.0,261903.0,263425.0,265183.0,262032.0,258713.0,255251.0,253482.0
249980.0,253964.0,257834.0,259449.0,261836.0,261453.0,257349.0,255272.0,255342.0,255852.0,258178.0,261796.0,261475.0,256991.0,257652.0,253905.0
246205.0,246890.0,247015.0,247897.0,249790.0,252572.0,254893.0,255676.0,256976.0,258190.0,258670.0,257662.0,255112.0,253550.0,250601.0,248139.0
253729.0,253298.0,253676.0,253416.0,255040.0,254642.0,253990.0,254611.0,256060.0,255849.0,255823.0,254683.0,254174.0,254596.0,253474.0,254879.0
256557.0,260257.0,261254.0,266685.0,270009.0,276066.0,278851.0,281089.0,281914.0,283755.0,278712.0,277705.0,273711.0,268039.0,263454.0,260134.0
259019.0,261346.0,262789.0,263916.0,262929.0,262381.0,262493.0,261664.0,260939.0,262532.0,266027.0,265874.0,266017.0,264039.0,260141.0,259358.0
250220.0,255229.0,261805.0,262114.0,268249.0,273176.0,275787.0,277295.0,274131.0,274320.0,273521.0,267813.0,268811.0,267375.0,260348.0,255458.0
232246.0,236769.0,240135.0,245885.0,244048.0,243333.0,238835.0,237200.0,236507.0,240515.0,241721.0,246662.0,244334.0,243184.0,238182.0,235268.0
246606.0,247255.0,247575.0,247579.0,248148.0,248800.0,248232.0,248513.0,248516.0,247825.0,248330.0,249075.0,248117.0,246471.0,247456.0,247406.0
241128.0,245388.0,253646.0,259185.0,260774.0,259283.0,260864.0,267913.0,272100.0,270709.0,266586.0,263128.0,261513.0,259118.0,251851.0,246730.0
251013.0,252648.0,255306.0,259919.0,263556.0,266164.0,267448.0,267963.0,268177.0,266585.0,264189.0,261182.0,258772.0,255918.0,254251.0,252637.0
249619.0,250677.0,252887.0,253349.0,252774.0,251359.0,251990.0,251397.0,252196.0,250864.0,251123.0,254156.0,252971.0,252283.0,253112.0,251723.0
250838.0,250556.0,250325.0,251727.0,252724.0,253430.0,253047.0,254463.0,255062.0,254962.0,253958.0,253488.0,252856.0,251135.0,250952.0,249701.0
237708.0,239885.0,240541.0,240811.0,239694.0,239126.0,240502.0,240221.0,240629.0,242009.0,242327.0,240973.0,240319.0,239573.0,240105.0,239337.0
227712.0,228370.0,229611.0,232199.0,233124.0,234093.0,233734.0,233890.0,235326.0,233817.0,232798.0,232393.0,232918.0,232394.0,230177.0,229028.0
233634.0,234460.0,233003.0,236835.0,238510.0,237284.0,237672.0,237265.0,236486.0,235687.0,236266.0,236699.0,237007.0,238134.0,237270.0,235468.0
238507.0,239986.0,241114.0,240184.0,241529.0,240693.0,240169.0,238820.0,239084.0,240172.0,239509.0,240440.0,240746.0,240377.0,240020.0,239670.0
253988.0,255506.0,256947.0,257598.0,257440.0,259492.0,260060.0,259380.0,259377.0,257855.0,257586.0,255274.0,254417.0,254573.0,253953.0,252874.0
241747.0,243155.0,243242.0,244039.0,245296.0,247517.0,248497.0,247416.0,247776.0,248191.0,249054.0,247407.0,246556.0,246327.0,246020.0,243826.0
271134.0,274270.0,275281.0,275800.0,276720.0,275237.0,274025.0,272205.0,273183.0,273077.0,275698.0,277716.0,275444.0,276503.0,273799.0,271844.0
245244.0,247624.0,246206.0,249826.0,250961.0,254738.0,255364.0,256515.0,257441.0,256838.0,256521.0,253801.0,253060.0,251562.0,247896.0,247297.0
227391.0,230372.0,234174.0,239414.0,241980.0,245045.0,245898.0,246805.0,248575.0,249227.0,250479.0,248770.0,247449.0,240534.0,235329.0,231412.0
233312.0,234835.0,235452.0,236193.0,237066.0,238977.0,239041.0,239499.0,239732.0,239935.0,240268.0,238831.0,238210.0,237148.0,235406.0,234401.0
244812.0,247660.0,250099.0,250526.0,250107.0,251910.0,255845.0,256869.0,256571.0,256427.0,258235.0,256401.0,252022.0,250625.0,251206.0,248049.0
239393.0,239370.0,241776.0,242156.0,242237.0,245036.0,247927.0,249261.0,247414.0,247939.0,248922.0,245912.0,246464.0,245417.0,243793.0,241979.0
244323.0,247428.0,247796.0,249799.0,253362.0,252309.0,250879.0,249737.0,247036.0,247807.0,248461.0,250906.0,251771.0,250076.0,250588.0,247658.0
252019.0,252834.0,255531.0,259424.0,260468.0,263493.0,264254.0,266960.0,269068.0,266880.0,265214.0,265216.0,262001.0,260965.0,256413.0,253500.0
247762.0,248858.0,252404.0,254135.0,254933.0,253056.0,250012.0,250023.0,249788.0,250842.0,251895.0,252961.0,252785.0,251655.0,250201.0,248738.0
228736.0,229503.0,229190.0,229802.0,230222.0,230491.0,228638.0,228679.0,228515.0,229000.0,230824.0,230945.0,229464.0,229020.0,227725.0,228162.0
221195.0,222780.0,225009.0,229104.0,233041.0,237925.0,242523.0,244704.0,245949.0,245952.0,245217.0,240404.0,235350.0,231302.0,228061.0,223848.0
260113.0,261637.0,264294.0,262708.0,262102.0,261267.0,262446.0,261880.0,261605.0,262883.0,261502.0,262750.0,261685.0,262654.0,262861.0,260925.0
227046.0,229191.0,231229.0,231192.0,233432.0,233133.0,235385.0,236420.0,236749.0,237382.0,236779.0,234761.0,233838.0,232270.0,231085.0,230144.0
246600.0,247539.0,248286.0,249555.0,251593.0,253141.0,253571.0,254541.0,254341.0,255022.0,253192.0,253259.0,252093.0,250629.0,249306.0,248120.0
245125.0,248000.0,249861.0,248358.0,249733.0,246667.0,248500.0,249798.0,245998.0,248375.0,249344.0,246862.0,248626.0,248235.0,248912.0,249722.0
243265.0,250175.0,253304.0,252344.0,252933.0,253954.0,252473.0,251169.0,251591.0,251876.0,250790.0,253305.0,251961.0,253559.0,250689.0,246080.0
236785.0,237034.0,238471.0,238387.0,238952.0,238969.0,238764.0,237957.0,237150.0,236703.0,237732.0,238208.0,238190.0,236621.0,236869.0,236912.0
240968.0,239493.0,240136.0,241006.0,242743.0,242740.0,244911.0,245938.0,244496.0,245018.0,244914.0,243438.0,242184.0,241671.0,240923.0,241425.0
249821.0,253117.0,253266.0,252676.0,254031.0,254594.0,255972.0,256495.0,255440.0,256470.0,255556.0,255321.0,255484.0,253735.0,252856.0,251764.0
225521.0,229261.0,232487.0,233363.0,233467.0,233255.0,233262.0,234895.0,235435.0,234839.0,235423.0,235902.0,233414.0,232502.0,232519.0,227455.0
249283.0,249113.0,251010.0,250172.0,250173.0,250279.0,250170.0,251594.0,251267.0,251050.0,249477.0,249899.0,248890.0,249091.0,249228.0,250184.0
248875.0,248371.0,250741.0,254297.0,255266.0,255826.0,256309.0,254536.0,255471.0,256271.0,257536.0,259189.0,257457.0,256241.0,253252.0,249220.0
220397.0,224030.0,225138.0,226244.0,229314.0,230066.0,230689.0,234832.0,237938.0,234426.0,232157.0,232886.0,230638.0,227491.0,227225.0,223875.0
242238.0,243839.0,244525.0,245421.0,244909.0,244144.0,243944.0,243783.0,243763.0,244256.0,244646.0,244615.0,244660.0,245077.0,244699.0,243401.0
246813.0,247243.0,250270.0,252627.0,254684.0,257653.0,259014.0,261012.0,262052.0,262370.0,263951.0,261677.0,258341.0,255890.0,251145.0,250628.0
230653.0,232659.0,233224.0,233704.0,235032.0,235028.0,235474.0,235731.0,237359.0,236093.0,234292.0,234497.0,234855.0,233419.0,233557.0,232119.0
235476.0,237895.0,238681.0,240372.0,242896.0,242238.0,241980.0,240888.0,240792.0,242119.0,242796.0,244047.0,244259.0,242295.0,239560.0,237042.0
253238.0,252919.0,255858.0,256591.0,255686.0,259003.0,259372.0,260248.0,261797.0,261573.0,259637.0,260183.0,259194.0,257076.0,255851.0,255874.0
244413.0,246274.0,250027.0,253380.0,254715.0,252642.0,249479.0,249277.0,248771.0,249968.0,251205.0,252274.0,252764.0,252987.0,250552.0,246680.0
242830.0,244404.0,247921.0,249293.0,249259.0,251426.0,251655.0,251337.0,250673.0,249636.0,248629.0,249596.0,248352.0,248514.0,247924.0,247325.0
225976.0,226670.0,227686.0,229219.0,230235.0,229837.0,230576.0,229755.0,229876.0,230587.0,230944.0,230433.0,231511.0,229905.0,227519.0,227775.0
247484.0,251895.0,254192.0,254793.0,258463.0,261343.0,261667.0,263516.0,265114.0,264085.0,261458.0,260202.0,256806.0,252955.0,250883.0,249208.0
247183.0,248911.0,251637.0,254541.0,255555.0,258082.0,258619.0,259943.0,257974.0,257372.0,256621.0,255808.0,254878.0,253600.0,250101.0,249139.0
250869.0,251238.0,252088.0,253041.0,252850.0,252081.0,253640.0,255232.0,255923.0,254975.0,254112.0,254050.0,254522.0,253113.0,252778.0,252224.0
259139.0,260965.0,260978.0,260140.0,262647.0,261210.0,260527.0,261443.0,260670.0,262497.0,262899.0,263036.0,263014.0,261570.0,261920.0,262213.0
233880.0,234657.0,236524.0,237795.0,237769.0,238817.0,238278.0,237217.0,237863.0,239010.0,239817.0,239378.0,239657.0,237485.0,236142.0,235187.0
237125.0,238567.0,241169.0,239737.0,239665.0,241034.0,242225.0,243886.0,245335.0,245081.0,242869.0,241305.0,243365.0,243250.0,240311.0,238324.0
239977.0,245886.0,245414.0,247730.0,250327.0,256098.0,258118.0,259825.0,260367.0,261354.0,258040.0,255670.0,250381.0,250380.0,246520.0,245773.0
251821.0,254422.0,254542.0,253441.0,255543.0,256027.0,256312.0,255883.0,254103.0,255079.0,255715.0,256048.0,255678.0,254161.0,254604.0,254105.0
263004.0,265053.0,269779.0,273947.0,280416.0,283078.0,284483.0,285093.0,287448.0,285920.0,285806.0,283652.0,279291.0,275022.0,270013.0,266339.0
252441.0,253786.0,256862.0,261441.0,265942.0,265996.0,267569.0,266681.0,268453.0,267925.0,268025.0,265445.0,261688.0,258902.0,256462.0,254414.0
239675.0,239842.0,241252.0,241623.0,241855.0,243143.0,242341.0,242533.0,242219.0,242156.0,241197.0,240475.0,240706.0,240745.0,240037.0,240305.0
234713.0,236745.0,240171.0,242962.0,242231.0,241814.0,239821.0,236514.0,235646.0,237534.0,241071.0,242242.0,242203.0,241991.0,239449.0,236937.0
232605.0,233641.0,236618.0,237961.0,238447.0,238836.0,239331.0,239903.0,241160.0,238909.0,236432.0,235692.0,237045.0,235164.0,233910.0,233096.0
254185.0,257158.0,262950.0,266201.0,270499.0,277024.0,283246.0,288947.0,290666.0,288493.0,283449.0,280172.0,273446.0,267739.0,264230.0,259983.0
240508.0,244403.0,245630.0,245787.0,245794.0,248474.0,249014.0,248735.0,249714.0,249363.0,248045.0,245956.0,244683.0,246553.0,245199.0,242778.0
276593.0,275807.0,279483.0,281012.0,282141.0,282209.0,282217.0,280232.0,281303.0,279640.0,280458.0,279754.0,280515.0,279220.0,277826.0,277046.0
245241.0,249184.0,247537.0,249789.0,247639.0,249863.0,247679.0,250323.0,247782.0,250025.0,248215.0,249954.0,248324.0,250770.0,246795.0,249176.0
251434.0,254733.0,255775.0,256403.0,256480.0,257304.0,259725.0,260329.0,262479.0,262766.0,260259.0,259566.0,259508.0,258522.0,257858.0,254027.0
235995.0,239167.0,240786.0,245046.0,245748.0,250621.0,252831.0,254871.0,253624.0,252123.0,249099.0,246668.0,244659.0,239161.0,238890.0,235767.0
243153.0,243583.0,244643.0,244954.0,245115.0,244948.0,244248.0,242839.0,243289.0,244309.0,243858.0,244242.0,244561.0,245108.0,245601.0,245521.0
248282.0,250627.0,251319.0,251025.0,250833.0,251903.0,252243.0,251065.0,250948.0,251928.0,253615.0,252289.0,252028.0,252080.0,250832.0,248427.0
239584.0,241335.0,246388.0,250041.0,251810.0,255136.0,257570.0,259816.0,260593.0,261020.0,259141.0,256153.0,253527.0,251898.0,248572.0,243124.0
226564.0,231144.0,232108.0,235346.0,236405.0,239521.0,239299.0,240995.0,242140.0,239038.0,239071.0,236557.0,234946.0,231501.0,230683.0,230536.0
231204.0,232815.0,233292.0,233039.0,232550.0,232992.0,233609.0,234847.0,233538.0,233157.0,232340.0,232707.0,233321.0,233588.0,232307.0,232256.0
258292.0,259349.0,259954.0,260578.0,261354.0,261502.0,260548.0,260790.0,260289.0,261267.0,261512.0,263062.0,261441.0,260891.0,258422.0,257925.0
225417.0,229762.0,234977.0,236962.0,236948.0,233008.0,229159.0,226798.0,227237.0,230246.0,234673.0,237092.0,236442.0,232900.0,227531.0,225552.0
266520.0,267625.0,267871.0,266549.0,267497.0,267049.0,267106.0,267649.0,267759.0,267625.0,269070.0,268548.0,266838.0,268562.0,269153.0,267513.0
234579.0,239148.0,243105.0,248118.0,249584.0,254708.0,253586.0,254437.0,253730.0,255587.0,255033.0,256264.0,249985.0,248183.0,244317.0,241290.0
258400.0,260792.0,262555.0,263576.0,266834.0,271076.0,269917.0,271254.0,275362.0,273318.0,271328.0,269952.0,265591.0,263808.0,264017.0,261140.0
260559.0,263620.0,266962.0,269260.0,272067.0,271951.0,271414.0,271405.0,268613.0,269015.0,269110.0,269003.0,267930.0,265768.0,262875.0,262504.0
238309.0,239300.0,242505.0,245120.0,246773.0,246765.0,246137.0,245452.0,245496.0,244146.0,246377.0,247041.0,246312.0,246715.0,243053.0,239863.0
250749.0,251653.0,250721.0,252513.0,253283.0,253537.0,256088.0,255141.0,255558.0,256045.0,255611.0,254847.0,254254.0,253346.0,252694.0,251530.0
234108.0,237251.0,239995.0,240281.0,240429.0,239622.0,236889.0,236381.0,237138.0,237022.0,238817.0,241419.0,240806.0,238999.0,237932.0,235239.0
249490.0,251842.0,255368.0,257712.0,260586.0,260446.0,260851.0,258872.0,259947.0,259257.0,260317.0,261629.0,259126.0,255546.0,253395.0,251412.0
244802.0,246929.0,250467.0,251982.0,249833.0,250883.0,252719.0,255153.0,257284.0,254969.0,252347.0,250397.0,251993.0,251578.0,250759.0,247403.0
249083.0,251397.0,255779.0,255891.0,255999.0,255084.0,255554.0,255291.0,253962.0,255330.0,256737.0,256826.0,254626.0,256231.0,253292.0,250550.0
251589.0,250565.0,252256.0,255142.0,257590.0,262637.0,267938.0,271109.0,271794.0,273433.0,271916.0,269509.0,266797.0,262420.0,257716.0,252669.0
254547.0,255887.0,258621.0,258496.0,259457.0,259463.0,259977.0,261692.0,262530.0,262509.0,260691.0,260594.0,260032.0,258519.0,257095.0,255226.0
240426.0,243284.0,245692.0,245441.0,245331.0,248421.0,250891.0,250179.0,248844.0,249103.0,248841.0,247622.0,245234.0,243895.0,244067.0,241415.0
229064.0,229611.0,230524.0,230584.0,232362.0,232247.0,232518.0,231554.0,230699.0,230044.0,230849.0,231335.0,231334.0,229367.0,229666.0,229676.0
243543.0,245843.0,247887.0,248444.0,249875.0,251727.0,250455.0,250302.0,249807.0,249524.0,251588.0,250546.0,248835.0,250560.0,247938.0,244614.0
231733.0,232739.0,232215.0,233717.0,234915.0,234451.0,233909.0,235173.0,235192.0,235909.0,234111.0,233951.0,233696.0,233697.0,234069.0,233515.0
250897.0,251879.0,252865.0,254751.0,258082.0,259323.0,258064.0,259292.0,257599.0,256982.0,256640.0,257225.0,256741.0,256165.0,256577.0,254470.0
251797.0,253087.0,254430.0,256091.0,255542.0,257241.0,259096.0,258750.0,259077.0,259259.0,258503.0,256313.0,256252.0,256251.0,254725.0,252834.0
238894.0,239617.0,240606.0,240815.0,242060.0,241442.0,241415.0,239454.0,240908.0,240502.0,241095.0,240201.0,241177.0,241550.0,240935.0,241009.0
226731.0,226435.0,228223.0,230079.0,230402.0,229412.0,229413.0,227149.0,227694.0,227711.0,228281.0,229711.0,229883.0,229967.0,227793.0,227988.0
245658.0,246770.0,249091.0,251622.0,253721.0,254177.0,253698.0,253598.0,254744.0,254267.0,254672.0,255545.0,254239.0,251633.0,249825.0,247172.0
231699.0,233499.0,235113.0,235422.0,237131.0,235284.0,233732.0,234347.0,233769.0,233369.0,235661.0,234784.0,234927.0,234336.0,234534.0,233889.0
257503.0,260760.0,260776.0,260900.0,260519.0,260849.0,258390.0,260670.0,260823.0,261220.0,260724.0,260802.0,261175.0,260999.0,261278.0,261564.0
256804.0,257731.0,258396.0,260171.0,260684.0,261667.0,262824.0,263973.0,264108.0,263189.0,263134.0,261144.0,259562.0,259256.0,258370.0,258843.0
244132.0,247754.0,251148.0,255136.0,256059.0,257061.0,256395.0,256722.0,253969.0,254894.0,254563.0,255019.0,252668.0,253021.0,249938.0,246865.0
244617.0,246726.0,247758.0,248440.0,248389.0,251029.0,252759.0,252915.0,253505.0,254626.0,256060.0,254220.0,253087.0,251049.0,249492.0,247684.0
230814.0,232972.0,237649.0,239339.0,241432.0,243331.0,243709.0,245777.0,246647.0,247357.0,246659.0,243969.0,240758.0,238415.0,235410.0,231962.0
239773.0,241465.0,240373.0,245750.0,246278.0,249121.0,249117.0,247632.0,248209.0,247594.0,248093.0,245831.0,247112.0,244285.0,243283.0,240684.0
225575.0,227294.0,229964.0,232428.0,235054.0,238159.0,239768.0,242516.0,243560.0,242714.0,239161.0,237136.0,233887.0,230949.0,228573.0,226830.0
249790.0,252187.0,254907.0,259584.0,263731.0,265667.0,270101.0,272415.0,274714.0,273686.0,270310.0,267334.0,265828.0,262114.0,259073.0,253193.0
227815.0,227655.0,227393.0,228853.0,228951.0,229434.0,227797.0,227072.0,227531.0,228885.0,227765.0,228664.0,229164.0,229975.0,228887.0,227145.0
236609.0,237101.0,237573.0,238157.0,239605.0,242022.0,242596.0,242414.0,241828.0,240714.0,239640.0,239692.0,239984.0,239354.0,238074.0,236393.0
240623.0,242436.0,241472.0,241619.0,243310.0,243289.0,244368.0,244744.0,245252.0,245097.0,245613.0,245080.0,243227.0,243244.0,242303.0,242687.0
233287.0,236345.0,238011.0,237962.0,238674.0,240076.0,242243.0,242768.0,241105.0,243598.0,243117.0,240424.0,238536.0,237937.0,239441.0,237324.0
224730.0,225496.0,227557.0,231676.0,232106.0,236414.0,237482.0,237671.0,237789.0,239076.0,237269.0,234008.0,231003.0,229368.0,227546.0,225721.0
255260.0,258966.0,258360.0,259984.0,263994.0,263794.0,266228.0,266402.0,267216.0,267712.0,266258.0,263686.0,263934.0,260019.0,257594.0,258361.0
239711.0,242654.0,243868.0,245358.0,246100.0,248068.0,249258.0,249676.0,250520.0,248307.0,248738.0,247254.0,244320.0,243706.0,242387.0,241151.0
255171.0,257868.0,256525.0,258246.0,258665.0,257560.0,259263.0,257337.0,257381.0,256868.0,256282.0,257531.0,257579.0,257291.0,255054.0,257513.0
237282.0,239664.0,242860.0,241233.0,240105.0,242894.0,244827.0,243738.0,241900.0,243978.0,245162.0,240881.0,239198.0,241384.0,242912.0,240606.0
244588.0,248289.0,252224.0,252510.0,254229.0,256320.0,254117.0,255936.0,256083.0,253836.0,254703.0,255637.0,256162.0,256440.0,252442.0,248932.0
245445.0,248735.0,253570.0,257275.0,266984.0,271977.0,274769.0,278659.0,278919.0,276701.0,272477.0,268917.0,261866.0,256004.0,251172.0,247322.0
246354.0,249001.0,252651.0,254168.0,257116.0,258733.0,256480.0,258647.0,258587.0,257752.0,257337.0,257354.0,256550.0,253905.0,251213.0,250568.0
238022.0,237802.0,240083.0,242379.0,244772.0,245783.0,247025.0,249106.0,248677.0,248913.0,247721.0,246163.0,245455.0,244088.0,242781.0,240262.0
236507.0,239566.0,240702.0,241561.0,239991.0,240611.0,240810.0,238873.0,238692.0,239480.0,241917.0,241539.0,241215.0,240720.0,239658.0,237790.0
237702.0,237114.0,240719.0,243726.0,247799.0,253115.0,254227.0,256851.0,258185.0,258674.0,256375.0,252881.0,249322.0,244960.0,241173.0,238977.0
256062.0,255384.0,257596.0,261173.0,261137.0,264326.0,264318.0,264719.0,267465.0,267707.0,266766.0,267931.0,267170.0,266757.0,262818.0,258167.0
242428.0,244877.0,245685.0,247467.0,247319.0,246333.0,246251.0,245999.0,248979.0,248764.0,251388.0,251101.0,249016.0,247874.0,246107.0,244960.0
237586.0,241876.0,244443.0,242469.0,243208.0,243059.0,243177.0,243685.0,240163.0,240290.0,240561.0,242141.0,245831.0,243965.0,242807.0,239603.0
237235.0,240577.0,243158.0,243737.0,244483.0,244002.0,241828.0,239770.0,238901.0,239340.0,240854.0,241443.0,243341.0,241838.0,240128.0,239055.0
249902.0,253142.0,257063.0,260133.0,263093.0,264136.0,266849.0,269117.0,270607.0,273369.0,273359.0,271508.0,268883.0,266666.0,261658.0,256039.0
239448.0,241918.0,240928.0,240951.0,241825.0,242076.0,241972.0,241821.0,243677.0,243001.0,242929.0,242655.0,242219.0,240817.0,241400.0,240315.0
238631.0,238378.0,240148.0,241145.0,240562.0,241692.0,241027.0,241158.0,239783.0,240060.0,239756.0,240451.0,241282.0,240248.0,240632.0,237881.0
229695.0,230641.0,230135.0,230577.0,230099.0,230335.0,230683.0,230258.0,231069.0,230503.0,230656.0,230917.0,230479.0,230531.0,230796.0,229962.0
230528.0,231662.0,235857.0,239183.0,242283.0,244305.0,245162.0,246146.0,246595.0,247402.0,246109.0,246217.0,244197.0,240688.0,236209.0,233189.0
249213.0,254315.0,255898.0,255114.0,251784.0,253195.0,255541.0,255770.0,257539.0,257789.0,258643.0,255951.0,255805.0,256459.0,256188.0,252686.0
231174.0,233622.0,235319.0,236570.0,239590.0,241413.0,243296.0,241644.0,241126.0,241280.0,241377.0,238815.0,237457.0,237867.0,234196.0,232490.0
234252.0,236063.0,236696.0,238830.0,243315.0,243501.0,241779.0,242794.0,246340.0,244035.0,243486.0,244644.0,239779.0,239546.0,240489.0,236403.0
259924.0,261576.0,263649.0,261492.0,259749.0,260691.0,259561.0,261648.0,261604.0,261491.0,262281.0,261297.0,259717.0,261830.0,261166.0,261044.0
241448.0,242366.0,244284.0,243636.0,243817.0,244649.0,244530.0,244229.0,246628.0,246035.0,244553.0,246488.0,245664.0,243563.0,243778.0,243416.0
244972.0,247643.0,246717.0,248989.0,248827.0,248119.0,248179.0,247574.0,246778.0,248666.0,249265.0,250142.0,249656.0,248382.0,247902.0,246399.0
223976.0,225769.0,226977.0,228357.0,231254.0,233996.0,231290.0,232288.0,232538.0,233219.0,232123.0,231477.0,228912.0,227592.0,228454.0,226846.0
248330.0,250680.0,259227.0,269350.0,279553.0,289187.0,296994.0,304354.0,306266.0,300937.0,293138.0,282842.0,271870.0,261611.0,252940.0,249681.0
254302.0,257953.0,262662.0,267071.0,269461.0,267095.0,262515.0,257817.0,255600.0,258398.0,264179.0,267390.0,269068.0,267476.0,261647.0,256600.0
262610.0,267365.0,265828.0,270958.0,270924.0,272734.0,272671.0,272990.0,275335.0,270835.0,272138.0,266477.0,268803.0,264842.0,263107.0,264751.0
241800.0,242615.0,242655.0,243788.0,245443.0,245423.0,247230.0,246752.0,247853.0,248417.0,248188.0,247550.0,247388.0,246383.0,245131.0,243956.0
229260.0,230008.0,234894.0,237936.0,240579.0,240191.0,239383.0,238377.0,238789.0,239574.0,239302.0,239564.0,238224.0,233105.0,232462.0,230554.0
257081.0,257180.0,260294.0,260102.0,262095.0,263074.0,261653.0,261671.0,263743.0,262567.0,263513.0,261792.0,263265.0,261336.0,260442.0,260330.0
225689.0,227866.0,230185.0,230110.0,231801.0,231914.0,230735.0,229220.0,231029.0,230339.0,230427.0,233274.0,231819.0,229592.0,229319.0,228053.0
251535.0,253863.0,254444.0,256854.0,257033.0,256492.0,256635.0,256231.0,254757.0,253598.0,255510.0,258344.0,258101.0,257103.0,255932.0,254266.0
230290.0,231253.0,232906.0,233732.0,233592.0,234132.0,233152.0,232820.0,232805.0,233782.0,234370.0,235519.0,235203.0,233749.0,233806.0,232253.0
239422.0,241819.0,242512.0,244907.0,247714.0,247267.0,248304.0,251116.0,251737.0,252405.0,251231.0,248168.0,246343.0,243761.0,243221.0,241057.0
260334.0,261111.0,262603.0,264406.0,266028.0,267071.0,267144.0,265625.0,266775.0,268623.0,268939.0,269806.0,268246.0,266066.0,262987.0,260990.0
248215.0,251353.0,249097.0,253706.0,252932.0,252375.0,251810.0,250769.0,251550.0,249597.0,251857.0,252096.0,253306.0,252338.0,253213.0,252714.0
241569.0,247161.0,249426.0,253369.0,251253.0,248588.0,249638.0,249982.0,252002.0,249082.0,248674.0,249073.0,250587.0,249092.0,244327.0,244927.0
245329.0,246999.0,249773.0,251443.0,253285.0,251855.0,251106.0,249707.0,249140.0,248632.0,249462.0,248967.0,247929.0,248269.0,247558.0,246250.0
247920.0,249494.0,249291.0,250573.0,249369.0,250113.0,250135.0,248525.0,248819.0,250133.0,249107.0,250498.0,250562.0,250716.0,248745.0,248048.0
233946.0,234317.0,236833.0,238936.0,242737.0,246805.0,250461.0,252633.0,253429.0,254400.0,252590.0,250665.0,245277.0,243178.0,240119.0,236994.0
235333.0,237202.0,237262.0,236816.0,237819.0,238591.0,240397.0,240720.0,242168.0,240539.0,239847.0,239391.0,239672.0,239496.0,237734.0,236661.0
240109.0,241482.0,244239.0,247280.0,248892.0,248092.0,246715.0,244632.0,243518.0,243261.0,245720.0,247538.0,247385.0,246326.0,243818.0,241661.0
241631.0,243080.0,242938.0,244529.0,246695.0,248260.0,247523.0,247743.0,247073.0,247513.0,248061.0,248591.0,247367.0,245213.0,243910.0,242477.0
228450.0,229016.0,231913.0,235285.0,239388.0,242986.0,245262.0,246890.0,246307.0,243711.0,243111.0,240261.0,237756.0,234638.0,230946.0,230122.0
233803.0,236700.0,240075.0,240276.0,242125.0,246042.0,246549.0,246638.0,246491.0,246728.0,245636.0,243408.0,241218.0,239521.0,239503.0,236119.0
266017.0,269688.0,272549.0,274309.0,274028.0,270936.0,270979.0,271454.0,271279.0,271668.0,269811.0,271969.0,272955.0,275718.0,270372.0,268116.0
240488.0,241454.0,243980.0,245887.0,245915.0,246710.0,249252.0,250049.0,249373.0,249808.0,249367.0,248544.0,246263.0,243972.0,243908.0,242602.0
256452.0,260121.0,264051.0,266683.0,270991.0,273871.0,274691.0,272970.0,273319.0,272399.0,269933.0,268195.0,265189.0,263535.0,260404.0,258086.0
237114.0,240221.0,241080.0,239298.0,241503.0,243200.0,242737.0,242562.0,241485.0,243139.0,241677.0,241201.0,241750.0,240933.0,238970.0,238676.0
238372.0,240957.0,242230.0,245210.0,249581.0,251604.0,252382.0,254629.0,254831.0,253856.0,250562.0,248595.0,246446.0,243529.0,240342.0,240202.0
222694.0,223474.0,226052.0,227666.0,228339.0,228956.0,228842.0,229029.0,229229.0,229170.0,228858.0,227673.0,226790.0,225498.0,223800.0,223490.0
246934.0,247659.0,250952.0,256609.0,259360.0,258933.0,261425.0,262090.0,263946.0,264783.0,262263.0,262684.0,260669.0,257803.0,254538.0,250062.0
248606.0,250210.0,249388.0,250718.0,249279.0,250164.0,249466.0,250059.0,251989.0,249761.0,250511.0,250670.0,250273.0,250283.0,249304.0,250603.0
238218.0,239734.0,240844.0,241058.0,240010.0,239043.0,239076.0,239581.0,240747.0,239800.0,238452.0,240363.0,240313.0,240246.0,241625.0,239226.0
239276.0,242012.0,245596.0,249670.0,255295.0,260796.0,265231.0,266773.0,267127.0,267247.0,263743.0,258331.0,252724.0,248437.0,243838.0,241226.0
235362.0,236857.0,234835.0,238224.0,234852.0,235527.0,235633.0,234785.0,236391.0,236317.0,237171.0,237060.0,237579.0,236053.0,235357.0,233741.0
244625.0,245854.0,246880.0,247399.0,248916.0,247148.0,245353.0,246192.0,247089.0,247191.0,245316.0,245619.0,246859.0,248555.0,247099.0,245755.0
231788.0,233306.0,235011.0,235278.0,233774.0,233442.0,234312.0,236217.0,235941.0,236091.0,235206.0,235159.0,236142.0,235084.0,235233.0,234028.0
247794.0,247829.0,249528.0,252290.0,252647.0,254902.0,257140.0,257308.0,257814.0,257756.0,256662.0,254417.0,252726.0,251622.0,248846.0,248279.0
222891.0,223884.0,225875.0,227303.0,228550.0,228195.0,229030.0,229296.0,230117.0,230627.0,229706.0,230038.0,230295.0,229099.0,226591.0,225207.0
247543.0,248972.0,250243.0,251141.0,252119.0,253581.0,256134.0,256069.0,255600.0,257609.0,255749.0,255242.0,252886.0,252838.0,250868.0,248966.0
233481.0,236107.0,236411.0,235600.0,233519.0,234770.0,235955.0,235682.0,236248.0,235108.0,235551.0,234356.0,235737.0,235532.0,235950.0,234225.0
258098.0,258850.0,261866.0,264280.0,267530.0,267697.0,269072.0,267329.0,268676.0,268359.0,269277.0,268742.0,266096.0,264516.0,262477.0,258487.0
249367.0,251420.0,252477.0,251690.0,250191.0,251341.0,253558.0,251851.0,250949.0,252341.0,253465.0,251290.0,250264.0,250639.0,251299.0,250082.0
261067.0,262132.0,262707.0,261939.0,263776.0,263025.0,264570.0,264998.0,264676.0,265923.0,264506.0,263773.0,263626.0,263255.0,261952.0,262011.0
233113.0,235275.0,234440.0,236984.0,239026.0,239384.0,241393.0,241626.0,241966.0,243507.0,243174.0,242979.0,240408.0,238626.0,236741.0,234280.0
251230.0,255104.0,259079.0,262149.0,263461.0,265632.0,270600.0,272139.0,272760.0,270120.0,268112.0,265591.0,263786.0,261267.0,256213.0,253871.0
251211.0,250947.0,253754.0,253618.0,252552.0,253737.0,251804.0,251849.0,251680.0,251392.0,253272.0,252795.0,254005.0,254435.0,252957.0,252404.0
259007.0,260993.0,268292.0,272640.0,273703.0,274186.0,271579.0,271975.0,274076.0,273918.0,274989.0,276825.0,273108.0,270282.0,264943.0,261356.0
244511.0,248488.0,248295.0,249210.0,249425.0,250673.0,248340.0,248302.0,249366.0,247995.0,247711.0,250622.0,250130.0,249252.0,249598.0,247762.0
231418.0,232777.0,235139.0,238377.0,238541.0,239383.0,238261.0,236592.0,234441.0,235273.0,235623.0,237184.0,237251.0,238449.0,236170.0,233185.0
257849.0,259884.0,262253.0,265445.0,266551.0,266909.0,270253.0,269844.0,267014.0,267312.0,266119.0,264178.0,261106.0,260055.0,259031.0,258773.0
226917.0,227845.0,228741.0,229753.0,230365.0,230328.0,231454.0,230614.0,231152.0,232127.0,232083.0,231322.0,229797.0,226682.0,227098.0,225836.0
238781.0,241413.0,241807.0,243117.0,243944.0,242966.0,241792.0,241624.0,241459.0,241787.0,242078.0,244400.0,243274.0,241687.0,241089.0,240414.0
253333.0,258333.0,262179.0,267143.0,271327.0,275476.0,277618.0,277612.0,278579.0,276240.0,276151.0,272758.0,268993.0,263203.0,259644.0,256603.0
246624.0,245504.0,247250.0,249003.0,249816.0,252663.0,254900.0,255946.0,256149.0,255098.0,255662.0,253934.0,252077.0,249855.0,246795.0,245972.0
235007.0,237229.0,237438.0,239833.0,241362.0,243139.0,243809.0,245856.0,246089.0,245520.0,245200.0,244459.0,242031.0,239864.0,237741.0,236417.0
234110.0,232580.0,234222.0,235076.0,234961.0,236947.0,238167.0,239407.0,240668.0,238920.0,240529.0,239208.0,238215.0,236212.0,235217.0,235205.0
244811.0,245681.0,249898.0,251408.0,256855.0,259080.0,260233.0,260753.0,259427.0,260923.0,261698.0,260598.0,258000.0,254833.0,251371.0,246781.0
242057.0,243939.0,248466.0,254760.0,260164.0,263960.0,266807.0,268564.0,269714.0,268925.0,268429.0,264765.0,260319.0,256164.0,250960.0,244463.0
231922.0,233286.0,236841.0,242370.0,246202.0,248461.0,251284.0,254278.0,254857.0,251911.0,250967.0,250498.0,245034.0,240783.0,237807.0,235651.0
232697.0,233084.0,237895.0,242836.0,245039.0,242954.0,241426.0,238745.0,238443.0,237064.0,238287.0,242194.0,246145.0,246314.0,241776.0,236701.0
257736.0,259711.0,260089.0,259181.0,260407.0,259968.0,259837.0,259185.0,260380.0,259504.0,259891.0,258628.0,260094.0,260830.0,258924.0,260163.0
254178.0,255493.0,257101.0,255745.0,257304.0,255861.0,256945.0,256773.0,255880.0,256951.0,257621.0,255867.0,257546.0,254499.0,254953.0,254971.0
228981.0,231382.0,231914.0,234288.0,234208.0,233337.0,234100.0,235887.0,237115.0,237176.0,234851.0,234362.0,233507.0,233973.0,232598.0,230657.0
226479.0,228204.0,231324.0,233274.0,236740.0,237319.0,237412.0,236062.0,236208.0,237304.0,238143.0,237682.0,234733.0,233429.0,230353.0,227876.0
246292.0,247721.0,249481.0,250878.0,250272.0,253711.0,253972.0,254720.0,254513.0,254431.0,253030.0,250576.0,250019.0,247913.0,247795.0,248388.0
262880.0,267862.0,268529.0,268145.0,269946.0,273376.0,276438.0,273880.0,273129.0,271199.0,270903.0,267051.0,265695.0,267030.0,265627.0,264134.0
247542.0,249352.0,251755.0,254621.0,260521.0,261392.0,259575.0,260683.0,259151.0,257142.0,260496.0,259334.0,259238.0,258070.0,254317.0,251497.0
250343.0,253949.0,260228.0,265320.0,270903.0,277024.0,280785.0,283454.0,283355.0,280371.0,275229.0,269387.0,264210.0,257257.0,251975.0,250032.0
229075.0,230081.0,231697.0,234710.0,237554.0,239428.0,239023.0,241738.0,242853.0,241784.0,240679.0,238209.0,236287.0,234064.0,233691.0,231839.0
247105.0,249348.0,249267.0,250696.0,251314.0,253205.0,254109.0,255956.0,256059.0,255190.0,253878.0,255110.0,252794.0,250265.0,249510.0,249588.0
247611.0,250357.0,255941.0,260683.0,262733.0,265889.0,266575.0,267860.0,266627.0,265334.0,267111.0,266860.0,263678.0,260328.0,254699.0,248624.0
264231.0,264768.0,264476.0,264253.0,264526.0,264100.0,265396.0,265481.0,263998.0,263751.0,264391.0,265328.0,264856.0,265867.0,264035.0,263619.0
232809.0,234437.0,235830.0,236930.0,237516.0,238027.0,239786.0,240686.0,240886.0,239699.0,238279.0,237672.0,236399.0,235235.0,234443.0,233894.0
247949.0,248629.0,249228.0,248293.0,249340.0,249853.0,250539.0,250257.0,251133.0,250730.0,251243.0,249736.0,249714.0,249784.0,249708.0,248644.0
233249.0,234996.0,239901.0,243067.0,245023.0,246988.0,248669.0,250234.0,249143.0,247315.0,247293.0,243789.0,241335.0,239897.0,237809.0,235712.0
249652.0,249803.0,249792.0,249174.0,251352.0,251340.0,250458.0,249617.0,250878.0,250289.0,250674.0,250863.0,250026.0,250201.0,250788.0,251497.0
238877.0,240281.0,245651.0,246130.0,247864.0,245892.0,247420.0,248072.0,250361.0,248505.0,248186.0,247152.0,246909.0,246638.0,244078.0,242192.0
236646.0,238095.0,239993.0,240792.0,240525.0,242639.0,244292.0,244109.0,244179.0,246048.0,245660.0,242941.0,240426.0,240903.0,240060.0,237816.0
249040.0,248962.0,249261.0,249781.0,249704.0,249213.0,249743.0,250626.0,250411.0,250008.0,249768.0,249431.0,249154.0,249671.0,248982.0,248767.0
230272.0,232166.0,235365.0,236178.0,235908.0,239741.0,241464.0,241841.0,241619.0,242606.0,242252.0,239798.0,238392.0,238424.0,237090.0,232400.0
247514.0,250666.0,252828.0,253227.0,252968.0,251670.0,253110.0,255288.0,254429.0,252974.0,252706.0,253798.0,256773.0,255020.0,251164.0,248201.0
231670.0,234126.0,239176.0,241333.0,241841.0,243991.0,246859.0,246941.0,246004.0,249360.0,248929.0,244943.0,240251.0,237519.0,236438.0,232923.0
261672.0,263586.0,263766.0,266437.0,267294.0,269394.0,268954.0,269470.0,271262.0,272365.0,273245.0,271801.0,269482.0,267021.0,264369.0,262190.0
227760.0,229409.0,228955.0,231193.0,229709.0,231928.0,230304.0,231460.0,231093.0,232088.0,230913.0,231040.0,229820.0,228791.0,228027.0,229140.0
240460.0,241409.0,241588.0,239622.0,240999.0,240736.0,241851.0,240668.0,240705.0,240940.0,241469.0,241426.0,240977.0,240972.0,241030.0,242468.0
268125.0,270537.0,274209.0,276967.0,281090.0,284893.0,287331.0,288215.0,288202.0,287703.0,284561.0,281763.0,278735.0,274305.0,271551.0,268881.0
252902.0,255498.0,256775.0,258233.0,257567.0,258898.0,260249.0,258557.0,259520.0,259087.0,260776.0,257835.0,257991.0,257605.0,255758.0,256153.0
229075.0,230063.0,231234.0,233391.0,234988.0,236176.0,236034.0,236057.0,237254.0,236806.0,236723.0,234873.0,233991.0,232650.0,230726.0,230417.0
272941.0,273974.0,273477.0,276011.0,277272.0,277849.0,277739.0,279108.0,279456.0,279863.0,279006.0,279919.0,277416.0,276446.0,275461.0,273528.0
258252.0,258401.0,259085.0,261214.0,262402.0,262681.0,263267.0,261652.0,263210.0,261735.0,262221.0,261943.0,260840.0,260447.0,259009.0,258765.0
225093.0,227365.0,225353.0,230194.0,229077.0,231138.0,230494.0,232133.0,230507.0,231283.0,230063.0,230139.0,228963.0,228754.0,225750.0,227278.0
234982.0,236379.0,239166.0,243793.0,245820.0,247372.0,247331.0,245701.0,244716.0,242844.0,242634.0,244861.0,244338.0,242126.0,239817.0,237008.0
233700.0,234495.0,237411.0,238732.0,238571.0,236883.0,235857.0,235703.0,236388.0,238481.0,238683.0,237462.0,238491.0,238163.0,238443.0,236005.0
248054.0,249543.0,252095.0,253671.0,252436.0,250893.0,249522.0,248387.0,247995.0,250154.0,251997.0,252655.0,252892.0,251476.0,249960.0,248754.0
241918.0,242625.0,246188.0,249083.0,252558.0,251334.0,252488.0,251753.0,251190.0,251942.0,250156.0,251032.0,249032.0,249000.0,245458.0,243717.0
251083.0,252051.0,255384.0,253056.0,253889.0,252835.0,254529.0,254276.0,255944.0,253873.0,254171.0,253094.0,255287.0,254220.0,254917.0,252027.0
242688.0,241801.0,243329.0,242936.0,243459.0,243866.0,246116.0,246308.0,247172.0,246235.0,247868.0,246830.0,245734.0,243559.0,243833.0,244396.0
242929.0,244769.0,245693.0,245642.0,245634.0,246198.0,245296.0,245666.0,243808.0,244554.0,245737.0,245671.0,244579.0,245432.0,244664.0,244144.0
225823.0,228929.0,229728.0,233557.0,235462.0,236963.0,239867.0,237549.0,239740.0,237600.0,237401.0,235363.0,234204.0,232617.0,229214.0,228945.0
225240.0,228498.0,230328.0,231758.0,231452.0,235824.0,236817.0,237154.0,234593.0,235138.0,233505.0,231729.0,229996.0,228390.0,228217.0,228193.0
236262.0,238375.0,239579.0,240025.0,241157.0,241730.0,242310.0,242951.0,244220.0,243603.0,243797.0,243010.0,241189.0,238987.0,237519.0,236334.0
259963.0,261698.0,264344.0,265713.0,265492.0,264776.0,263255.0,261680.0,260588.0,262495.0,262949.0,264248.0,263631.0,264025.0,264606.0,262233.0
254542.0,255457.0,255393.0,256845.0,257187.0,259865.0,260517.0,261988.0,262154.0,262675.0,262631.0,260757.0,259839.0,258271.0,256596.0,255395.0
271754.0,273665.0,273208.0,273228.0,274596.0,275757.0,275900.0,274788.0,275979.0,272906.0,274470.0,274874.0,273379.0,273980.0,272468.0,273226.0
236503.0,239145.0,239478.0,238815.0,238913.0,239118.0,239180.0,238756.0,239164.0,240307.0,237778.0,237384.0,238771.0,238625.0,239009.0,237806.0
233347.0,234791.0,236020.0,236831.0,235744.0,234012.0,233843.0,235022.0,237101.0,235146.0,235357.0,235242.0,235281.0,236581.0,237223.0,234935.0
239430.0,243397.0,246689.0,246837.0,251804.0,248588.0,246992.0,244828.0,242924.0,244056.0,245761.0,250695.0,253375.0,249542.0,247059.0,244399.0
221958.0,225177.0,228812.0,232907.0,237529.0,243566.0,247768.0,250886.0,250792.0,248787.0,244317.0,240636.0,235213.0,230957.0,226096.0,223361.0
248641.0,253206.0,254838.0,258319.0,258613.0,260362.0,262410.0,264633.0,264898.0,265099.0,264907.0,263213.0,261272.0,260053.0,256879.0,253507.0
242587.0,246070.0,247240.0,248123.0,251004.0,246667.0,247398.0,245062.0,244077.0,245431.0,246865.0,247672.0,250856.0,247662.0,246377.0,244605.0
234907.0,237055.0,237734.0,238536.0,241177.0,239106.0,241131.0,241497.0,242340.0,240871.0,240079.0,237083.0,239031.0,237556.0,237109.0,237852.0
225398.0,227858.0,228025.0,227795.0,228847.0,229627.0,228684.0,229785.0,230011.0,228366.0,228461.0,229059.0,226648.0,226119.0,227282.0,226559.0
238859.0,240280.0,241700.0,243017.0,244565.0,246183.0,246929.0,247829.0,247067.0,245789.0,246033.0,245286.0,246471.0,243768.0,241472.0,239936.0
249032.0,252016.0,255559.0,255234.0,255158.0,254034.0,253547.0,250393.0,250690.0,253070.0,255077.0,254941.0,253903.0,254979.0,254108.0,251867.0
254667.0,256862.0,258936.0,261616.0,265931.0,266199.0,264351.0,260430.0,258796.0,258224.0,260059.0,263595.0,266072.0,264715.0,261912.0,257795.0
245143.0,247586.0,249499.0,249241.0,251759.0,253142.0,252886.0,251935.0,252176.0,252419.0,252820.0,251998.0,251030.0,249593.0,247589.0,246918.0
242928.0,244303.0,245272.0,244673.0,246780.0,247238.0,246948.0,247780.0,248012.0,247531.0,245868.0,246162.0,245441.0,244440.0,245220.0,244918.0
230424.0,231713.0,233009.0,232517.0,234241.0,234590.0,233402.0,232750.0,232109.0,232090.0,233317.0,233443.0,233919.0,233065.0,232798.0,232571.0
244847.0,244434.0,245937.0,247502.0,248099.0,248039.0,248990.0,250558.0,248787.0,250171.0,248698.0,250016.0,247541.0,247775.0,244740.0,245592.0
233426.0,235299.0,238348.0,238949.0,240804.0,242900.0,244672.0,244701.0,244115.0,245206.0,246614.0,242598.0,239977.0,238798.0,237846.0,237283.0
250747.0,252618.0,256673.0,258982.0,260433.0,259433.0,258684.0,258887.0,255492.0,256036.0,257315.0,259222.0,258261.0,256975.0,255625.0,253049.0
243404.0,245848.0,247543.0,251424.0,253883.0,254883.0,256442.0,255371.0,255641.0,254073.0,253505.0,253359.0,250687.0,248410.0,247049.0,244742.0
256913.0,259775.0,265460.0,270384.0,273433.0,277106.0,278765.0,280522.0,281367.0,281890.0,281805.0,278687.0,274543.0,268983.0,262598.0,258737.0
239649.0,242015.0,245047.0,246693.0,247439.0,248021.0,248816.0,247139.0,247523.0,246889.0,246364.0,246780.0,245576.0,245517.0,244211.0,241061.0
245287.0,247183.0,245568.0,248065.0,246979.0,244907.0,246768.0,245397.0,247707.0,246333.0,246902.0,245131.0,244963.0,247133.0,247314.0,246891.0
255563.0,257506.0,258242.0,260996.0,264110.0,267111.0,267405.0,270341.0,271785.0,271811.0,269255.0,267618.0,263856.0,261921.0,259582.0,257854.0
245246.0,249366.0,249760.0,251530.0,249711.0,250609.0,251034.0,252699.0,252462.0,250622.0,251481.0,249007.0,250615.0,249778.0,250312.0,249218.0
229257.0,231471.0,230845.0,232234.0,233244.0,232006.0,232624.0,233309.0,233432.0,233813.0,234123.0,233306.0,234376.0,231926.0,232820.0,232488.0
245066.0,247768.0,254284.0,259853.0,265478.0,271400.0,279285.0,282600.0,280323.0,277281.0,275370.0,271539.0,261363.0,253349.0,250931.0,247322.0
240436.0,242842.0,241727.0,241028.0,240207.0,240507.0,242054.0,244022.0,242930.0,241259.0,241472.0,241839.0,243173.0,244422.0,241913.0,241385.0
239672.0,243391.0,246052.0,250291.0,251871.0,254562.0,252334.0,252225.0,255739.0,256338.0,254001.0,251451.0,249578.0,247123.0,245907.0,244201.0
256331.0,258015.0,256663.0,257892.0,259056.0,258922.0,259840.0,261158.0,262522.0,261653.0,259921.0,261156.0,261688.0,260138.0,259061.0,255888.0
243973.0,244651.0,246387.0,247137.0,246860.0,247587.0,248043.0,246368.0,245172.0,244810.0,246781.0,244721.0,245289.0,244745.0,246683.0,245405.0
256133.0,261332.0,262981.0,264176.0,265539.0,267465.0,271979.0,271054.0,271786.0,270244.0,270356.0,267777.0,267335.0,264045.0,260013.0,260617.0
250094.0,253183.0,257007.0,260487.0,262038.0,263848.0,265011.0,265645.0,266547.0,265369.0,264183.0,261553.0,260150.0,258247.0,254655.0,251421.0
235429.0,237825.0,239382.0,242673.0,242668.0,243095.0,241890.0,242484.0,241572.0,240439.0,238391.0,239237.0,239168.0,240732.0,238658.0,238049.0
267411.0,268470.0,269464.0,271681.0,273532.0,273332.0,275312.0,276454.0,276921.0,277268.0,277056.0,274511.0,274522.0,271244.0,269958.0,268716.0
246556.0,246874.0,249302.0,251410.0,253616.0,255185.0,255925.0,252826.0,251876.0,251100.0,250740.0,251660.0,250840.0,250105.0,247884.0,247849.0
229804.0,232919.0,235526.0,238698.0,243241.0,250795.0,254437.0,258101.0,260258.0,260757.0,256372.0,249840.0,246303.0,241878.0,236693.0,232634.0
244898.0,246733.0,250281.0,249048.0,249908.0,250310.0,249856.0,249098.0,247975.0,247455.0,248611.0,251613.0,250119.0,249747.0,250438.0,249684.0
239383.0,240759.0,242072.0,241475.0,239436.0,238462.0,240924.0,240856.0,240577.0,240041.0,240231.0,241572.0,241316.0,241644.0,240860.0,240356.0
245564.0,246367.0,249422.0,252474.0,251398.0,250646.0,249788.0,250568.0,250372.0,251778.0,250137.0,249406.0,249945.0,249841.0,247572.0,246986.0
236944.0,239296.0,238984.0,240190.0,238481.0,240679.0,239145.0,239101.0,239173.0,240708.0,238808.0,239564.0,239141.0,239856.0,239980.0,241326.0
251332.0,254361.0,255799.0,260741.0,264486.0,266462.0,268729.0,271533.0,273030.0,271692.0,270879.0,268145.0,268995.0,263808.0,261241.0,257465.0
241677.0,245001.0,247066.0,250184.0,251300.0,250006.0,246261.0,243497.0,244321.0,245923.0,249390.0,251041.0,250429.0,249440.0,243570.0,242318.0
232643.0,232075.0,234016.0,235895.0,237197.0,238303.0,239995.0,241555.0,242396.0,243143.0,243009.0,242498.0,241435.0,238941.0,236529.0,233730.0
265501.0,270302.0,270817.0,271378.0,270448.0,269334.0,269936.0,267124.0,269125.0,270981.0,273540.0,272047.0,271364.0,270361.0,269107.0,267525.0
238085.0,241826.0,243052.0,245211.0,246666.0,246433.0,246237.0,250805.0,247773.0,248400.0,245519.0,242823.0,243277.0,242360.0,240745.0,242316.0
226033.0,226960.0,227028.0,227201.0,227098.0,227524.0,225870.0,227036.0,227468.0,227238.0,227870.0,227442.0,226704.0,228076.0,227419.0,226329.0
239995.0,240768.0,242480.0,243382.0,246863.0,249307.0,251741.0,252763.0,254720.0,253429.0,254593.0,252947.0,250077.0,246782.0,244925.0,242140.0
224475.0,228307.0,230861.0,233685.0,233888.0,233314.0,233094.0,229999.0,229957.0,228193.0,230582.0,232460.0,233938.0,234732.0,231619.0,227748.0
240456.0,242445.0,243646.0,242854.0,240867.0,240162.0,239334.0,239808.0,240790.0,242962.0,242782.0,243506.0,240691.0,239945.0,239114.0,240350.0
251182.0,251488.0,254579.0,254092.0,255108.0,255887.0,255580.0,253969.0,252205.0,254558.0,253238.0,254052.0,250743.0,253001.0,252381.0,250033.0
245631.0,245527.0,246953.0,247595.0,247368.0,247925.0,250601.0,249461.0,248281.0,249337.0,251841.0,250099.0,248092.0,247287.0,246973.0,246289.0
236187.0,237291.0,239208.0,239714.0,241410.0,241588.0,240754.0,240562.0,242484.0,242546.0,240284.0,241586.0,241199.0,238723.0,238000.0,235432.0
261465.0,263057.0,262664.0,261324.0,262728.0,262402.0,262764.0,261887.0,261967.0,263578.0,262581.0,262404.0,261366.0,262349.0,262777.0,262511.0
229042.0,231740.0,231058.0,230246.0,229485.0,232246.0,230862.0,231521.0,232130.0,232072.0,230937.0,230517.0,231775.0,229973.0,230743.0,232395.0
242328.0,244898.0,245609.0,245773.0,246864.0,249027.0,249361.0,250691.0,249990.0,250419.0,250446.0,250119.0,246281.0,246769.0,246764.0,244491.0
252929.0,255540.0,256368.0,258058.0,258859.0,258579.0,258209.0,257173.0,256958.0,256873.0,257908.0,258660.0,259699.0,258528.0,256261.0,255052.0
256029.0,256867.0,258109.0,256646.0,258673.0,256817.0,258646.0,256249.0,256960.0,257989.0,257029.0,256823.0,258433.0,256920.0,257009.0,257849.0
233410.0,234837.0,235356.0,236022.0,237283.0,237183.0,237403.0,238142.0,236946.0,237735.0,236953.0,236165.0,236479.0,235527.0,235414.0,234585.0
246831.0,247249.0,246879.0,249424.0,250214.0,251076.0,250754.0,250715.0,251612.0,250577.0,249340.0,248879.0,249751.0,247997.0,247418.0,247650.0
250091.0,250016.0,249923.0,250761.0,253348.0,251671.0,251212.0,250883.0,251146.0,251231.0,250878.0,250622.0,252831.0,252321.0,252321.0,251249.0
253765.0,254438.0,253202.0,254432.0,256370.0,259671.0,259504.0,258903.0,259012.0,256538.0,256086.0,255355.0,255480.0,253887.0,255077.0,256012.0
229564.0,231826.0,232240.0,233591.0,233839.0,232363.0,232193.0,231886.0,232295.0,231349.0,233360.0,235039.0,235020.0,234119.0,232075.0,230705.0
247498.0,252093.0,255160.0,253305.0,253915.0,253851.0,254089.0,253630.0,253096.0,254057.0,254597.0,255193.0,255720.0,253725.0,251685.0,248610.0
232555.0,233722.0,236388.0,237892.0,238027.0,236524.0,234575.0,233408.0,233510.0,235816.0,237325.0,238363.0,237468.0,234829.0,233058.0,231938.0
256123.0,262709.0,264075.0,263793.0,265081.0,269597.0,272931.0,274321.0,274489.0,271308.0,272311.0,271315.0,267483.0,264044.0,264387.0,259057.0
250529.0,253063.0,252974.0,253688.0,253906.0,252674.0,252658.0,254947.0,254534.0,255919.0,253501.0,253094.0,254210.0,254244.0,253974.0,252167.0
252280.0,255229.0,255200.0,259504.0,260754.0,262912.0,260882.0,261309.0,259649.0,261174.0,258560.0,259052.0,258566.0,257924.0,255780.0,254721.0
251820.0,253201.0,254868.0,259073.0,261754.0,265210.0,266975.0,270433.0,270813.0,271388.0,269588.0,268352.0,262937.0,260037.0,257181.0,255124.0
234642.0,236249.0,236299.0,237343.0,238117.0,237218.0,236372.0,235057.0,237828.0,236579.0,237208.0,238375.0,237494.0,236590.0,236657.0,237754.0
256551.0,257683.0,259261.0,259643.0,260784.0,258346.0,259615.0,260104.0,262691.0,262390.0,261548.0,260680.0,260024.0,260069.0,259108.0,259335.0
244725.0,246581.0,248423.0,248925.0,249786.0,250753.0,249105.0,249281.0,250569.0,248802.0,247908.0,247761.0,245425.0,246045.0,245157.0,245292.0
238037.0,240183.0,241807.0,242262.0,243084.0,243364.0,242501.0,241329.0,241893.0,239928.0,241272.0,241075.0,242902.0,242788.0,241691.0,239152.0
226230.0,230102.0,234361.0,239799.0,242548.0,243513.0,245527.0,244913.0,245535.0,243736.0,245892.0,244580.0,241963.0,238615.0,233136.0,230524.0
231287.0,233460.0,234693.0,237764.0,240806.0,243309.0,245009.0,248833.0,246276.0,246793.0,245141.0,241883.0,240379.0,235830.0,232455.0,232884.0
251502.0,253161.0,253217.0,254805.0,255992.0,252731.0,253899.0,252551.0,252949.0,252799.0,253400.0,254293.0,255156.0,253490.0,254015.0,253888.0
243816.0,246249.0,245658.0,247830.0,248145.0,249687.0,249962.0,250653.0,251311.0,250191.0,249515.0,250787.0,249536.0,249146.0,247615.0,246171.0
252705.0,255101.0,256409.0,258432.0,260596.0,260446.0,260259.0,259173.0,260629.0,257877.0,259038.0,258931.0,257263.0,256508.0,255171.0,255096.0
234499.0,235025.0,235832.0,236378.0,235807.0,237290.0,237317.0,237209.0,237577.0,237503.0,238538.0,237610.0,237183.0,236953.0,236639.0,236306.0
258191.0,259892.0,259596.0,260265.0,260779.0,260682.0,260960.0,259559.0,260789.0,260066.0,260935.0,262025.0,261394.0,260206.0,259794.0,260595.0
233805.0,235940.0,239321.0,240439.0,240292.0,240337.0,240495.0,242853.0,243567.0,245014.0,240260.0,238501.0,237655.0,240046.0,239621.0,235246.0
256669.0,259813.0,261480.0,263743.0,266396.0,269609.0,272166.0,271543.0,272753.0,271199.0,268976.0,267723.0,264690.0,264348.0,260910.0,259662.0
254860.0,255174.0,258150.0,260138.0,261347.0,262969.0,262174.0,262535.0,264815.0,267585.0,265531.0,264702.0,264044.0,264038.0,262359.0,257307.0
247423.0,249894.0,250228.0,250552.0,251982.0,254376.0,254527.0,253175.0,254263.0,254993.0,254330.0,253277.0,253486.0,252422.0,251117.0,249749.0
248213.0,249803.0,251460.0,251513.0,250250.0,253346.0,255892.0,255564.0,254696.0,256331.0,256879.0,256048.0,254411.0,254300.0,252253.0,249971.0
251796.0,255297.0,257966.0,260434.0,263317.0,266904.0,267715.0,265962.0,265994.0,266357.0,266094.0,264698.0,265859.0,265110.0,262481.0,255572.0
240066.0,242614.0,243759.0,246285.0,245382.0,243927.0,244925.0,247244.0,250194.0,248564.0,246110.0,244230.0,245012.0,245623.0,245063.0,243200.0
254887.0,256748.0,260027.0,260506.0,260118.0,261609.0,262465.0,262562.0,261433.0,261278.0,260750.0,260628.0,258857.0,256799.0,256741.0,255848.0
226948.0,229610.0,235220.0,237211.0,237023.0,234894.0,231853.0,229896.0,229517.0,229169.0,232843.0,235796.0,237342.0,235593.0,232034.0,228555.0
234655.0,234909.0,236035.0,236733.0,235625.0,235922.0,236031.0,238097.0,238235.0,236936.0,237994.0,235376.0,236556.0,236780.0,235998.0,236352.0
251586.0,251654.0,252023.0,254959.0,256222.0,258730.0,259914.0,261953.0,262918.0,263745.0,262345.0,260125.0,258384.0,257896.0,255480.0,254322.0
250154.0,253107.0,255803.0,260838.0,263060.0,264548.0,266834.0,269073.0,268970.0,269426.0,268274.0,269127.0,265974.0,263145.0,258793.0,254814.0
237627.0,239229.0,242556.0,246628.0,247754.0,249360.0,252210.0,254702.0,253456.0,252006.0,249738.0,248537.0,246303.0,242017.0,239802.0,238531.0
227439.0,228596.0,229233.0,227602.0,228143.0,227887.0,228321.0,228197.0,228184.0,228584.0,229946.0,230724.0,228838.0,228525.0,228531.0,228120.0
235867.0,237702.0,237708.0,237589.0,237988.0,237838.0,238106.0,239355.0,237778.0,238750.0,238451.0,237199.0,237843.0,236816.0,237115.0,237107.0
261531.0,264568.0,262665.0,265325.0,264378.0,265169.0,264064.0,263359.0,264041.0,263941.0,262929.0,265779.0,264508.0,265109.0,263468.0,264810.0
218776.0,220817.0,223331.0,224207.0,223828.0,225159.0,227199.0,228420.0,228026.0,226908.0,225309.0,223728.0,223156.0,221522.0,219079.0,218151.0
251149.0,255090.0,257687.0,257456.0,257006.0,258968.0,259830.0,258310.0,257829.0,256522.0,259027.0,260186.0,257938.0,259787.0,258948.0,255689.0
255196.0,256470.0,260785.0,265056.0,270054.0,273525.0,274848.0,275375.0,277627.0,279195.0,280020.0,280310.0,277460.0,271845.0,264838.0,258292.0
244422.0,245809.0,246826.0,248545.0,247532.0,247913.0,248966.0,249743.0,248228.0,247733.0,247566.0,247041.0,246376.0,247756.0,247998.0,245598.0
233904.0,234936.0,236031.0,236855.0,237031.0,238719.0,238785.0,238754.0,236969.0,237469.0,237415.0,237398.0,236649.0,237280.0,237042.0,236463.0
250368.0,251613.0,253321.0,252645.0,252615.0,254778.0,255820.0,255917.0,254656.0,255413.0,256780.0,254892.0,253894.0,252323.0,253564.0,251129.0
230874.0,235293.0,234895.0,233618.0,234146.0,235325.0,234494.0,235665.0,234933.0,234526.0,234730.0,236093.0,234189.0,237091.0,235781.0,233633.0
242611.0,245262.0,245398.0,245587.0,245751.0,245500.0,245673.0,245480.0,245463.0,245596.0,244412.0,246446.0,244388.0,244601.0,244228.0,243476.0
265425.0,269999.0,269254.0,272109.0,276911.0,279002.0,281074.0,279837.0,280871.0,281904.0,279536.0,277976.0,275574.0,271250.0,271359.0,268303.0
232758.0,233017.0,234144.0,236100.0,238980.0,242894.0,244725.0,246599.0,247356.0,247181.0,245989.0,243276.0,239580.0,237171.0,234846.0,234120.0
254115.0,255676.0,256190.0,256608.0,256592.0,257706.0,258116.0,259147.0,260318.0,260846.0,260091.0,260691.0,259293.0,258154.0,256497.0,255504.0
239841.0,240565.0,242433.0,244396.0,244211.0,243442.0,245252.0,244597.0,246015.0,244779.0,243906.0,244935.0,243522.0,243979.0,243342.0,241441.0
226816.0,228777.0,232191.0,237332.0,240898.0,243632.0,244840.0,245055.0,243924.0,244379.0,245655.0,245327.0,241228.0,239465.0,235262.0,231675.0
242186.0,242197.0,243116.0,244796.0,244535.0,243008.0,242793.0,243330.0,245061.0,245574.0,245497.0,244991.0,244344.0,244016.0,244362.0,243010.0
235584.0,238108.0,238218.0,237118.0,238453.0,237467.0,236434.0,238195.0,237388.0,237876.0,237634.0,236650.0,237873.0,236559.0,237428.0,237279.0
237219.0,239737.0,243015.0,244627.0,244432.0,241882.0,241845.0,243154.0,245175.0,244484.0,243538.0,241693.0,244727.0,245824.0,243513.0,239583.0
269274.0,270057.0,270789.0,273231.0,273577.0,274442.0,274042.0,274305.0,273676.0,273035.0,274057.0,273614.0,273915.0,271912.0,272194.0,269576.0
251358.0,253865.0,254321.0,254484.0,255100.0,253957.0,255631.0,255729.0,255872.0,253292.0,254828.0,254634.0,253991.0,254160.0,252877.0,253965.0
242639.0,244765.0,248816.0,249272.0,250516.0,249675.0,253371.0,254699.0,256211.0,254097.0,251763.0,250338.0,250550.0,250714.0,248590.0,245672.0
241032.0,242596.0,241645.0,243140.0,241818.0,241839.0,243406.0,241410.0,242663.0,243958.0,240076.0,244373.0,243490.0,241220.0,243765.0,241239.0
247920.0,251165.0,251867.0,256022.0,255175.0,259926.0,256520.0,258906.0,258138.0,258829.0,258138.0,262566.0,260831.0,260299.0,256405.0,253973.0
248702.0,250519.0,252269.0,256556.0,258044.0,258795.0,257512.0,258487.0,257922.0,258847.0,257681.0,258159.0,255029.0,253825.0,251417.0,249216.0
252302.0,252019.0,252289.0,254948.0,255197.0,255566.0,254254.0,254717.0,253658.0,254439.0,255336.0,253953.0,252832.0,252682.0,251392.0,252406.0
253219.0,253120.0,255360.0,257644.0,259319.0,260236.0,263038.0,264311.0,265695.0,263417.0,262360.0,261499.0,260102.0,256876.0,254737.0,254723.0
238425.0,240893.0,240659.0,243816.0,246690.0,246581.0,246244.0,246888.0,243963.0,245925.0,245706.0,245689.0,246592.0,243785.0,243875.0,244141.0
