222153.0,225434.0,229657.0,233382.0,233831.0,231180.0,229916.0,228600.0,228372.0,229038.0,230657.0,231616.0,231426.0,230538.0,227360.0,223688.0
210111.0,212144.0,214583.0,217435.0,218814.0,218375.0,220836.0,220353.0,221393.0,223293.0,222480.0,220117.0,217547.0,217793.0,217460.0,213336.0
220418.0,224405.0,224730.0,223552.0,225836.0,227996.0,228303.0,228197.0,228093.0,228212.0,228960.0,225217.0,228500.0,227583.0,226283.0,224007.0
231794.0,235372.0,236373.0,235630.0,236496.0,237649.0,238450.0,239357.0,239284.0,237822.0,239143.0,239369.0,237578.0,236397.0,234510.0,232590.0
210440.0,211951.0,213109.0,212608.0,213287.0,212881.0,214335.0,214532.0,214419.0,214075.0,214391.0,213741.0,213184.0,213131.0,212527.0,212365.0
217534.0,223295.0,222485.0,222649.0,223673.0,222935.0,221617.0,223391.0,225043.0,223367.0,222742.0,221089.0,222500.0,224802.0,225597.0,220647.0
211844.0,213898.0,214335.0,217275.0,220338.0,222201.0,222278.0,224099.0,226424.0,225718.0,226000.0,222763.0,221540.0,218657.0,215377.0,213269.0
225935.0,226286.0,228413.0,230145.0,230980.0,233413.0,235147.0,234877.0,233886.0,234663.0,236159.0,235910.0,233668.0,231324.0,228592.0,226462.0
214228.0,214685.0,216264.0,216643.0,219339.0,220091.0,219584.0,219579.0,219022.0,218628.0,218750.0,219557.0,219191.0,217519.0,216282.0,215068.0
220532.0,221949.0,223518.0,225146.0,224870.0,224206.0,225717.0,225826.0,225950.0,225857.0,225480.0,223814.0,223296.0,224176.0,223565.0,221714.0
202645.0,202721.0,205392.0,204597.0,204518.0,205178.0,204779.0,204698.0,206236.0,205244.0,203610.0,202843.0,204092.0,202811.0,204118.0,203140.0
213311.0,215118.0,217039.0,218703.0,219909.0,219914.0,220127.0,221098.0,219178.0,219402.0,218674.0,216035.0,215821.0,215542.0,216659.0,216270.0
208204.0,209904.0,212668.0,212026.0,214512.0,215049.0,215560.0,217529.0,218768.0,216582.0,214038.0,215002.0,214730.0,213643.0,211504.0,211161.0
229711.0,231247.0,231657.0,232257.0,233113.0,233625.0,234177.0,234726.0,236151.0,235048.0,236465.0,235633.0,233506.0,232898.0,231768.0,230602.0
209513.0,209658.0,210479.0,211019.0,212062.0,213160.0,212929.0,212353.0,213037.0,212129.0,212058.0,212298.0,210743.0,211126.0,210319.0,209753.0
211422.0,212510.0,214704.0,215956.0,217424.0,219593.0,221737.0,222154.0,221477.0,222308.0,223321.0,222068.0,220513.0,218808.0,217329.0,214790.0
225487.0,227661.0,227889.0,227690.0,228227.0,228428.0,227766.0,229575.0,228664.0,228015.0,227882.0,226997.0,227639.0,227617.0,225863.0,227268.0
229391.0,229659.0,231696.0,232682.0,233896.0,234421.0,233788.0,233670.0,233857.0,231743.0,232619.0,232285.0,233345.0,233451.0,232227.0,230034.0
221678.0,223172.0,224452.0,223136.0,223444.0,223739.0,222291.0,223459.0,224359.0,224914.0,224035.0,222747.0,222930.0,223588.0,223451.0,222845.0
214374.0,214769.0,214450.0,215639.0,214954.0,214493.0,215206.0,216010.0,214477.0,214440.0,214454.0,215468.0,215330.0,216239.0,214600.0,214577.0
202520.0,201842.0,203720.0,205510.0,207739.0,209971.0,211391.0,212706.0,213732.0,214847.0,211854.0,210194.0,206721.0,204990.0,203509.0,203154.0
196678.0,197863.0,198144.0,199618.0,201304.0,203632.0,205945.0,206442.0,208036.0,208629.0,208540.0,207449.0,206026.0,202069.0,201279.0,199234.0
217459.0,218324.0,219247.0,219809.0,221046.0,221391.0,224010.0,223741.0,224089.0,224409.0,223441.0,224740.0,221835.0,219699.0,218979.0,218019.0
202047.0,202680.0,203521.0,205228.0,206068.0,204084.0,203602.0,202704.0,201744.0,204067.0,204268.0,206789.0,205915.0,204333.0,204693.0,202481.0
219254.0,218956.0,220727.0,222300.0,225677.0,231122.0,235036.0,236821.0,237153.0,238105.0,235818.0,231023.0,229685.0,226637.0,224248.0,221610.0
213505.0,218247.0,218713.0,217911.0,218021.0,218748.0,218221.0,216294.0,218540.0,218555.0,219145.0,219114.0,219425.0,219030.0,218992.0,217431.0
215667.0,217172.0,217672.0,217854.0,217955.0,217619.0,218753.0,216665.0,216461.0,216177.0,217709.0,218548.0,217658.0,218607.0,218767.0,217940.0
214931.0,214788.0,213982.0,215012.0,216612.0,217205.0,217822.0,216375.0,214568.0,214128.0,214151.0,215346.0,216625.0,217342.0,217738.0,216323.0
209093.0,208243.0,209540.0,208337.0,207695.0,208397.0,208592.0,208042.0,207918.0,209789.0,207786.0,209065.0,209229.0,208926.0,209263.0,208773.0
218058.0,219373.0,219804.0,219974.0,219774.0,217817.0,218813.0,220578.0,223257.0,223320.0,222210.0,220961.0,221193.0,221820.0,219995.0,219425.0
228010.0,229292.0,230645.0,229878.0,230564.0,229723.0,229584.0,229538.0,228803.0,229774.0,229202.0,229288.0,230049.0,230996.0,230767.0,230127.0
210886.0,212129.0,213912.0,215546.0,213462.0,213530.0,212789.0,214443.0,215005.0,213435.0,212626.0,211650.0,213234.0,213258.0,212959.0,210960.0
208928.0,211070.0,210753.0,211386.0,211168.0,210982.0,211451.0,211112.0,210904.0,211662.0,209371.0,212540.0,210431.0,210505.0,210082.0,210343.0
215755.0,216789.0,219138.0,219680.0,219954.0,220802.0,223192.0,223336.0,222665.0,223261.0,223320.0,221758.0,219648.0,219106.0,218968.0,217636.0
216125.0,217793.0,221073.0,222190.0,223513.0,228626.0,230692.0,231774.0,235405.0,235354.0,234061.0,231624.0,225177.0,223285.0,223026.0,219290.0
220641.0,225845.0,224833.0,224417.0,225020.0,223705.0,223369.0,224533.0,223892.0,223689.0,226318.0,223453.0,223814.0,222888.0,221765.0,224642.0
211187.0,212853.0,213397.0,214264.0,214599.0,214645.0,213764.0,213776.0,212868.0,213850.0,214010.0,214034.0,213971.0,213583.0,212756.0,213191.0
207910.0,210452.0,212711.0,216704.0,218895.0,218254.0,215193.0,213224.0,213259.0,214756.0,217658.0,219103.0,218715.0,216616.0,214167.0,210057.0
198849.0,201526.0,199918.0,200401.0,200449.0,200142.0,203307.0,201759.0,203474.0,205312.0,205595.0,204833.0,204296.0,203132.0,201800.0,200983.0
221450.0,223497.0,223577.0,224488.0,226387.0,226626.0,225663.0,226127.0,226574.0,227334.0,226291.0,224355.0,224802.0,226121.0,224882.0,223074.0
217521.0,218484.0,221199.0,223489.0,224119.0,222901.0,224033.0,224639.0,224911.0,225900.0,224930.0,224245.0,224715.0,223072.0,223160.0,220750.0
210265.0,212386.0,212462.0,212591.0,212291.0,212115.0,212187.0,211957.0,211139.0,211203.0,210976.0,212089.0,211827.0,212083.0,211813.0,210848.0
217005.0,219249.0,220997.0,222550.0,222186.0,222568.0,224528.0,225401.0,225448.0,224901.0,222777.0,221068.0,221643.0,220836.0,218953.0,217844.0
207694.0,209887.0,212531.0,211224.0,213570.0,212361.0,211026.0,209828.0,209449.0,210033.0,213419.0,212517.0,212331.0,213897.0,211264.0,210045.0
205388.0,206299.0,207662.0,208725.0,209421.0,210481.0,212201.0,213614.0,213612.0,212575.0,211275.0,210087.0,209297.0,209244.0,206875.0,205496.0
218625.0,219901.0,221619.0,223074.0,224134.0,224686.0,223737.0,223396.0,222836.0,223480.0,223549.0,224567.0,225575.0,223654.0,222122.0,220011.0
232612.0,233858.0,234888.0,236357.0,238594.0,236290.0,237615.0,240683.0,240955.0,239933.0,239133.0,238816.0,238570.0,236054.0,233988.0,234528.0
207486.0,209785.0,213706.0,212268.0,213122.0,213780.0,211911.0,211017.0,212376.0,208950.0,209967.0,214430.0,213965.0,212530.0,213187.0,212184.0
217869.0,217826.0,219291.0,220538.0,220538.0,220230.0,220923.0,221077.0,219266.0,219428.0,219489.0,219299.0,219721.0,219163.0,218899.0,217659.0
223140.0,223319.0,225770.0,227949.0,229888.0,230642.0,230122.0,230386.0,231535.0,231287.0,230862.0,227244.0,227981.0,229432.0,228654.0,225645.0
209952.0,211617.0,212011.0,213055.0,212709.0,212779.0,213565.0,214527.0,215471.0,214155.0,213592.0,212990.0,213461.0,213763.0,212791.0,211674.0
215938.0,215807.0,217646.0,217405.0,217270.0,217241.0,218208.0,215320.0,215600.0,216200.0,216456.0,217296.0,218247.0,217095.0,217675.0,216482.0
210772.0,213859.0,217691.0,219802.0,221645.0,223610.0,225805.0,226735.0,225647.0,222327.0,220663.0,220331.0,218475.0,216141.0,214188.0,212479.0
215120.0,219041.0,220247.0,220169.0,223084.0,222264.0,219736.0,217850.0,217934.0,218420.0,219503.0,221265.0,222133.0,221090.0,221497.0,219423.0
224521.0,226549.0,227193.0,227396.0,227849.0,230119.0,230542.0,228921.0,229168.0,228651.0,229634.0,227230.0,227270.0,227233.0,225847.0,226149.0
223724.0,225567.0,223844.0,224957.0,227293.0,226355.0,229512.0,230727.0,229876.0,232207.0,231759.0,230127.0,230326.0,228072.0,227958.0,226024.0
199347.0,200614.0,202853.0,203967.0,204581.0,204891.0,205545.0,205858.0,206441.0,205628.0,206403.0,203835.0,202855.0,203871.0,202291.0,201924.0
212894.0,214802.0,216927.0,216472.0,217257.0,217069.0,216110.0,216437.0,215856.0,217637.0,217553.0,218667.0,217606.0,215880.0,214306.0,214355.0
222378.0,222472.0,224274.0,224839.0,226889.0,228761.0,228643.0,228934.0,227744.0,228404.0,227968.0,226542.0,228111.0,226376.0,224956.0,224685.0
207671.0,209343.0,210256.0,210074.0,209221.0,210582.0,210443.0,210073.0,209883.0,209833.0,210743.0,209785.0,210170.0,210447.0,210539.0,209201.0
203546.0,205697.0,209684.0,212762.0,214160.0,211666.0,209760.0,206254.0,205062.0,206220.0,208632.0,212394.0,213759.0,213499.0,209971.0,205676.0
223522.0,225083.0,225626.0,230011.0,233414.0,237196.0,238939.0,239414.0,242211.0,239545.0,239241.0,238254.0,235758.0,232759.0,229203.0,226576.0
210037.0,211943.0,213012.0,214246.0,215784.0,216511.0,216962.0,217531.0,217663.0,217155.0,216569.0,213935.0,214669.0,212568.0,211670.0,212513.0
206597.0,207189.0,207975.0,209354.0,210849.0,211516.0,209235.0,208640.0,208966.0,207496.0,208981.0,212080.0,210511.0,210365.0,210634.0,207772.0
221347.0,222719.0,222545.0,223631.0,224432.0,224133.0,223622.0,223815.0,224401.0,223829.0,222946.0,223273.0,222782.0,223024.0,223461.0,223324.0
203075.0,204046.0,204182.0,204150.0,204560.0,204263.0,205359.0,204801.0,204366.0,204923.0,205272.0,205453.0,205422.0,205841.0,205010.0,204477.0
218654.0,220118.0,219266.0,219952.0,220266.0,218963.0,219857.0,219477.0,218805.0,219117.0,218351.0,218155.0,218915.0,218166.0,219090.0,219088.0
198871.0,200573.0,200327.0,200093.0,201953.0,201562.0,199304.0,200839.0,201386.0,199103.0,199931.0,200463.0,199232.0,198254.0,200353.0,199532.0
217236.0,218202.0,219790.0,220471.0,220272.0,219126.0,220868.0,220976.0,220642.0,220187.0,218962.0,219064.0,219946.0,220299.0,218081.0,217294.0
233227.0,233221.0,233606.0,235612.0,236767.0,237687.0,238859.0,239661.0,239565.0,239974.0,239725.0,238159.0,237454.0,236726.0,235589.0,234888.0
209487.0,210038.0,212709.0,214836.0,217008.0,219058.0,219322.0,224006.0,225783.0,227056.0,225497.0,224991.0,222199.0,217958.0,217904.0,212640.0
199398.0,200403.0,199809.0,201191.0,201054.0,200663.0,200805.0,201462.0,201122.0,200318.0,200111.0,200160.0,199523.0,199481.0,198816.0,200512.0
231957.0,234801.0,234867.0,234951.0,236340.0,234304.0,237742.0,238242.0,237305.0,240708.0,240172.0,237803.0,237830.0,234723.0,234929.0,234752.0
208579.0,210170.0,211069.0,210261.0,212181.0,212623.0,211665.0,212712.0,211708.0,211336.0,210778.0,210987.0,209012.0,207817.0,209200.0,209422.0
211415.0,212531.0,213941.0,213858.0,213747.0,213815.0,213895.0,213912.0,214235.0,212328.0,211480.0,212884.0,214139.0,213998.0,213516.0,213478.0
221337.0,223306.0,225873.0,225099.0,225410.0,228454.0,228768.0,228776.0,231450.0,229375.0,228138.0,227738.0,226925.0,224861.0,224713.0,224381.0
203405.0,205178.0,206015.0,206587.0,208220.0,208734.0,208551.0,209154.0,210321.0,209379.0,208569.0,209917.0,208369.0,207494.0,206425.0,204084.0
204990.0,206943.0,206402.0,207502.0,206784.0,206986.0,206794.0,206860.0,208743.0,206580.0,208085.0,207574.0,207776.0,207672.0,208500.0,207645.0
209336.0,211978.0,212535.0,213593.0,213566.0,215654.0,213144.0,212339.0,213661.0,213388.0,214298.0,215346.0,214573.0,213797.0,212203.0,210701.0
228957.0,230069.0,230228.0,231441.0,231293.0,233016.0,234397.0,235077.0,234430.0,233066.0,232335.0,231533.0,230394.0,230017.0,230247.0,230370.0
200469.0,201382.0,203279.0,202288.0,202169.0,203265.0,203746.0,202405.0,202092.0,202638.0,203213.0,202189.0,202203.0,203052.0,202759.0,201995.0
224007.0,224556.0,224931.0,226099.0,227104.0,225662.0,225131.0,223886.0,223242.0,223500.0,226116.0,225612.0,225683.0,226597.0,226744.0,225540.0
208325.0,209960.0,211319.0,211937.0,214539.0,215495.0,218635.0,218636.0,218387.0,217614.0,216918.0,216768.0,213263.0,211471.0,208456.0,208765.0
220157.0,221371.0,223536.0,223576.0,222898.0,223037.0,224541.0,225672.0,225686.0,224814.0,222678.0,222581.0,224205.0,224531.0,223399.0,221698.0
214214.0,216004.0,216647.0,217670.0,216216.0,215725.0,216241.0,215464.0,216437.0,216148.0,216350.0,217384.0,218053.0,217599.0,216806.0,215618.0
220349.0,220139.0,219307.0,221684.0,221282.0,221853.0,220946.0,221054.0,221038.0,219798.0,220512.0,221077.0,220813.0,222538.0,221913.0,222249.0
214371.0,215505.0,218077.0,219142.0,221809.0,220891.0,219961.0,219755.0,218866.0,218472.0,219408.0,220374.0,221509.0,220245.0,218425.0,215666.0
210644.0,211511.0,211693.0,212145.0,213831.0,214494.0,215623.0,217027.0,215360.0,216848.0,216711.0,214755.0,214818.0,213391.0,212370.0,211705.0
223608.0,224985.0,225873.0,225393.0,226459.0,227251.0,225657.0,226159.0,227804.0,227485.0,226106.0,226615.0,226614.0,226541.0,224460.0,224362.0
210367.0,212116.0,213887.0,212574.0,214340.0,213468.0,212640.0,213728.0,211707.0,212394.0,213508.0,213752.0,212145.0,212406.0,211786.0,210760.0
214013.0,215044.0,217338.0,217620.0,220921.0,220131.0,220061.0,219551.0,220554.0,219279.0,219337.0,219712.0,218536.0,217156.0,216718.0,215405.0
204770.0,205925.0,207826.0,209633.0,209610.0,208242.0,208119.0,207703.0,207130.0,207586.0,208693.0,209789.0,208844.0,208248.0,206956.0,205562.0
222035.0,221664.0,222409.0,222246.0,222617.0,222831.0,222415.0,222651.0,222019.0,222158.0,221670.0,221637.0,221236.0,222508.0,222357.0,222331.0
199820.0,201356.0,204348.0,207882.0,207408.0,208027.0,208355.0,208607.0,208478.0,208938.0,209288.0,209232.0,207860.0,206639.0,204633.0,201289.0
209197.0,209244.0,210685.0,210827.0,210957.0,211537.0,212898.0,213706.0,213696.0,213587.0,212787.0,213530.0,212474.0,212368.0,211290.0,210769.0
221967.0,226781.0,228176.0,233390.0,237546.0,238576.0,237312.0,233151.0,231638.0,230003.0,231968.0,235684.0,235747.0,231073.0,228905.0,224043.0
210252.0,213713.0,213747.0,212727.0,214569.0,214462.0,214063.0,214161.0,214941.0,212153.0,214338.0,215265.0,214014.0,212284.0,214232.0,212823.0
203350.0,206161.0,208863.0,209707.0,211853.0,212919.0,214384.0,215374.0,213845.0,213806.0,211916.0,210134.0,210760.0,206306.0,205605.0,205593.0
211956.0,215046.0,217073.0,218400.0,217755.0,219548.0,220377.0,221997.0,221569.0,220255.0,220670.0,220205.0,220123.0,217504.0,215420.0,212260.0
217400.0,221082.0,223797.0,226876.0,228224.0,229958.0,233540.0,235978.0,237782.0,236780.0,234228.0,232027.0,228756.0,225536.0,221501.0,217919.0
208843.0,211221.0,214467.0,214841.0,214984.0,214018.0,212215.0,212836.0,214450.0,213639.0,212021.0,212492.0,214033.0,214262.0,214831.0,211871.0
222982.0,224544.0,227992.0,232067.0,234002.0,232186.0,230445.0,230587.0,229456.0,228011.0,227856.0,229161.0,230369.0,229224.0,228016.0,225038.0
202890.0,204069.0,204748.0,206972.0,208911.0,211634.0,214890.0,216526.0,218916.0,219328.0,219343.0,217344.0,214212.0,210940.0,207063.0,204206.0
210410.0,211473.0,213124.0,213969.0,216390.0,218740.0,219600.0,221435.0,222743.0,221617.0,221118.0,219187.0,216498.0,214735.0,214159.0,211402.0
192811.0,194375.0,196085.0,196402.0,195391.0,194945.0,195303.0,194786.0,195785.0,194294.0,193127.0,194288.0,195070.0,195778.0,195066.0,193914.0
221157.0,220256.0,221319.0,223017.0,222008.0,220539.0,222969.0,220364.0,221372.0,221314.0,221371.0,221093.0,220414.0,220768.0,220904.0,220319.0
208695.0,209445.0,212895.0,213985.0,214458.0,215803.0,215627.0,215562.0,214016.0,213890.0,215801.0,215669.0,214299.0,213696.0,212477.0,210062.0
228376.0,228277.0,230925.0,231711.0,236132.0,237245.0,239276.0,241245.0,240846.0,240040.0,239146.0,238401.0,235628.0,233340.0,230994.0,229514.0
219716.0,221078.0,222290.0,222752.0,223184.0,223398.0,223481.0,223117.0,223648.0,224133.0,225077.0,223589.0,223295.0,223687.0,222598.0,221541.0
216129.0,217079.0,220540.0,222117.0,220314.0,219174.0,219868.0,222321.0,223038.0,222185.0,220650.0,220116.0,221468.0,220821.0,221100.0,218820.0
218682.0,218715.0,218903.0,218647.0,218999.0,219721.0,220266.0,221069.0,220416.0,220452.0,220235.0,220470.0,220195.0,220130.0,218580.0,219176.0
234197.0,233545.0,235227.0,235231.0,236248.0,235477.0,236224.0,236253.0,237084.0,236897.0,236975.0,236852.0,237209.0,236164.0,235735.0,234840.0
219727.0,221050.0,222336.0,223769.0,223821.0,225500.0,224668.0,225190.0,225307.0,226068.0,226988.0,226323.0,225279.0,223262.0,222234.0,220578.0
211640.0,212802.0,212601.0,214825.0,215206.0,216360.0,217282.0,216183.0,217724.0,215661.0,215607.0,215289.0,214439.0,214232.0,212993.0,212170.0
242420.0,241930.0,242702.0,243484.0,246043.0,247414.0,247910.0,249589.0,250121.0,251486.0,249398.0,247865.0,248895.0,245635.0,242493.0,243807.0
215768.0,218668.0,219761.0,220515.0,219857.0,219432.0,217876.0,216321.0,219543.0,219167.0,219561.0,219660.0,220662.0,219754.0,218592.0,218829.0
219921.0,221186.0,226821.0,226074.0,224193.0,224376.0,224885.0,226228.0,228236.0,226246.0,223301.0,222169.0,223043.0,227332.0,226771.0,222194.0
224589.0,226583.0,228237.0,228681.0,231473.0,231713.0,232713.0,235080.0,235239.0,233563.0,231347.0,231156.0,229180.0,228254.0,227646.0,225410.0
211821.0,212659.0,214161.0,214945.0,215714.0,215874.0,214663.0,213640.0,214038.0,213709.0,213551.0,214948.0,215855.0,214320.0,214165.0,213857.0
212831.0,214191.0,215480.0,217605.0,218291.0,219918.0,219651.0,220090.0,219166.0,219579.0,220568.0,220843.0,220746.0,218912.0,216608.0,214285.0
215569.0,218610.0,218825.0,221039.0,220248.0,222549.0,225487.0,225447.0,225857.0,226503.0,224764.0,221924.0,221769.0,220566.0,220097.0,216722.0
209453.0,209017.0,210973.0,211916.0,212214.0,216710.0,219430.0,221928.0,222145.0,222791.0,222569.0,221330.0,219206.0,216164.0,214458.0,211392.0
218069.0,217520.0,218866.0,218168.0,218809.0,219739.0,220884.0,221035.0,219724.0,219586.0,219666.0,219266.0,220038.0,219627.0,219188.0,218951.0
202860.0,202310.0,203690.0,204870.0,204723.0,205720.0,205615.0,204243.0,205198.0,204136.0,203574.0,203745.0,203463.0,205150.0,204752.0,202521.0
208065.0,211263.0,212999.0,213605.0,212140.0,211142.0,213093.0,213856.0,213406.0,212482.0,209485.0,209334.0,210325.0,211270.0,211349.0,208946.0
227970.0,229423.0,230288.0,230792.0,232682.0,233231.0,234526.0,235312.0,236281.0,235767.0,235493.0,234244.0,231595.0,231591.0,230845.0,229896.0
210192.0,212940.0,212768.0,213621.0,213352.0,213211.0,213090.0,211703.0,211764.0,211030.0,212155.0,211501.0,212080.0,213374.0,210585.0,212890.0
201866.0,205362.0,204147.0,206078.0,209164.0,209872.0,210880.0,211756.0,210129.0,212420.0,210855.0,209596.0,209736.0,207666.0,207531.0,205134.0
226895.0,227463.0,227164.0,227724.0,228629.0,227657.0,227603.0,227672.0,227763.0,228578.0,228893.0,228146.0,229016.0,227845.0,226851.0,225925.0
200599.0,203065.0,205729.0,207004.0,207372.0,206640.0,205801.0,204542.0,205072.0,205939.0,206083.0,205681.0,207963.0,206237.0,204445.0,204982.0
223567.0,225757.0,226335.0,226654.0,226956.0,226952.0,227761.0,227964.0,226627.0,226912.0,227593.0,226573.0,226202.0,226411.0,226935.0,226113.0
212493.0,216332.0,217111.0,218756.0,218993.0,219980.0,219238.0,222529.0,222310.0,222488.0,219898.0,219737.0,217898.0,218049.0,217462.0,216142.0
219506.0,220188.0,220938.0,223652.0,225980.0,230858.0,230428.0,232288.0,231792.0,231657.0,230886.0,230350.0,229059.0,226476.0,223569.0,221893.0
189414.0,191685.0,193163.0,195191.0,195898.0,196150.0,197606.0,197973.0,196186.0,196540.0,196213.0,195996.0,196578.0,194879.0,193614.0,190834.0
218307.0,220676.0,225717.0,227578.0,227635.0,229739.0,231105.0,234849.0,237457.0,235172.0,235050.0,234536.0,229645.0,227365.0,226934.0,222335.0
205479.0,206417.0,206860.0,207047.0,206894.0,207265.0,207236.0,207614.0,206006.0,206881.0,208121.0,207834.0,207818.0,205180.0,205887.0,205885.0
190371.0,193338.0,195873.0,197088.0,197943.0,198430.0,197296.0,196417.0,196959.0,197122.0,198915.0,200460.0,198798.0,197555.0,195571.0,191410.0
204475.0,204866.0,207999.0,209744.0,212176.0,213538.0,214592.0,215532.0,216509.0,217138.0,215665.0,212946.0,212506.0,209534.0,207416.0,206180.0
215004.0,217834.0,219404.0,218777.0,222177.0,224233.0,225079.0,224329.0,224649.0,226159.0,225356.0,222153.0,221575.0,220057.0,218554.0,217838.0
219514.0,220612.0,222333.0,222305.0,224415.0,224420.0,228506.0,229026.0,231437.0,230035.0,227689.0,226824.0,226767.0,226425.0,223181.0,220901.0
209780.0,211810.0,211010.0,210665.0,209877.0,211550.0,211123.0,212766.0,212424.0,212692.0,213046.0,213516.0,212240.0,212313.0,210851.0,210595.0
207658.0,208732.0,211016.0,209910.0,209841.0,209185.0,208993.0,211613.0,212288.0,210854.0,210368.0,209642.0,210013.0,211577.0,211119.0,209167.0
200884.0,203214.0,204031.0,202235.0,202069.0,202840.0,202394.0,202696.0,203924.0,202575.0,202973.0,203513.0,202896.0,202329.0,202295.0,202148.0
223244.0,225396.0,227189.0,228659.0,230386.0,231041.0,232223.0,231109.0,232817.0,234116.0,232689.0,235467.0,232880.0,228792.0,228678.0,225066.0
208198.0,209793.0,210921.0,212380.0,213959.0,212984.0,215568.0,214159.0,215666.0,213939.0,213600.0,212697.0,211810.0,213589.0,211004.0,211503.0
212447.0,213581.0,213532.0,214521.0,216315.0,215836.0,217342.0,217855.0,217497.0,218108.0,217825.0,217837.0,216695.0,216416.0,214884.0,214855.0
221731.0,225926.0,228532.0,234101.0,238605.0,242298.0,246637.0,248412.0,250588.0,247232.0,245313.0,242189.0,238062.0,233022.0,229347.0,224025.0
221325.0,224383.0,230095.0,236123.0,239587.0,241783.0,244314.0,244870.0,245033.0,242701.0,241653.0,240610.0,235316.0,229684.0,226165.0,222974.0
225680.0,228094.0,231242.0,235102.0,240309.0,243802.0,246255.0,245799.0,242936.0,240438.0,238464.0,237338.0,235022.0,234690.0,232030.0,228839.0
209778.0,210573.0,212197.0,211982.0,211199.0,212097.0,212228.0,211709.0,211537.0,212549.0,213182.0,212251.0,212324.0,212373.0,213229.0,210616.0
209350.0,211592.0,212076.0,212367.0,210733.0,211601.0,211403.0,213472.0,210531.0,212077.0,210509.0,210579.0,210249.0,210916.0,209876.0,211343.0
209583.0,211831.0,214401.0,216012.0,219868.0,225059.0,227419.0,227287.0,228198.0,227654.0,223679.0,221032.0,219119.0,215117.0,213554.0,212001.0
206338.0,208307.0,209590.0,210514.0,211933.0,214099.0,215101.0,213000.0,212631.0,213095.0,213141.0,214905.0,214836.0,212420.0,211603.0,208979.0
214099.0,217061.0,219969.0,222157.0,226077.0,228526.0,231461.0,232510.0,233050.0,232213.0,230575.0,225567.0,223369.0,220954.0,219297.0,216801.0
204388.0,206537.0,207855.0,208892.0,208033.0,208182.0,208454.0,208889.0,209783.0,209067.0,209654.0,208409.0,208479.0,208598.0,208712.0,206060.0
227510.0,228683.0,228504.0,229653.0,228868.0,229555.0,228589.0,228888.0,228902.0,228041.0,228261.0,228212.0,229535.0,230155.0,229088.0,228312.0
202238.0,204432.0,205793.0,207902.0,210157.0,209133.0,209809.0,210631.0,211238.0,211858.0,210833.0,210615.0,210668.0,207911.0,205613.0,203705.0
209819.0,214903.0,215657.0,213948.0,214875.0,215521.0,215123.0,215971.0,217152.0,214805.0,214966.0,215506.0,215079.0,214546.0,214787.0,213062.0
221492.0,222408.0,222788.0,221737.0,222550.0,223561.0,224386.0,224537.0,224465.0,225191.0,224117.0,224110.0,223509.0,222492.0,223165.0,221780.0
214717.0,215682.0,218173.0,218079.0,218948.0,218520.0,218295.0,218184.0,219515.0,218904.0,219537.0,219270.0,219160.0,217465.0,216317.0,214618.0
201095.0,206931.0,210531.0,214527.0,220272.0,223150.0,226836.0,228789.0,232095.0,227717.0,224335.0,221145.0,216734.0,212088.0,208756.0,204995.0
213852.0,215697.0,215715.0,216499.0,217251.0,216169.0,215980.0,215228.0,215048.0,214940.0,214257.0,214765.0,216093.0,217246.0,216506.0,217122.0
212745.0,213633.0,214607.0,215465.0,216923.0,216938.0,218736.0,218638.0,218823.0,218625.0,218806.0,218179.0,217417.0,216645.0,215121.0,213467.0
222049.0,223004.0,224012.0,223237.0,223742.0,224579.0,224195.0,224073.0,224856.0,225109.0,225406.0,225768.0,224342.0,223151.0,223466.0,223267.0
210037.0,211219.0,212841.0,215128.0,216781.0,220308.0,222152.0,223780.0,224221.0,222717.0,221381.0,219472.0,216612.0,216030.0,214015.0,210560.0
202657.0,203698.0,207205.0,208546.0,208716.0,209803.0,211666.0,211696.0,211820.0,212038.0,210841.0,210199.0,209276.0,206179.0,206716.0,203390.0
209270.0,211635.0,212432.0,212206.0,212964.0,211838.0,212368.0,215007.0,214747.0,214854.0,213344.0,211563.0,213612.0,213530.0,214591.0,211719.0
219763.0,220432.0,222430.0,224221.0,224574.0,223558.0,222390.0,224004.0,224157.0,222555.0,221873.0,222087.0,224290.0,225048.0,224427.0,221543.0
202864.0,202842.0,204745.0,206386.0,206541.0,206661.0,209339.0,209274.0,209425.0,209715.0,207804.0,207963.0,207871.0,207282.0,204464.0,202634.0
225050.0,226614.0,227065.0,227732.0,227567.0,226705.0,226682.0,227044.0,226810.0,226954.0,228589.0,228092.0,227883.0,228071.0,225242.0,225832.0
204716.0,205868.0,206087.0,207369.0,208590.0,211237.0,211332.0,212279.0,211270.0,211416.0,210026.0,210101.0,207970.0,207775.0,207242.0,206190.0
195810.0,197437.0,197188.0,198981.0,200156.0,201235.0,200126.0,199182.0,198742.0,197794.0,198567.0,199507.0,200662.0,199909.0,198523.0,197527.0
205871.0,206782.0,207298.0,207934.0,208139.0,208292.0,209227.0,209420.0,210861.0,210426.0,210801.0,209261.0,208206.0,208170.0,208180.0,208352.0
220638.0,221822.0,221709.0,221702.0,221695.0,221632.0,223376.0,221393.0,220866.0,221501.0,221195.0,221521.0,221066.0,221677.0,221141.0,221518.0
219984.0,222276.0,222323.0,223767.0,223986.0,223095.0,222341.0,220285.0,220869.0,222737.0,222762.0,223682.0,223892.0,223560.0,223021.0,220400.0
226469.0,226914.0,227624.0,229554.0,230395.0,229599.0,229915.0,227268.0,227247.0,227185.0,227420.0,228758.0,229346.0,230078.0,230369.0,228913.0
192182.0,193496.0,194650.0,192985.0,194711.0,195510.0,197585.0,196380.0,197773.0,198303.0,199557.0,197353.0,196830.0,195097.0,196624.0,193758.0
207704.0,209226.0,212143.0,213583.0,212583.0,212102.0,212111.0,212786.0,212017.0,212641.0,211109.0,211482.0,211302.0,211661.0,211603.0,208715.0
204085.0,206238.0,206099.0,206295.0,205331.0,205477.0,205294.0,205367.0,207033.0,205498.0,206361.0,205020.0,205846.0,206128.0,207133.0,206431.0
206483.0,207618.0,207586.0,207753.0,207973.0,208069.0,208980.0,209414.0,209607.0,210144.0,209209.0,209256.0,208105.0,208821.0,207361.0,208533.0
215799.0,216040.0,217415.0,218656.0,218530.0,217934.0,219238.0,219274.0,218833.0,220314.0,219668.0,218301.0,218803.0,216943.0,215748.0,215128.0
210532.0,211908.0,213454.0,211299.0,210270.0,210626.0,213871.0,212494.0,213120.0,212002.0,212933.0,212096.0,213748.0,213862.0,213050.0,210987.0
225194.0,227297.0,228867.0,230326.0,227724.0,228239.0,229064.0,229782.0,229778.0,229547.0,229222.0,227699.0,227621.0,229589.0,229937.0,228574.0
221269.0,221617.0,221188.0,224522.0,226764.0,229107.0,230729.0,232553.0,233182.0,234154.0,231070.0,230997.0,228621.0,226404.0,223990.0,222149.0
236840.0,237718.0,238265.0,240811.0,241085.0,241318.0,241013.0,241025.0,242024.0,241615.0,241763.0,242592.0,242347.0,240669.0,239615.0,237204.0
217159.0,221270.0,221693.0,222529.0,224690.0,226516.0,227056.0,227425.0,226508.0,225631.0,223383.0,220865.0,221969.0,222615.0,221962.0,219309.0
204360.0,207399.0,211564.0,213118.0,216201.0,220142.0,224695.0,223831.0,222745.0,222227.0,220236.0,216420.0,211244.0,209962.0,209817.0,206887.0
230020.0,232498.0,234926.0,237491.0,238797.0,238627.0,237569.0,238070.0,238435.0,237590.0,239181.0,236315.0,237780.0,234537.0,232690.0,232546.0
203337.0,204305.0,205734.0,205553.0,205306.0,203961.0,205056.0,206263.0,205073.0,205188.0,204895.0,204468.0,205267.0,204957.0,205890.0,205427.0
222110.0,222412.0,226090.0,227042.0,229101.0,230613.0,232252.0,232761.0,231614.0,232371.0,230578.0,229719.0,227618.0,227123.0,224703.0,221817.0
223266.0,222997.0,226257.0,225855.0,227644.0,225621.0,224276.0,225880.0,225026.0,225322.0,226050.0,225710.0,226839.0,226975.0,225490.0,225796.0
211498.0,212482.0,213593.0,214869.0,214788.0,214445.0,215758.0,213748.0,214704.0,213677.0,213890.0,216106.0,215672.0,214131.0,214313.0,214746.0
211794.0,213675.0,216397.0,217277.0,217549.0,219801.0,220145.0,221315.0,222117.0,221681.0,220300.0,218784.0,219292.0,216962.0,214907.0,214012.0
233320.0,234767.0,233882.0,233879.0,234450.0,234504.0,233751.0,234224.0,233691.0,233837.0,234678.0,234206.0,232895.0,234266.0,234534.0,232610.0
210000.0,212092.0,213760.0,213255.0,212668.0,213637.0,213469.0,213021.0,214168.0,212369.0,213909.0,215150.0,216232.0,214887.0,213488.0,212583.0
212179.0,211914.0,212946.0,212706.0,213587.0,213995.0,212333.0,212432.0,212365.0,212167.0,211594.0,213173.0,213231.0,212130.0,212681.0,211911.0
213431.0,214339.0,216436.0,217685.0,218868.0,219637.0,219659.0,219769.0,222506.0,222357.0,222071.0,219771.0,216916.0,216959.0,215318.0,214922.0
208945.0,210111.0,210996.0,210367.0,210995.0,211746.0,211724.0,211010.0,212934.0,211728.0,210597.0,210440.0,210745.0,211433.0,211532.0,211043.0
213781.0,215377.0,216106.0,219460.0,218858.0,219799.0,221158.0,219822.0,221067.0,219815.0,221216.0,220048.0,218396.0,218787.0,219530.0,218604.0
206789.0,207187.0,208755.0,209576.0,208914.0,208474.0,210750.0,211028.0,210397.0,209484.0,209471.0,209488.0,208337.0,207844.0,208009.0,207825.0
225369.0,225217.0,225370.0,227967.0,226057.0,226822.0,226872.0,227201.0,227903.0,228586.0,227698.0,226352.0,225634.0,226707.0,227712.0,224837.0
235349.0,235826.0,237910.0,238826.0,238898.0,239169.0,240745.0,242188.0,244756.0,245918.0,242833.0,241654.0,240349.0,239133.0,239196.0,237340.0
212459.0,213699.0,213936.0,215406.0,216375.0,216342.0,217108.0,217048.0,217746.0,217256.0,216748.0,217451.0,215354.0,213927.0,215032.0,214097.0
210946.0,213313.0,216038.0,217993.0,219380.0,217703.0,215807.0,213514.0,213737.0,216002.0,217557.0,218240.0,219120.0,218070.0,215454.0,212840.0
204764.0,206875.0,208271.0,208138.0,209266.0,211167.0,209900.0,212434.0,212367.0,210895.0,208673.0,209532.0,207021.0,207992.0,208503.0,206750.0
228588.0,230682.0,232267.0,230865.0,231267.0,231907.0,232948.0,234653.0,234502.0,233847.0,232371.0,231701.0,232740.0,233741.0,232670.0,229993.0
210244.0,211212.0,213945.0,215908.0,217312.0,220648.0,221182.0,220890.0,219693.0,219518.0,219443.0,219581.0,218597.0,217224.0,214268.0,211455.0
216260.0,218342.0,221135.0,220387.0,219774.0,220105.0,218561.0,218089.0,219048.0,219103.0,220131.0,219423.0,220692.0,220110.0,220246.0,217088.0
199259.0,203698.0,207107.0,210609.0,209618.0,207866.0,207864.0,207018.0,208113.0,210805.0,212261.0,212332.0,210427.0,206517.0,202933.0,200983.0
234803.0,235647.0,237396.0,240348.0,243030.0,244471.0,244710.0,245737.0,248111.0,249286.0,248087.0,246167.0,244952.0,242648.0,239865.0,237280.0
195562.0,196471.0,200067.0,202348.0,203634.0,203304.0,203021.0,203643.0,203758.0,204500.0,204359.0,202821.0,203023.0,203856.0,202514.0,198887.0
205078.0,205567.0,208321.0,208430.0,208044.0,210342.0,211315.0,213003.0,212058.0,212548.0,213677.0,212167.0,209241.0,207805.0,209589.0,207381.0
211701.0,214351.0,215141.0,215317.0,214397.0,212939.0,216274.0,215031.0,215688.0,216156.0,213906.0,215438.0,216498.0,213917.0,216440.0,215916.0
226537.0,229269.0,229420.0,228585.0,226735.0,229449.0,230647.0,229529.0,228385.0,229301.0,231248.0,228631.0,228130.0,228930.0,229065.0,228333.0
200092.0,203197.0,206355.0,208212.0,207725.0,207402.0,203829.0,204674.0,205380.0,206296.0,206060.0,208386.0,207390.0,205648.0,203301.0,202005.0
208893.0,212477.0,213618.0,210549.0,211335.0,213367.0,212593.0,213016.0,213193.0,212830.0,213178.0,211553.0,211356.0,212282.0,213504.0,212346.0
218340.0,219518.0,220176.0,220712.0,221482.0,222420.0,222945.0,222340.0,221465.0,222036.0,222822.0,222189.0,220541.0,219466.0,218653.0,217943.0
219051.0,220433.0,224451.0,225900.0,228645.0,229091.0,230854.0,232632.0,233023.0,231185.0,229563.0,227806.0,225500.0,223374.0,223079.0,220987.0
217188.0,216556.0,218350.0,218511.0,219619.0,218585.0,219536.0,219049.0,220003.0,220046.0,218377.0,219225.0,219306.0,220147.0,219729.0,218421.0
219814.0,222666.0,222709.0,224734.0,223998.0,223687.0,224607.0,226228.0,226814.0,226066.0,223652.0,222756.0,223479.0,222764.0,222781.0,220305.0
212978.0,214762.0,217299.0,220258.0,220388.0,220135.0,219421.0,220457.0,222167.0,221095.0,220757.0,219169.0,219320.0,221129.0,218065.0,216824.0
244267.0,246136.0,246208.0,246839.0,247150.0,247972.0,247135.0,248121.0,247130.0,250388.0,248292.0,249707.0,247930.0,247977.0,246232.0,245100.0
214496.0,216398.0,218173.0,219914.0,223370.0,223356.0,224239.0,225279.0,225037.0,225461.0,224959.0,224234.0,223845.0,221560.0,219645.0,217762.0
202341.0,203965.0,204395.0,206086.0,205477.0,205605.0,207204.0,205902.0,206024.0,205660.0,205244.0,204910.0,204434.0,203912.0,204683.0,203694.0
206239.0,208286.0,209910.0,208370.0,208576.0,208707.0,208653.0,207182.0,208733.0,209923.0,208057.0,206694.0,207346.0,210756.0,209662.0,207482.0
218321.0,217971.0,220122.0,221436.0,220954.0,222269.0,222380.0,222522.0,221600.0,224183.0,223674.0,223534.0,223396.0,221256.0,219559.0,219135.0
200889.0,203588.0,205245.0,206603.0,207806.0,210123.0,209635.0,209057.0,210536.0,209698.0,209608.0,208416.0,206568.0,205584.0,204039.0,202221.0
213682.0,213171.0,216357.0,217991.0,218660.0,216552.0,215481.0,218111.0,219116.0,219825.0,217894.0,215472.0,217033.0,217996.0,217878.0,216179.0
208035.0,207946.0,208343.0,210484.0,212171.0,214154.0,216292.0,218072.0,218604.0,219203.0,218382.0,216850.0,214818.0,212855.0,211193.0,209472.0
192170.0,191925.0,193480.0,193707.0,194157.0,193853.0,194028.0,193304.0,193913.0,193359.0,193774.0,193947.0,194977.0,194226.0,194304.0,193432.0
233450.0,238187.0,239881.0,241953.0,243704.0,245581.0,246503.0,247071.0,249164.0,249587.0,245193.0,247231.0,246561.0,240793.0,240191.0,236170.0
207432.0,209626.0,210711.0,213338.0,213252.0,214635.0,216631.0,215577.0,215900.0,214449.0,212556.0,216429.0,216039.0,213607.0,212717.0,208657.0
195523.0,196366.0,197324.0,198062.0,197446.0,198502.0,201451.0,200509.0,201229.0,201872.0,201418.0,201330.0,200161.0,199303.0,199266.0,197110.0
220767.0,223075.0,224890.0,226701.0,229560.0,230835.0,229206.0,229128.0,230269.0,228238.0,227014.0,226723.0,224554.0,222683.0,224014.0,222903.0
207591.0,211553.0,211252.0,211657.0,211259.0,210172.0,210702.0,213618.0,212488.0,211609.0,209073.0,210851.0,210378.0,212386.0,210756.0,210431.0
212746.0,215317.0,220435.0,225845.0,228249.0,228334.0,226973.0,224647.0,225273.0,225288.0,227835.0,228893.0,227997.0,224666.0,219284.0,213474.0
237688.0,238862.0,239749.0,241302.0,242372.0,242679.0,244624.0,244567.0,246392.0,244293.0,243815.0,243007.0,241609.0,240399.0,239037.0,238809.0
201508.0,203447.0,205234.0,206181.0,207939.0,210486.0,212057.0,211047.0,211478.0,211180.0,210444.0,208064.0,206043.0,204849.0,204277.0,203510.0
221301.0,223614.0,226019.0,227399.0,225977.0,224395.0,224672.0,223618.0,224625.0,224999.0,223069.0,224373.0,223874.0,223983.0,223013.0,222773.0
216621.0,218612.0,219181.0,221922.0,220538.0,222066.0,220646.0,219826.0,219620.0,218641.0,219575.0,218733.0,217826.0,219375.0,217575.0,218631.0
207272.0,207222.0,207955.0,209218.0,209621.0,209847.0,211615.0,211769.0,212235.0,212958.0,213634.0,214293.0,212482.0,211505.0,210279.0,209739.0
218210.0,220524.0,223822.0,227317.0,230986.0,234149.0,235835.0,236424.0,236049.0,235651.0,234715.0,233286.0,231123.0,226744.0,224676.0,220551.0
220422.0,224105.0,227209.0,232364.0,240463.0,245197.0,249136.0,250762.0,252227.0,249908.0,246897.0,243239.0,237641.0,231860.0,226849.0,223433.0
210343.0,210761.0,210816.0,210690.0,211189.0,210800.0,210756.0,210979.0,211239.0,212447.0,211581.0,210544.0,210949.0,210029.0,209592.0,210099.0
222983.0,223322.0,223956.0,225233.0,226590.0,228284.0,229411.0,230655.0,229673.0,230068.0,229115.0,227748.0,227096.0,224882.0,224992.0,223384.0
229394.0,230723.0,233888.0,233161.0,234627.0,234766.0,235067.0,236504.0,238014.0,234375.0,232935.0,234533.0,233167.0,231168.0,232434.0,231624.0
220479.0,222879.0,223899.0,224071.0,223462.0,221126.0,222699.0,225166.0,226110.0,224435.0,223528.0,222362.0,223691.0,224090.0,224371.0,222320.0
212916.0,213850.0,217021.0,217250.0,219282.0,220706.0,221599.0,222837.0,224455.0,223243.0,219772.0,219586.0,220729.0,217163.0,216232.0,215395.0
200509.0,201908.0,201991.0,205186.0,205461.0,208661.0,208261.0,210332.0,209366.0,209580.0,207252.0,206991.0,204719.0,204370.0,201551.0,201554.0
213782.0,214061.0,214248.0,216119.0,216945.0,217947.0,217636.0,218223.0,218386.0,218574.0,218745.0,219247.0,219092.0,216946.0,216558.0,214683.0
214746.0,215285.0,215643.0,217520.0,216309.0,215665.0,213956.0,214796.0,215490.0,215253.0,215730.0,215294.0,215404.0,215898.0,217210.0,215449.0
223051.0,225113.0,226150.0,225715.0,226214.0,225125.0,224714.0,223251.0,224858.0,224276.0,224082.0,225442.0,225805.0,224324.0,223610.0,223452.0
203083.0,205760.0,208646.0,212338.0,216766.0,219168.0,222122.0,223692.0,223063.0,221219.0,218305.0,215085.0,211651.0,208142.0,205592.0,203960.0
227251.0,230771.0,231076.0,228621.0,232182.0,228931.0,229242.0,229825.0,229259.0,230345.0,230153.0,228256.0,231425.0,229481.0,229540.0,231298.0
223128.0,225624.0,226196.0,224598.0,224127.0,228109.0,230111.0,229781.0,229980.0,231858.0,232419.0,229627.0,228284.0,229732.0,229404.0,225320.0
216966.0,216019.0,216609.0,218544.0,220703.0,221954.0,223513.0,225989.0,226823.0,226659.0,226817.0,225101.0,223321.0,222843.0,220920.0,218747.0
202062.0,203211.0,204647.0,207113.0,207588.0,209377.0,210609.0,212414.0,211429.0,210898.0,210416.0,208193.0,204489.0,204507.0,203252.0,203523.0
225188.0,227352.0,228855.0,227961.0,228431.0,228120.0,228809.0,229409.0,227105.0,228479.0,230533.0,227420.0,226734.0,228702.0,227927.0,228191.0
204050.0,206036.0,205623.0,205640.0,205131.0,204555.0,205623.0,206411.0,204883.0,205592.0,206724.0,205818.0,205704.0,204771.0,205729.0,205348.0
212747.0,213727.0,215364.0,216003.0,217574.0,216982.0,215006.0,214560.0,213694.0,214056.0,216200.0,217188.0,217300.0,215768.0,213863.0,212908.0
228443.0,229456.0,229465.0,229846.0,230962.0,230740.0,230485.0,231666.0,230919.0,231122.0,231577.0,230956.0,230255.0,229829.0,229497.0,228800.0
218031.0,218604.0,219177.0,219969.0,220821.0,220775.0,218682.0,220057.0,219653.0,218994.0,219052.0,218844.0,219650.0,220018.0,219137.0,219804.0
235247.0,239442.0,238964.0,239725.0,242082.0,242061.0,242508.0,243660.0,243245.0,241474.0,240914.0,241211.0,240376.0,238393.0,239992.0,237330.0
225134.0,226366.0,228264.0,229684.0,229896.0,226727.0,225202.0,226739.0,226866.0,228169.0,226500.0,226758.0,228514.0,228861.0,228608.0,227326.0
207824.0,209916.0,213910.0,218536.0,225241.0,229974.0,233516.0,236369.0,236140.0,236370.0,233376.0,228899.0,225175.0,218583.0,213289.0,210420.0
215645.0,221081.0,219651.0,221298.0,220283.0,219071.0,219109.0,218934.0,221436.0,220388.0,219012.0,216947.0,220798.0,221110.0,219458.0,218315.0
212766.0,214753.0,215149.0,216158.0,217745.0,218315.0,217657.0,219273.0,220761.0,219198.0,219053.0,218600.0,217539.0,218461.0,218817.0,215665.0
217279.0,218464.0,221427.0,223464.0,224554.0,225196.0,224680.0,224864.0,223801.0,224807.0,225895.0,227093.0,223909.0,222604.0,221539.0,219910.0
218597.0,220473.0,221306.0,222201.0,222653.0,222473.0,222492.0,223508.0,222717.0,222570.0,220736.0,221156.0,220374.0,221003.0,221133.0,221968.0
226141.0,228378.0,233100.0,234901.0,237165.0,236078.0,233631.0,231269.0,229531.0,231471.0,235362.0,236653.0,237206.0,234075.0,230530.0,227461.0
233802.0,234411.0,234281.0,236453.0,236069.0,237216.0,236534.0,237226.0,238685.0,239861.0,239013.0,236668.0,236283.0,237199.0,237337.0,236076.0
199421.0,202370.0,202783.0,205410.0,205560.0,204568.0,203535.0,200957.0,202272.0,200860.0,202837.0,204291.0,206545.0,206160.0,203327.0,200824.0
210110.0,211324.0,213360.0,217779.0,219176.0,217308.0,216544.0,214530.0,215162.0,215875.0,216359.0,218274.0,218508.0,216431.0,214517.0,211161.0
213282.0,214891.0,214453.0,215460.0,215378.0,215115.0,215047.0,214904.0,216053.0,215037.0,214383.0,215468.0,215001.0,214969.0,214719.0,214992.0
209220.0,212372.0,213783.0,213336.0,211717.0,213008.0,215018.0,214087.0,212861.0,214858.0,214753.0,212954.0,212495.0,214316.0,214221.0,211057.0
199852.0,202016.0,203152.0,202649.0,201227.0,203234.0,203884.0,202345.0,201648.0,201512.0,202773.0,201246.0,202035.0,202686.0,201857.0,201196.0
201328.0,202030.0,203753.0,204031.0,204576.0,202507.0,203193.0,202552.0,203611.0,203752.0,203446.0,204429.0,203936.0,204908.0,203191.0,202169.0
210121.0,213437.0,212397.0,213036.0,214114.0,212859.0,214605.0,214692.0,213422.0,214064.0,212519.0,212070.0,212910.0,212011.0,211782.0,211193.0
206350.0,208832.0,211997.0,218440.0,221890.0,226374.0,229035.0,232304.0,233284.0,234606.0,234320.0,228560.0,224682.0,216721.0,210285.0,207432.0
217552.0,218284.0,217302.0,219338.0,220605.0,222751.0,222047.0,221583.0,220807.0,221644.0,220903.0,220050.0,221327.0,223262.0,219866.0,219799.0
215590.0,216796.0,217491.0,218391.0,218137.0,218329.0,218647.0,219043.0,219176.0,220284.0,219593.0,218269.0,219257.0,218695.0,218193.0,216373.0
203967.0,204334.0,205159.0,205994.0,205370.0,205257.0,205770.0,206477.0,207129.0,206310.0,207007.0,205051.0,204931.0,206094.0,205531.0,204707.0
208006.0,208627.0,208559.0,209069.0,209248.0,208355.0,208084.0,208391.0,206885.0,209504.0,208550.0,209425.0,208431.0,208732.0,209294.0,208534.0
214171.0,215181.0,215423.0,214718.0,214628.0,214533.0,215396.0,214706.0,215105.0,214829.0,215063.0,214661.0,213908.0,215369.0,214536.0,215533.0
209761.0,212056.0,216100.0,219755.0,224772.0,227687.0,231880.0,234301.0,236505.0,238086.0,236399.0,231291.0,227849.0,221035.0,217874.0,212799.0
234494.0,234355.0,237678.0,239881.0,241935.0,243208.0,245038.0,245498.0,246617.0,246835.0,245003.0,245214.0,244092.0,241765.0,239933.0,237622.0
196178.0,198646.0,198493.0,197395.0,198764.0,199185.0,199138.0,197572.0,199029.0,197545.0,197302.0,198606.0,198894.0,198521.0,197898.0,198946.0
217000.0,218975.0,220988.0,224816.0,225184.0,224274.0,223291.0,221046.0,220719.0,222214.0,223562.0,225128.0,225385.0,224960.0,221003.0,219313.0
225740.0,229810.0,231986.0,229262.0,228893.0,230893.0,230510.0,230369.0,230973.0,229549.0,229596.0,229635.0,228963.0,228525.0,230900.0,228660.0
209488.0,208745.0,209748.0,209877.0,210912.0,212002.0,212884.0,212842.0,213006.0,214762.0,213988.0,213920.0,212729.0,212606.0,210655.0,209912.0
221383.0,223216.0,223169.0,223254.0,223555.0,223255.0,224127.0,224218.0,224291.0,224432.0,224002.0,223408.0,223254.0,223123.0,223534.0,223261.0
194095.0,193859.0,193304.0,194455.0,195313.0,194859.0,195396.0,196329.0,196204.0,197287.0,196401.0,195762.0,195374.0,195779.0,196153.0,195172.0
197954.0,200535.0,200657.0,200520.0,199987.0,199697.0,200726.0,200714.0,200765.0,200227.0,199657.0,198797.0,200310.0,201355.0,199480.0,198987.0
227757.0,230332.0,231392.0,232002.0,234478.0,232466.0,232119.0,230660.0,230596.0,229482.0,230454.0,230861.0,232573.0,231755.0,231753.0,230422.0
216125.0,217654.0,217583.0,218359.0,218117.0,218361.0,218325.0,216557.0,218174.0,216713.0,216728.0,216874.0,217638.0,218308.0,218704.0,218388.0
229131.0,230555.0,232725.0,231491.0,232147.0,232418.0,233107.0,234228.0,234320.0,234228.0,234216.0,233732.0,232607.0,232063.0,231936.0,231200.0
215202.0,216724.0,218059.0,218525.0,219297.0,221780.0,222535.0,222584.0,221576.0,222671.0,222053.0,220206.0,220641.0,220271.0,218725.0,218031.0
225440.0,225091.0,226920.0,226674.0,226712.0,227681.0,228818.0,228437.0,228950.0,228971.0,227266.0,227054.0,226730.0,225319.0,226047.0,225956.0
223827.0,225668.0,226700.0,228521.0,229392.0,227554.0,227538.0,225951.0,226752.0,226854.0,227654.0,227842.0,228585.0,226358.0,225788.0,224948.0
215403.0,219757.0,219960.0,221027.0,220589.0,219333.0,218046.0,216287.0,217725.0,218059.0,220935.0,218223.0,220412.0,221097.0,218664.0,216419.0
202425.0,203029.0,203996.0,204961.0,204437.0,206059.0,206743.0,207538.0,209283.0,209330.0,208352.0,207601.0,207555.0,206110.0,205851.0,205246.0
220266.0,221312.0,222615.0,225302.0,224488.0,224246.0,223608.0,222728.0,223162.0,223571.0,223965.0,224915.0,224423.0,226404.0,224013.0,221866.0
224933.0,226593.0,226250.0,228619.0,230786.0,233712.0,236332.0,237538.0,237782.0,237657.0,236161.0,233453.0,231291.0,228595.0,227389.0,225199.0
209447.0,210725.0,211358.0,211598.0,214105.0,215201.0,215765.0,216067.0,217109.0,215760.0,215060.0,214671.0,213062.0,212384.0,211261.0,211349.0
199309.0,200640.0,200096.0,201311.0,201417.0,203216.0,204003.0,203028.0,203107.0,201881.0,203383.0,202176.0,203690.0,202839.0,203187.0,202093.0
224079.0,228400.0,233667.0,234035.0,237519.0,239723.0,242085.0,244052.0,243532.0,241575.0,242331.0,238125.0,237313.0,235258.0,230765.0,228815.0
191496.0,196033.0,195617.0,198434.0,199268.0,200625.0,199411.0,199454.0,196781.0,197635.0,199411.0,196762.0,198700.0,196775.0,195975.0,195057.0
211794.0,214806.0,219541.0,220995.0,221299.0,222081.0,219778.0,217770.0,216686.0,218051.0,219081.0,223056.0,221692.0,221091.0,219078.0,216791.0
207404.0,208610.0,210042.0,212683.0,214535.0,216815.0,217907.0,219629.0,220455.0,221487.0,220553.0,218915.0,216468.0,213892.0,211406.0,208971.0
201038.0,203084.0,204437.0,205523.0,204195.0,205070.0,204500.0,206046.0,205515.0,205749.0,204189.0,204286.0,203656.0,204848.0,203789.0,203217.0
238415.0,239456.0,241467.0,242560.0,244176.0,244039.0,244713.0,242936.0,242616.0,242226.0,241056.0,241941.0,241343.0,240437.0,239372.0,238285.0
207962.0,209906.0,209187.0,210921.0,210302.0,209766.0,211651.0,213191.0,214427.0,212977.0,212967.0,211456.0,213770.0,213202.0,211274.0,209189.0
211956.0,211415.0,211952.0,215041.0,216919.0,217140.0,218942.0,220347.0,220679.0,220725.0,220196.0,220154.0,219877.0,216064.0,213328.0,213169.0
185818.0,188081.0,191621.0,192480.0,194335.0,193650.0,195623.0,196092.0,196887.0,193700.0,193852.0,192500.0,192363.0,191425.0,188021.0,188632.0
236938.0,241005.0,243885.0,247654.0,252037.0,254030.0,256087.0,255805.0,257740.0,256902.0,253327.0,250093.0,246965.0,244659.0,243509.0,239564.0
233172.0,235659.0,238546.0,240029.0,241624.0,240940.0,239956.0,238241.0,235366.0,237671.0,239477.0,239964.0,245182.0,242390.0,239281.0,236786.0
207616.0,208863.0,209413.0,210472.0,210513.0,212572.0,213499.0,213914.0,213522.0,213701.0,212976.0,212365.0,210211.0,209290.0,208706.0,208207.0
214724.0,216174.0,216411.0,218831.0,221939.0,223790.0,223957.0,223458.0,224127.0,223201.0,222862.0,220378.0,218248.0,217659.0,216130.0,214871.0
215175.0,218213.0,218895.0,221048.0,220106.0,219632.0,220400.0,220447.0,219975.0,218578.0,219294.0,219759.0,219847.0,218816.0,218052.0,217131.0
222977.0,225988.0,226363.0,224366.0,225833.0,225812.0,225578.0,225966.0,224408.0,225239.0,225963.0,223670.0,223948.0,224325.0,224818.0,225342.0
213007.0,213440.0,216523.0,218461.0,219016.0,218140.0,218860.0,217081.0,216662.0,218387.0,218637.0,219073.0,220537.0,219932.0,219130.0,216766.0
217890.0,217677.0,219464.0,220788.0,222469.0,222474.0,221322.0,221126.0,221091.0,221485.0,221172.0,222118.0,223425.0,221908.0,221499.0,219780.0
222721.0,224102.0,225584.0,227374.0,228665.0,229010.0,228897.0,228341.0,228601.0,228636.0,228703.0,229083.0,228969.0,228910.0,226790.0,223896.0
226084.0,226419.0,229802.0,232149.0,231025.0,230777.0,231371.0,233417.0,235940.0,235755.0,233999.0,231694.0,232975.0,233840.0,231162.0,228323.0
216212.0,217658.0,220798.0,221759.0,221362.0,220913.0,221037.0,217954.0,216368.0,216785.0,220031.0,221203.0,220088.0,221556.0,220862.0,219020.0
212879.0,213742.0,215412.0,218207.0,218776.0,220754.0,219070.0,218092.0,216896.0,217530.0,218917.0,220452.0,220502.0,219014.0,215845.0,214222.0
208850.0,208980.0,210626.0,210443.0,210999.0,210309.0,209918.0,210603.0,211190.0,211991.0,209681.0,208706.0,208915.0,209774.0,210524.0,209659.0
229095.0,228781.0,229021.0,230676.0,232124.0,232285.0,233097.0,232122.0,233420.0,232857.0,232835.0,232629.0,231704.0,232254.0,229744.0,228836.0
204636.0,205982.0,207575.0,207844.0,206842.0,207377.0,209000.0,207993.0,209888.0,208478.0,209388.0,207525.0,206412.0,208275.0,207643.0,207030.0
209392.0,211186.0,215872.0,219948.0,222585.0,221451.0,221344.0,221181.0,221613.0,223602.0,223239.0,222721.0,221535.0,220587.0,215890.0,211510.0
218054.0,218252.0,220465.0,223532.0,223109.0,224121.0,222581.0,222660.0,221111.0,222543.0,222230.0,221852.0,223289.0,222067.0,220172.0,220102.0
213917.0,213195.0,214075.0,215209.0,216726.0,218255.0,220240.0,221076.0,220896.0,220250.0,219478.0,218108.0,217509.0,216428.0,215775.0,215127.0
216233.0,217725.0,221172.0,223624.0,225817.0,226885.0,227214.0,225633.0,225348.0,225447.0,226576.0,227437.0,226749.0,225067.0,220498.0,217787.0
211788.0,212057.0,213461.0,213255.0,212656.0,213554.0,214218.0,212414.0,212547.0,212597.0,213329.0,213110.0,212797.0,213898.0,214992.0,213823.0
230672.0,232764.0,232798.0,232820.0,232206.0,232633.0,231687.0,234052.0,235266.0,233708.0,234057.0,232336.0,231628.0,230693.0,231410.0,231630.0
237387.0,240074.0,241775.0,244767.0,245465.0,246371.0,243699.0,243851.0,244105.0,244444.0,244527.0,246867.0,246632.0,244738.0,242668.0,240138.0
218456.0,219029.0,219832.0,220576.0,221655.0,222823.0,222737.0,222285.0,220823.0,220642.0,221970.0,222716.0,224544.0,223550.0,221545.0,220101.0
224957.0,226356.0,228865.0,229515.0,230977.0,234174.0,237114.0,237474.0,237625.0,236245.0,234958.0,233950.0,231341.0,229747.0,228167.0,226615.0
216822.0,219102.0,219790.0,223030.0,225560.0,227413.0,229075.0,228845.0,229819.0,228997.0,229085.0,226928.0,224460.0,222911.0,220239.0,220066.0
207979.0,209596.0,211547.0,211172.0,210758.0,210966.0,212286.0,213254.0,212032.0,211938.0,213752.0,214328.0,214177.0,212599.0,210939.0,208801.0
223591.0,225180.0,226275.0,226752.0,227199.0,227161.0,229695.0,230195.0,229684.0,228459.0,227388.0,226584.0,226428.0,226692.0,225232.0,224469.0
200374.0,201292.0,203098.0,201724.0,201733.0,201240.0,201572.0,203672.0,202707.0,202301.0,200345.0,201665.0,201811.0,204196.0,203548.0,200460.0
211133.0,211989.0,211004.0,212611.0,211906.0,212351.0,213695.0,214712.0,212659.0,213949.0,214197.0,213902.0,213644.0,212960.0,212344.0,211480.0
213249.0,214274.0,215347.0,219411.0,221019.0,221752.0,222126.0,219522.0,219555.0,217862.0,219945.0,220471.0,220853.0,220090.0,217660.0,215072.0
234218.0,234556.0,235639.0,237195.0,239891.0,238923.0,240349.0,239816.0,240513.0,240196.0,241912.0,243654.0,241542.0,240436.0,238398.0,235970.0
193006.0,194363.0,196535.0,200701.0,203159.0,201606.0,200036.0,197402.0,197026.0,197912.0,199080.0,201624.0,202901.0,202511.0,200417.0,196153.0
215227.0,215335.0,216148.0,218381.0,219282.0,220598.0,222119.0,224564.0,223494.0,221597.0,223011.0,221622.0,220877.0,219392.0,217670.0,216499.0
210662.0,214384.0,215598.0,217559.0,219938.0,222961.0,222811.0,225496.0,223599.0,222357.0,219681.0,218814.0,215988.0,215243.0,213653.0,213960.0
207130.0,208673.0,209278.0,211220.0,210697.0,210576.0,210478.0,209238.0,209810.0,209921.0,210548.0,211193.0,211438.0,210327.0,209041.0,208560.0
220670.0,222834.0,225428.0,227427.0,228731.0,229451.0,228860.0,230152.0,232236.0,230473.0,229012.0,227564.0,226249.0,225666.0,223906.0,222101.0
215675.0,216998.0,216767.0,215597.0,215561.0,216106.0,216439.0,215848.0,215786.0,216960.0,218038.0,217208.0,216926.0,217332.0,217864.0,216527.0
210071.0,211475.0,213655.0,213768.0,214706.0,213158.0,213282.0,212859.0,212657.0,213398.0,212258.0,213571.0,215115.0,215342.0,213956.0,212649.0
233872.0,233524.0,233749.0,233450.0,233946.0,233925.0,234339.0,234377.0,235183.0,234880.0,235817.0,235333.0,236391.0,235297.0,234091.0,233762.0
216191.0,218045.0,218986.0,221527.0,223834.0,226166.0,226950.0,228957.0,230063.0,229994.0,228592.0,225382.0,223586.0,222294.0,219778.0,217181.0
217647.0,220442.0,224014.0,224821.0,226270.0,227899.0,227769.0,227484.0,227361.0,227037.0,226411.0,225496.0,222880.0,222511.0,221371.0,219059.0
197970.0,199239.0,201293.0,199855.0,202822.0,203134.0,200140.0,201086.0,199807.0,198631.0,200848.0,201972.0,201507.0,201869.0,201799.0,199336.0
219176.0,222426.0,226490.0,227778.0,226220.0,226302.0,224876.0,224007.0,224829.0,225576.0,224928.0,227413.0,228102.0,226549.0,223973.0,222203.0
221092.0,223063.0,222787.0,224321.0,224682.0,224669.0,224631.0,224746.0,225842.0,224293.0,224239.0,223295.0,222167.0,222789.0,221932.0,222236.0
233901.0,236322.0,235071.0,234629.0,235538.0,236143.0,235968.0,237593.0,236893.0,235070.0,236390.0,236086.0,234484.0,235375.0,235442.0,235391.0
233817.0,237560.0,238732.0,240100.0,239939.0,240553.0,239659.0,241241.0,241742.0,241787.0,241459.0,242227.0,240659.0,240375.0,237137.0,236517.0
216416.0,218863.0,221094.0,223982.0,228607.0,231633.0,233939.0,234463.0,234543.0,233945.0,230626.0,228342.0,226400.0,223093.0,221001.0,218291.0
226307.0,229398.0,230517.0,229876.0,229905.0,230509.0,232901.0,232353.0,231674.0,231767.0,232034.0,230279.0,229103.0,229171.0,229080.0,228884.0
208767.0,208624.0,209032.0,209101.0,209921.0,210012.0,209408.0,209044.0,208813.0,210016.0,210931.0,210009.0,209413.0,209372.0,209185.0,210032.0
202149.0,203910.0,204583.0,205349.0,205228.0,205995.0,204537.0,205714.0,206709.0,205776.0,203995.0,204506.0,204650.0,204435.0,204521.0,202247.0
205725.0,207299.0,209027.0,210674.0,212206.0,212719.0,212693.0,211860.0,213002.0,212689.0,213979.0,213156.0,211564.0,210614.0,209410.0,207869.0
211894.0,212927.0,214538.0,215297.0,217208.0,218814.0,219244.0,219844.0,220599.0,221484.0,221111.0,221255.0,218890.0,217145.0,215430.0,212976.0
198703.0,203147.0,206111.0,205876.0,206883.0,207136.0,207196.0,206185.0,204910.0,207131.0,208367.0,207545.0,207834.0,207191.0,203691.0,200450.0
225368.0,226787.0,227829.0,229112.0,231180.0,230998.0,231536.0,232746.0,233601.0,232288.0,231719.0,230369.0,230318.0,229077.0,229260.0,227918.0
213588.0,214431.0,215017.0,215957.0,215841.0,215818.0,215517.0,214088.0,212997.0,214846.0,216814.0,217079.0,216461.0,215526.0,214295.0,213609.0
210075.0,212807.0,214538.0,216777.0,216712.0,218895.0,219119.0,219720.0,220919.0,220372.0,219511.0,218692.0,216949.0,215571.0,215109.0,211762.0
217803.0,217583.0,219248.0,219398.0,220350.0,220051.0,219380.0,219325.0,220627.0,219606.0,221529.0,221580.0,221735.0,220657.0,219876.0,218304.0
208566.0,208638.0,211428.0,213681.0,214831.0,215103.0,216028.0,216631.0,215213.0,214268.0,213523.0,212404.0,213233.0,212858.0,212780.0,210839.0
213604.0,216319.0,215906.0,217441.0,216466.0,216897.0,218123.0,216452.0,216451.0,214657.0,217267.0,215120.0,215499.0,215181.0,214818.0,215827.0
224629.0,227042.0,228966.0,230000.0,231148.0,230678.0,232776.0,233926.0,232222.0,232579.0,232922.0,230742.0,228336.0,229846.0,230831.0,227609.0
206309.0,209139.0,213991.0,217037.0,218607.0,215845.0,212003.0,208894.0,208843.0,211549.0,214642.0,217259.0,217189.0,215377.0,212432.0,208764.0
228087.0,232310.0,234969.0,232488.0,233650.0,232052.0,230600.0,232545.0,235364.0,232733.0,230170.0,232295.0,231572.0,232734.0,234875.0,232524.0
207876.0,209650.0,210426.0,213226.0,216259.0,215772.0,214846.0,214080.0,213079.0,214663.0,216858.0,218385.0,218844.0,217811.0,214020.0,211653.0
217486.0,219790.0,220050.0,221433.0,221533.0,224095.0,224908.0,226475.0,227452.0,226772.0,227767.0,227015.0,225532.0,223925.0,220357.0,218704.0
221722.0,221785.0,221688.0,222493.0,221677.0,221635.0,221630.0,222276.0,221124.0,222254.0,221547.0,222185.0,222758.0,222007.0,220973.0,221498.0
210753.0,212360.0,212110.0,212194.0,212404.0,212612.0,213166.0,213493.0,212139.0,213686.0,212484.0,213301.0,211862.0,212722.0,212504.0,212746.0
211389.0,213737.0,211739.0,213411.0,211710.0,214612.0,213746.0,214525.0,213075.0,214206.0,211471.0,213338.0,211536.0,213679.0,211338.0,214952.0
221050.0,222571.0,224144.0,223568.0,223096.0,224923.0,225610.0,226653.0,226386.0,225950.0,224856.0,225316.0,224749.0,226258.0,224394.0,222044.0
204471.0,207656.0,209197.0,209919.0,213906.0,216860.0,216521.0,217223.0,216321.0,214516.0,213590.0,213390.0,210556.0,207678.0,206650.0,205578.0
209432.0,211949.0,214319.0,213792.0,213217.0,215275.0,216410.0,215511.0,215183.0,216258.0,215607.0,213753.0,212392.0,213812.0,211906.0,211208.0
222316.0,224340.0,225040.0,227307.0,225175.0,225218.0,222862.0,225152.0,224362.0,226114.0,225155.0,226131.0,226042.0,227456.0,223949.0,223875.0
221504.0,222702.0,223047.0,222615.0,222864.0,224089.0,225161.0,223922.0,224851.0,224995.0,224852.0,224322.0,223969.0,222754.0,223122.0,222241.0
234122.0,235590.0,238421.0,237155.0,236768.0,237777.0,237945.0,237838.0,238364.0,236196.0,236283.0,236305.0,237617.0,235038.0,236372.0,235663.0
220128.0,221862.0,222414.0,222550.0,221029.0,220642.0,220080.0,221302.0,222385.0,223162.0,222501.0,222458.0,222066.0,223297.0,221117.0,221747.0
214325.0,216134.0,217622.0,217187.0,219533.0,218346.0,216395.0,214452.0,215577.0,218187.0,217005.0,218054.0,217977.0,217429.0,216398.0,216019.0
208637.0,211403.0,211162.0,212291.0,211257.0,213319.0,211504.0,212834.0,211849.0,212708.0,210699.0,211980.0,209756.0,210771.0,210218.0,212476.0
210140.0,212745.0,217059.0,221989.0,225721.0,227854.0,229070.0,229967.0,230731.0,230284.0,228331.0,226549.0,222124.0,217716.0,213972.0,211642.0
209426.0,211070.0,211747.0,212698.0,211637.0,212401.0,213191.0,213988.0,214437.0,213220.0,214226.0,213032.0,213393.0,212988.0,213117.0,211877.0
221223.0,225128.0,229870.0,228488.0,226955.0,226146.0,225118.0,226017.0,227534.0,228308.0,227890.0,226965.0,226909.0,229022.0,227940.0,223301.0
212539.0,212758.0,214275.0,214807.0,213876.0,214520.0,215044.0,212461.0,212895.0,213576.0,213905.0,214503.0,215200.0,214188.0,213030.0,213911.0
221533.0,220906.0,222734.0,224097.0,224750.0,225374.0,223269.0,224111.0,224644.0,224157.0,224604.0,225520.0,224491.0,224771.0,223197.0,223702.0
237789.0,241141.0,241520.0,242792.0,247172.0,251024.0,249124.0,249353.0,248593.0,245616.0,245490.0,247993.0,246167.0,243745.0,243413.0,241040.0
212474.0,213791.0,215814.0,216150.0,217451.0,217524.0,217191.0,218461.0,218942.0,218957.0,216205.0,216264.0,216267.0,215561.0,215386.0,214310.0
211386.0,212443.0,212541.0,212413.0,213242.0,213485.0,213862.0,214391.0,214062.0,214423.0,213882.0,212575.0,213342.0,214315.0,213101.0,211833.0
210468.0,212081.0,214206.0,213913.0,215768.0,217227.0,218051.0,218556.0,218537.0,217913.0,218732.0,217484.0,215045.0,213544.0,211977.0,211670.0
222082.0,225645.0,229251.0,233571.0,234721.0,238931.0,237826.0,238885.0,238023.0,237069.0,237632.0,237135.0,233411.0,231121.0,228960.0,224939.0
213228.0,212817.0,213117.0,213344.0,213501.0,213988.0,213055.0,214347.0,213124.0,213179.0,213967.0,214020.0,214286.0,213890.0,213681.0,212338.0
220663.0,223831.0,223526.0,224605.0,224107.0,223050.0,223973.0,225045.0,224528.0,224665.0,224462.0,224338.0,223806.0,223579.0,224300.0,222604.0
201687.0,202845.0,202226.0,201533.0,202634.0,203740.0,203081.0,203258.0,202262.0,203163.0,203017.0,203163.0,203657.0,202992.0,201595.0,202567.0
194644.0,197832.0,196570.0,199206.0,198232.0,198909.0,197866.0,196850.0,195700.0,197881.0,197260.0,197973.0,198953.0,197812.0,196897.0,196995.0
216799.0,218147.0,219380.0,220692.0,220393.0,219642.0,220612.0,220422.0,222194.0,221203.0,219637.0,219239.0,220098.0,220638.0,221163.0,219073.0
227757.0,228392.0,230751.0,231673.0,233595.0,235926.0,237841.0,238121.0,238343.0,239500.0,239194.0,237131.0,234402.0,233354.0,231889.0,228479.0
207014.0,212211.0,216089.0,215942.0,216954.0,216127.0,216814.0,215163.0,212499.0,215005.0,217436.0,217359.0,217577.0,214641.0,212845.0,209876.0
195809.0,199162.0,199333.0,201862.0,202832.0,203210.0,201406.0,201214.0,200658.0,200035.0,200759.0,202503.0,202486.0,202886.0,200285.0,199512.0
210939.0,211833.0,212849.0,216264.0,214031.0,213057.0,213024.0,215126.0,215686.0,213229.0,212946.0,211509.0,212130.0,213395.0,214795.0,213987.0
227528.0,228163.0,230254.0,230289.0,230714.0,229511.0,229910.0,230889.0,230022.0,230768.0,229787.0,229456.0,229384.0,229047.0,228846.0,227746.0
210892.0,211671.0,212796.0,214766.0,214176.0,212092.0,211639.0,211947.0,210548.0,212160.0,212059.0,211368.0,211766.0,210715.0,214012.0,212913.0
225698.0,226595.0,226753.0,226637.0,226695.0,227080.0,227031.0,227126.0,227187.0,228217.0,227598.0,227307.0,226902.0,227948.0,226900.0,226242.0
223562.0,224371.0,224648.0,224397.0,224096.0,225004.0,224769.0,224433.0,224275.0,225491.0,226543.0,226194.0,225230.0,224683.0,226533.0,224843.0
232964.0,235102.0,235036.0,234397.0,233590.0,233677.0,235359.0,236290.0,235046.0,234868.0,236753.0,235509.0,234186.0,235003.0,235970.0,233074.0
207241.0,208684.0,210149.0,209316.0,210144.0,211237.0,210601.0,210962.0,212117.0,212110.0,211457.0,211306.0,210458.0,209881.0,210249.0,208512.0
210846.0,213260.0,214746.0,217080.0,219004.0,219318.0,220421.0,220529.0,219942.0,220944.0,221081.0,219558.0,218725.0,216543.0,214452.0,214107.0
238575.0,240422.0,240714.0,239829.0,240287.0,239537.0,240687.0,242165.0,242133.0,240875.0,241005.0,238954.0,239969.0,241259.0,240338.0,239467.0
227681.0,228168.0,230429.0,232158.0,232334.0,233235.0,234968.0,237269.0,237917.0,237547.0,236426.0,235081.0,234408.0,233915.0,231391.0,229359.0
215039.0,218414.0,219710.0,224174.0,229706.0,234753.0,237179.0,243865.0,242067.0,243245.0,239799.0,235930.0,230115.0,226331.0,221697.0,218624.0
203178.0,206500.0,210249.0,209195.0,209436.0,209323.0,210979.0,212843.0,212320.0,211908.0,210376.0,208327.0,209861.0,209419.0,208813.0,205457.0
223452.0,224993.0,225312.0,224806.0,226896.0,226998.0,225620.0,227597.0,227523.0,227419.0,227609.0,225850.0,225409.0,225817.0,223395.0,226856.0
210021.0,211807.0,212775.0,213329.0,212420.0,212198.0,212724.0,212157.0,213634.0,214269.0,212256.0,211542.0,211376.0,213624.0,213424.0,212490.0
209302.0,211770.0,212190.0,214557.0,218362.0,222469.0,225267.0,226642.0,226238.0,226493.0,223843.0,221084.0,219303.0,216803.0,213978.0,211795.0
206418.0,210230.0,211001.0,211178.0,212424.0,213672.0,215495.0,212579.0,214479.0,213676.0,212421.0,212418.0,211647.0,213172.0,210131.0,210015.0
211574.0,213054.0,216108.0,217856.0,220571.0,223295.0,225902.0,226657.0,226554.0,224645.0,222217.0,219460.0,216646.0,213641.0,211432.0,210482.0
209924.0,211277.0,211993.0,211844.0,211398.0,210900.0,211082.0,211487.0,211707.0,212010.0,212689.0,210855.0,211159.0,211791.0,212688.0,211304.0
205397.0,206075.0,206211.0,205713.0,205550.0,206917.0,207417.0,206184.0,205899.0,208010.0,208203.0,205632.0,206098.0,207462.0,207273.0,206327.0
221126.0,221366.0,221856.0,222439.0,222302.0,222278.0,222616.0,222773.0,222613.0,222857.0,222669.0,222732.0,224082.0,224200.0,222082.0,221657.0
222012.0,223371.0,221907.0,222521.0,223630.0,223195.0,223905.0,224937.0,223961.0,222980.0,225313.0,225365.0,224623.0,223802.0,224679.0,223991.0
221168.0,221543.0,222762.0,223097.0,224517.0,224203.0,224978.0,226381.0,227174.0,226295.0,224541.0,223543.0,224037.0,224063.0,224457.0,222929.0
216244.0,217448.0,221192.0,222347.0,224642.0,226039.0,227950.0,228564.0,227857.0,228101.0,227285.0,225754.0,222369.0,221732.0,221045.0,219175.0
200121.0,200359.0,202757.0,203458.0,203705.0,203326.0,203657.0,204423.0,204474.0,203240.0,202828.0,202468.0,201822.0,202574.0,200410.0,200470.0
218580.0,219977.0,220548.0,221915.0,223637.0,224567.0,225357.0,225855.0,226739.0,226666.0,226194.0,226845.0,225619.0,224616.0,224295.0,220312.0
215323.0,218479.0,219544.0,219267.0,222446.0,222346.0,223492.0,222974.0,224237.0,219812.0,224354.0,225654.0,219511.0,219658.0,218295.0,218464.0
218354.0,218666.0,222337.0,225314.0,226840.0,230363.0,232528.0,232528.0,231573.0,232636.0,230600.0,226379.0,222621.0,221542.0,220727.0,218780.0
226619.0,227740.0,229607.0,230415.0,231691.0,233327.0,234631.0,235703.0,236224.0,235079.0,233602.0,232297.0,231322.0,230363.0,229930.0,227572.0
218486.0,220910.0,224031.0,224669.0,222063.0,221713.0,222530.0,224022.0,223920.0,223387.0,224471.0,223330.0,223284.0,223831.0,220847.0,218546.0
189444.0,191082.0,193888.0,195053.0,197366.0,197431.0,198036.0,196936.0,197660.0,199987.0,198801.0,200347.0,199084.0,196357.0,193940.0,190958.0
210359.0,209103.0,211284.0,215620.0,219693.0,224638.0,228599.0,229941.0,234161.0,234574.0,233421.0,230288.0,226213.0,221724.0,216693.0,213765.0
220383.0,224256.0,226318.0,227165.0,224908.0,222893.0,222537.0,222793.0,222909.0,224425.0,223839.0,222293.0,221849.0,222685.0,223675.0,222686.0
203320.0,202687.0,203222.0,202102.0,204069.0,204156.0,204948.0,205421.0,205617.0,205237.0,205047.0,204076.0,205307.0,204083.0,204400.0,202708.0
215691.0,219529.0,224239.0,225604.0,225316.0,227359.0,227829.0,228482.0,229827.0,228041.0,227267.0,228869.0,229280.0,227064.0,223915.0,219480.0
215191.0,217030.0,217430.0,217590.0,218416.0,217718.0,218268.0,220408.0,219398.0,220239.0,219887.0,217401.0,219389.0,217167.0,217103.0,219285.0
206957.0,209040.0,209826.0,209273.0,208625.0,208605.0,209253.0,209645.0,209581.0,210295.0,210219.0,209074.0,208143.0,209932.0,210168.0,207700.0
213242.0,212737.0,214359.0,214972.0,218158.0,220982.0,221570.0,222785.0,223830.0,222885.0,222356.0,222263.0,221796.0,218794.0,218311.0,215828.0
204175.0,206749.0,207319.0,209248.0,209833.0,209585.0,209848.0,210208.0,211511.0,210501.0,209990.0,208398.0,208063.0,207694.0,205847.0,205015.0
226839.0,228917.0,230100.0,231233.0,231306.0,228774.0,227834.0,229667.0,230401.0,230662.0,230377.0,229597.0,229918.0,231534.0,230340.0,227779.0
228183.0,230961.0,233262.0,233891.0,235822.0,236506.0,236268.0,236536.0,234572.0,233446.0,233890.0,232203.0,233584.0,232425.0,229957.0,229666.0
225860.0,227669.0,229809.0,232344.0,231589.0,234746.0,237303.0,237450.0,236084.0,236667.0,235973.0,235384.0,232779.0,232718.0,230683.0,229286.0
209916.0,212509.0,209709.0,212157.0,210126.0,209846.0,210661.0,209503.0,211152.0,210492.0,210955.0,210883.0,211076.0,211060.0,211242.0,210741.0
201953.0,204123.0,205028.0,205718.0,206707.0,207622.0,208666.0,208270.0,207159.0,207523.0,206446.0,206578.0,207395.0,206454.0,204482.0,202884.0
206854.0,208205.0,211190.0,212039.0,212409.0,211471.0,210069.0,211423.0,212285.0,212630.0,212314.0,212957.0,212845.0,212353.0,210908.0,208134.0
208285.0,211863.0,214801.0,217953.0,223247.0,225600.0,226908.0,227685.0,227610.0,227656.0,225568.0,221569.0,220143.0,215296.0,211504.0,210490.0
214956.0,216807.0,218620.0,221433.0,222654.0,223937.0,225965.0,225690.0,226945.0,227212.0,227628.0,226180.0,224294.0,220554.0,218111.0,216248.0
220204.0,223995.0,222859.0,222981.0,223403.0,224565.0,225015.0,225652.0,224413.0,225234.0,221424.0,224731.0,222418.0,221996.0,220801.0,222195.0
218807.0,219820.0,222542.0,224566.0,229009.0,232923.0,233746.0,234303.0,235586.0,234097.0,233266.0,232082.0,229098.0,225435.0,222106.0,220022.0
215734.0,217604.0,220977.0,221900.0,222871.0,221936.0,221367.0,221765.0,223006.0,223496.0,223466.0,222037.0,223224.0,223193.0,219915.0,216949.0
210291.0,211648.0,212491.0,212670.0,213036.0,212742.0,212922.0,212978.0,212971.0,212860.0,212540.0,213119.0,213138.0,212388.0,212307.0,211003.0
201223.0,202235.0,202967.0,203709.0,204969.0,203922.0,204988.0,205321.0,204793.0,205210.0,205089.0,204347.0,203925.0,203467.0,203984.0,203695.0
217056.0,217289.0,217388.0,219488.0,219522.0,218266.0,217974.0,217930.0,217691.0,218644.0,218274.0,218273.0,219031.0,218365.0,218404.0,217557.0
225070.0,227268.0,230221.0,233807.0,234046.0,233198.0,231808.0,228648.0,226555.0,226461.0,229547.0,232626.0,234192.0,233243.0,230238.0,227368.0
207021.0,210254.0,214032.0,216220.0,217793.0,217825.0,214177.0,212254.0,211693.0,213204.0,215221.0,220117.0,222733.0,219512.0,215036.0,210290.0
225095.0,227637.0,231447.0,236127.0,238977.0,238811.0,238543.0,241735.0,243999.0,243888.0,239269.0,233010.0,232485.0,231189.0,229567.0,226077.0
206897.0,208102.0,212354.0,217177.0,221807.0,226660.0,232332.0,234542.0,235462.0,234514.0,232893.0,228496.0,222551.0,217315.0,212814.0,208944.0
209647.0,211861.0,212851.0,213432.0,213737.0,212508.0,213948.0,211416.0,211084.0,212423.0,212394.0,213871.0,212758.0,212436.0,212951.0,210963.0
213462.0,216262.0,219045.0,220411.0,223328.0,224377.0,225428.0,226307.0,226046.0,224260.0,223092.0,220665.0,217573.0,215109.0,215127.0,213190.0
200527.0,201754.0,202731.0,202743.0,202014.0,203349.0,202690.0,203834.0,204788.0,203952.0,203912.0,203522.0,205145.0,203369.0,204907.0,202543.0
201905.0,203339.0,206115.0,207292.0,208308.0,209229.0,210908.0,211907.0,211659.0,211033.0,209575.0,208824.0,207404.0,204964.0,204770.0,204014.0
218300.0,219695.0,219431.0,220540.0,219982.0,218945.0,219943.0,219778.0,220864.0,220948.0,219753.0,219665.0,221018.0,220249.0,219777.0,218496.0
199439.0,199663.0,201975.0,203203.0,205016.0,206428.0,206925.0,206543.0,205719.0,205424.0,204708.0,204774.0,203877.0,202015.0,201825.0,200682.0
232141.0,233798.0,233706.0,234472.0,234257.0,233850.0,233298.0,235055.0,235126.0,234704.0,233295.0,234460.0,234242.0,234451.0,234727.0,233970.0
225527.0,227212.0,228329.0,228505.0,230264.0,230161.0,229888.0,231442.0,232519.0,231402.0,231752.0,229869.0,228402.0,228472.0,229266.0,228268.0
207283.0,207181.0,206730.0,206953.0,208564.0,210098.0,210966.0,211166.0,211660.0,212183.0,211707.0,212540.0,212153.0,210488.0,208815.0,208809.0
207896.0,209064.0,208982.0,209179.0,208496.0,208335.0,209966.0,208454.0,208579.0,208273.0,209122.0,209628.0,208747.0,209375.0,209440.0,209160.0
218913.0,219617.0,221937.0,224912.0,227088.0,229002.0,231326.0,234818.0,236769.0,235149.0,230980.0,229504.0,229559.0,227678.0,223180.0,219966.0
213608.0,215043.0,216821.0,218388.0,217657.0,219917.0,223409.0,223287.0,223272.0,224472.0,224331.0,221504.0,219368.0,219771.0,218587.0,215921.0
223000.0,224894.0,226616.0,228759.0,229554.0,229142.0,227722.0,228469.0,227933.0,228978.0,228862.0,227730.0,227720.0,225625.0,227377.0,224753.0
211166.0,211351.0,212222.0,211908.0,211879.0,212318.0,212491.0,211821.0,211305.0,212884.0,212077.0,210861.0,210818.0,212801.0,213056.0,211822.0
232533.0,234474.0,236181.0,235519.0,236053.0,239056.0,238374.0,238018.0,238928.0,237994.0,237943.0,237936.0,236655.0,235022.0,236110.0,235348.0
208660.0,208847.0,209886.0,210569.0,211539.0,211028.0,212877.0,213656.0,212970.0,214140.0,214172.0,213378.0,214487.0,212603.0,212993.0,210423.0
210456.0,211157.0,212295.0,212402.0,214454.0,214823.0,215734.0,217545.0,218346.0,216678.0,217365.0,216006.0,214736.0,212860.0,212890.0,211079.0
208035.0,211247.0,208690.0,210574.0,210557.0,211057.0,210000.0,210487.0,209808.0,210293.0,209949.0,210427.0,209880.0,210984.0,209789.0,211041.0
204694.0,205965.0,205886.0,206768.0,206318.0,205300.0,205268.0,205726.0,204415.0,206278.0,206711.0,205681.0,206617.0,205749.0,205851.0,205205.0
218974.0,221168.0,223104.0,226599.0,229162.0,229514.0,229560.0,230283.0,229938.0,229640.0,229390.0,229054.0,226506.0,225098.0,221772.0,219254.0
226507.0,227313.0,229526.0,232202.0,237208.0,239810.0,243344.0,246940.0,246950.0,245570.0,244194.0,241172.0,237370.0,233098.0,230379.0,228889.0
214475.0,217236.0,217181.0,218850.0,219925.0,219464.0,219046.0,219026.0,219649.0,218950.0,219619.0,218719.0,219490.0,218078.0,216275.0,216961.0
220775.0,223587.0,223190.0,224134.0,223354.0,224779.0,223951.0,225971.0,224640.0,226926.0,225961.0,226574.0,224601.0,224654.0,221264.0,223391.0
209540.0,209778.0,211271.0,212199.0,212403.0,213987.0,213890.0,213052.0,214425.0,213798.0,214675.0,214580.0,215976.0,215085.0,213892.0,212233.0
200140.0,203405.0,203381.0,205517.0,205526.0,204002.0,203934.0,202989.0,200199.0,203295.0,202761.0,205094.0,205652.0,205381.0,204203.0,202407.0
212148.0,215315.0,217724.0,215224.0,219569.0,221750.0,224132.0,225315.0,227951.0,227425.0,226879.0,223342.0,220771.0,219027.0,218674.0,215666.0
234352.0,236652.0,238400.0,239518.0,239482.0,238690.0,239014.0,239904.0,241624.0,241668.0,241280.0,240762.0,240162.0,239338.0,237978.0,235808.0
205846.0,207983.0,210009.0,210170.0,211058.0,210645.0,212445.0,214177.0,213719.0,214297.0,212903.0,211609.0,210867.0,210428.0,210852.0,208316.0
223232.0,225736.0,229032.0,229833.0,228224.0,229680.0,227592.0,227360.0,227436.0,226704.0,228278.0,228180.0,227944.0,226525.0,227345.0,224671.0
214692.0,217096.0,219931.0,220165.0,221293.0,222992.0,219143.0,217111.0,216242.0,217276.0,220478.0,221022.0,221860.0,218829.0,218225.0,217211.0
212261.0,215095.0,216060.0,215942.0,217446.0,217871.0,215562.0,217078.0,219092.0,217960.0,218122.0,219071.0,217421.0,215825.0,216994.0,213936.0
198638.0,202167.0,204830.0,203360.0,201618.0,199999.0,201178.0,201153.0,203454.0,204695.0,204611.0,203353.0,203867.0,205540.0,203568.0,200021.0
220524.0,220529.0,221020.0,222682.0,223256.0,223093.0,222862.0,222428.0,223647.0,226017.0,225619.0,226562.0,225499.0,224022.0,224622.0,222222.0
199628.0,199701.0,200381.0,200318.0,199256.0,200458.0,200896.0,200568.0,199853.0,201087.0,201389.0,199728.0,199066.0,200115.0,201121.0,200285.0
214861.0,215171.0,215578.0,216651.0,217472.0,217157.0,216920.0,217872.0,219118.0,219119.0,218318.0,217560.0,217000.0,217040.0,217865.0,217146.0
213826.0,213930.0,215094.0,214258.0,215802.0,214837.0,214818.0,216740.0,217649.0,219313.0,217876.0,216868.0,217160.0,215257.0,215193.0,215005.0
209782.0,211671.0,213932.0,213468.0,215740.0,217109.0,217073.0,217488.0,219122.0,218816.0,215848.0,215794.0,214337.0,210534.0,212612.0,211950.0
206586.0,208147.0,209291.0,209186.0,208180.0,208032.0,208902.0,209082.0,208156.0,208129.0,208670.0,208028.0,207706.0,208962.0,209085.0,207202.0
225954.0,227825.0,229866.0,233180.0,237156.0,239728.0,242214.0,243702.0,243725.0,241581.0,240275.0,236375.0,233206.0,230179.0,228120.0,225938.0
199147.0,201605.0,201654.0,202496.0,203929.0,201585.0,201800.0,202533.0,201133.0,202072.0,201666.0,201259.0,201548.0,201407.0,201185.0,201649.0
216729.0,217855.0,219098.0,220351.0,221115.0,221908.0,222968.0,223559.0,222537.0,222449.0,221668.0,221622.0,221736.0,220611.0,219026.0,217210.0
225882.0,229110.0,233040.0,236140.0,238066.0,239098.0,238121.0,237842.0,238002.0,237081.0,237522.0,237723.0,236642.0,233956.0,230821.0,226858.0
208202.0,209548.0,211874.0,210860.0,210660.0,213063.0,213540.0,212650.0,213658.0,213787.0,211975.0,213355.0,211305.0,210076.0,212604.0,210553.0
206336.0,208193.0,207935.0,207305.0,206413.0,207057.0,208172.0,207279.0,207016.0,206943.0,207626.0,207202.0,206900.0,207906.0,207526.0,206303.0
232141.0,232836.0,233121.0,233248.0,233201.0,234178.0,234175.0,233145.0,233908.0,233811.0,233232.0,233247.0,233187.0,233007.0,233789.0,233508.0
212463.0,214523.0,216231.0,218615.0,219828.0,219649.0,218797.0,218182.0,215741.0,215608.0,216585.0,216821.0,217514.0,215718.0,214897.0,214996.0
216680.0,219429.0,222210.0,225659.0,227532.0,227460.0,226667.0,221944.0,220850.0,223107.0,223744.0,227922.0,228804.0,226068.0,223469.0,219315.0
213241.0,215454.0,216248.0,219312.0,222183.0,224592.0,225557.0,227394.0,227109.0,227441.0,226156.0,224395.0,222124.0,218508.0,216134.0,214368.0
