249851.0,253743.0,255589.0,256237.0,256917.0,255922.0,253654.0,252341.0,252105.0,252509.0,254447.0,255096.0,255308.0,253534.0,251818.0,250721.0
252311.0,254819.0,254942.0,257681.0,258376.0,258416.0,263281.0,262726.0,262077.0,262662.0,259638.0,260585.0,258611.0,254707.0,256198.0,254092.0
244006.0,245694.0,246065.0,246859.0,248391.0,249561.0,250164.0,251679.0,251829.0,251503.0,249624.0,248867.0,246849.0,246291.0,245808.0,245082.0
257450.0,258491.0,261439.0,262039.0,259209.0,257278.0,258191.0,259597.0,259739.0,260249.0,259661.0,259966.0,259815.0,260270.0,260314.0,258736.0
257241.0,258143.0,260105.0,260880.0,259088.0,258689.0,260282.0,260345.0,260259.0,261024.0,259625.0,259488.0,259857.0,261314.0,262170.0,260016.0
260412.0,261552.0,261354.0,260578.0,261025.0,261290.0,261069.0,260802.0,261008.0,261938.0,261419.0,260382.0,261046.0,260120.0,260459.0,260210.0
255237.0,256793.0,257592.0,258008.0,257737.0,257734.0,259938.0,257269.0,259713.0,259029.0,259175.0,257976.0,258866.0,259848.0,257635.0,256548.0
260879.0,263609.0,266732.0,271411.0,272557.0,273705.0,275922.0,276374.0,275786.0,275404.0,274562.0,272916.0,269941.0,267341.0,263845.0,261634.0
268541.0,270193.0,271117.0,274376.0,273742.0,275088.0,270808.0,271949.0,270404.0,273474.0,274165.0,276818.0,275906.0,272597.0,269785.0,267977.0
243096.0,244499.0,245926.0,249073.0,251693.0,254745.0,255588.0,257256.0,255980.0,256591.0,255142.0,253631.0,249636.0,247120.0,245098.0,245168.0
265057.0,266396.0,267724.0,268155.0,269501.0,271569.0,271357.0,271767.0,273366.0,274604.0,273492.0,271791.0,270878.0,269339.0,268416.0,266912.0
267333.0,271114.0,273577.0,272788.0,274603.0,272670.0,272534.0,272904.0,271777.0,271991.0,270461.0,271292.0,272394.0,270782.0,270226.0,268634.0
250813.0,250206.0,250892.0,252800.0,253317.0,254909.0,257339.0,257564.0,257482.0,257350.0,256981.0,255648.0,255048.0,253239.0,252060.0,251312.0
251376.0,252247.0,251624.0,253793.0,254899.0,254040.0,253914.0,251581.0,252462.0,254117.0,253578.0,252895.0,253964.0,254443.0,254573.0,252474.0
246592.0,248761.0,249763.0,250798.0,251397.0,252058.0,250280.0,249941.0,247929.0,248539.0,248295.0,251152.0,252578.0,251768.0,250403.0,249152.0
251146.0,253888.0,258022.0,264744.0,271120.0,278514.0,285012.0,287932.0,291006.0,291030.0,288466.0,285810.0,276304.0,269624.0,261996.0,256630.0
257740.0,261484.0,262541.0,265527.0,267994.0,268409.0,269720.0,271131.0,272151.0,272338.0,267937.0,265667.0,264384.0,261063.0,261676.0,259348.0
257816.0,259454.0,258271.0,260539.0,260565.0,260939.0,260995.0,261973.0,260725.0,261511.0,262420.0,260099.0,259043.0,260387.0,257851.0,259104.0
277078.0,279015.0,283388.0,284632.0,284337.0,284069.0,283501.0,284257.0,284198.0,284703.0,284832.0,284652.0,285332.0,283892.0,281670.0,279632.0
248890.0,252193.0,253619.0,255184.0,260778.0,261571.0,260936.0,262409.0,259822.0,259053.0,257980.0,257704.0,257656.0,254676.0,253889.0,251692.0
270693.0,272043.0,273512.0,271067.0,269564.0,270054.0,272459.0,272072.0,269935.0,268238.0,269377.0,269679.0,271070.0,271077.0,271226.0,270370.0
247356.0,248148.0,250119.0,249289.0,251180.0,253065.0,252025.0,251498.0,253389.0,251242.0,251737.0,252900.0,252344.0,250519.0,251190.0,249715.0
234310.0,236434.0,239781.0,238710.0,239054.0,241493.0,242863.0,242729.0,243078.0,244348.0,245397.0,244378.0,242348.0,240369.0,240965.0,237639.0
254278.0,257671.0,262181.0,266536.0,268381.0,267612.0,265761.0,265860.0,266621.0,269360.0,270317.0,269915.0,268173.0,266249.0,261686.0,257255.0
261982.0,264095.0,267030.0,270331.0,271318.0,271280.0,268665.0,267388.0,267202.0,268418.0,268860.0,269574.0,268602.0,267366.0,267729.0,263760.0
248160.0,249036.0,250532.0,251791.0,253238.0,251774.0,251460.0,250789.0,251896.0,252681.0,253408.0,253060.0,253639.0,253546.0,253291.0,250899.0
259737.0,260548.0,262887.0,266740.0,270789.0,272681.0,273437.0,272106.0,269964.0,269213.0,268250.0,267211.0,267635.0,267083.0,266562.0,265231.0
251436.0,252849.0,255795.0,255840.0,256640.0,256871.0,258179.0,257242.0,258410.0,257267.0,259065.0,257340.0,255512.0,252364.0,252915.0,251323.0
246823.0,248451.0,252592.0,252752.0,249517.0,251243.0,252110.0,250966.0,252093.0,252279.0,252696.0,251485.0,252909.0,252838.0,251241.0,249885.0
248925.0,251571.0,254640.0,256508.0,257022.0,259745.0,260754.0,261930.0,260037.0,260851.0,261013.0,258177.0,255978.0,253873.0,252329.0,251623.0
268210.0,271146.0,271086.0,271634.0,273456.0,276019.0,278038.0,278498.0,279769.0,281054.0,280652.0,278358.0,276219.0,275867.0,274286.0,270492.0
279063.0,280304.0,280319.0,283449.0,283831.0,284822.0,286673.0,287055.0,288242.0,285530.0,282140.0,281037.0,279592.0,279961.0,280861.0,278901.0
242924.0,244818.0,247020.0,246545.0,249516.0,247762.0,246477.0,249529.0,248295.0,251490.0,250017.0,248349.0,249164.0,246853.0,247097.0,246430.0
267401.0,269373.0,268110.0,270220.0,270319.0,271059.0,271145.0,270257.0,270235.0,269896.0,270181.0,268647.0,267927.0,269481.0,267972.0,267597.0
251106.0,251779.0,253027.0,252787.0,253334.0,251771.0,251418.0,252121.0,252777.0,251734.0,252618.0,252924.0,253751.0,253643.0,252662.0,252104.0
258250.0,258868.0,257978.0,259185.0,260083.0,262124.0,261428.0,261528.0,258797.0,259036.0,258419.0,259569.0,260162.0,261718.0,260645.0,261746.0
273841.0,275741.0,279093.0,279634.0,282717.0,281797.0,279329.0,278220.0,278551.0,276197.0,279831.0,282764.0,281415.0,280277.0,280059.0,276486.0
259714.0,262527.0,262702.0,264156.0,265156.0,266589.0,266714.0,266421.0,266747.0,266604.0,265350.0,263481.0,264988.0,263632.0,261673.0,260144.0
261832.0,262442.0,263857.0,265505.0,266389.0,263263.0,262157.0,264174.0,266127.0,264520.0,263613.0,264602.0,263969.0,264810.0,263610.0,263086.0
258154.0,260839.0,260662.0,262649.0,263922.0,263882.0,264366.0,263868.0,263231.0,262748.0,262625.0,261878.0,261699.0,260331.0,259360.0,259704.0
270025.0,269485.0,271931.0,274621.0,275851.0,276350.0,275703.0,274256.0,273366.0,274440.0,274252.0,275878.0,275377.0,274876.0,272574.0,270659.0
253533.0,255922.0,258438.0,260753.0,260229.0,259672.0,260130.0,260897.0,262473.0,262538.0,259838.0,258070.0,257217.0,257782.0,257342.0,256946.0
250707.0,250643.0,252590.0,255797.0,255795.0,258598.0,259836.0,258182.0,258865.0,258477.0,257796.0,256919.0,255935.0,253936.0,253718.0,252554.0
255720.0,257794.0,264101.0,267397.0,268353.0,271635.0,274998.0,274507.0,276380.0,277799.0,273895.0,268767.0,264159.0,264858.0,264670.0,259519.0
260229.0,259787.0,261835.0,263681.0,265134.0,265350.0,265187.0,266913.0,265613.0,266333.0,266198.0,263816.0,263371.0,261590.0,261711.0,259732.0
245583.0,248115.0,250630.0,251917.0,256893.0,258084.0,258890.0,262650.0,263296.0,264053.0,262948.0,259782.0,257408.0,252698.0,252682.0,250619.0
240439.0,241051.0,243811.0,245638.0,246395.0,249059.0,249618.0,248919.0,249013.0,248372.0,246150.0,246164.0,246579.0,244901.0,241911.0,241384.0
275778.0,278128.0,278283.0,279151.0,277030.0,276224.0,277102.0,276884.0,278265.0,277476.0,278716.0,277046.0,277315.0,278269.0,278834.0,278153.0
251572.0,254619.0,255713.0,258989.0,261857.0,261867.0,262842.0,264157.0,263896.0,262821.0,263347.0,262272.0,264003.0,259884.0,258474.0,257175.0
265905.0,268013.0,269951.0,269667.0,268193.0,269418.0,270899.0,268699.0,269819.0,270162.0,270334.0,268036.0,267489.0,269151.0,270150.0,268300.0
233505.0,236924.0,237755.0,238632.0,239880.0,238972.0,240971.0,239485.0,239545.0,240334.0,239469.0,239821.0,238515.0,238723.0,236354.0,235077.0
244267.0,246542.0,250144.0,249723.0,253326.0,258312.0,262532.0,265741.0,265928.0,269564.0,270723.0,268665.0,263365.0,259406.0,256123.0,251279.0
255789.0,258292.0,259239.0,258883.0,257498.0,259614.0,260209.0,258656.0,259192.0,261438.0,258986.0,258690.0,258821.0,259292.0,258829.0,257474.0
242693.0,246346.0,249323.0,248599.0,249115.0,247789.0,248129.0,250844.0,253289.0,251597.0,251429.0,250608.0,247768.0,248727.0,250170.0,246542.0
271849.0,273103.0,273747.0,273375.0,274598.0,274591.0,274783.0,276794.0,276124.0,275333.0,275427.0,274352.0,274486.0,272577.0,271490.0,272265.0
256561.0,258786.0,259798.0,263105.0,266798.0,269862.0,268889.0,268220.0,269033.0,267667.0,268648.0,268829.0,268882.0,265759.0,262664.0,258789.0
244533.0,245143.0,248577.0,249587.0,249560.0,249874.0,250553.0,252742.0,253251.0,251791.0,249295.0,249471.0,249348.0,248522.0,248835.0,245702.0
246194.0,247212.0,248341.0,251235.0,252668.0,255445.0,257258.0,256562.0,256224.0,255254.0,255505.0,254625.0,252602.0,251243.0,248878.0,246994.0
255369.0,257624.0,257172.0,260175.0,260431.0,261106.0,258895.0,258687.0,255928.0,257248.0,257722.0,260341.0,260888.0,261690.0,259892.0,260160.0
237638.0,240557.0,242204.0,244459.0,243431.0,244295.0,245714.0,248898.0,248932.0,247079.0,245312.0,244468.0,243355.0,243975.0,241670.0,239469.0
259468.0,261415.0,266331.0,272656.0,277537.0,281270.0,286706.0,290596.0,293898.0,290880.0,286799.0,281261.0,277946.0,274150.0,268727.0,263360.0
247448.0,248568.0,252006.0,255478.0,256846.0,256114.0,254943.0,254105.0,256257.0,258860.0,259747.0,259024.0,258304.0,257327.0,253713.0,251004.0
250588.0,252232.0,253954.0,255429.0,255481.0,255275.0,254362.0,254750.0,255871.0,256877.0,255162.0,253603.0,255146.0,253679.0,253064.0,252307.0
259307.0,260553.0,263347.0,266801.0,272826.0,275479.0,277696.0,281748.0,281116.0,283433.0,281242.0,277537.0,273548.0,269354.0,265839.0,262270.0
255949.0,255589.0,259153.0,261731.0,264553.0,265823.0,267574.0,268248.0,267964.0,269016.0,266480.0,264543.0,260482.0,258793.0,258448.0,256868.0
271385.0,272147.0,272499.0,272699.0,274468.0,274284.0,274494.0,276134.0,278853.0,277261.0,275942.0,275737.0,275133.0,272946.0,273374.0,272728.0
248865.0,251050.0,254008.0,255569.0,257902.0,259644.0,258501.0,256041.0,255957.0,255194.0,254931.0,255524.0,255633.0,251413.0,250400.0,250150.0
251037.0,251316.0,251974.0,252414.0,250818.0,251347.0,252328.0,252282.0,252615.0,251640.0,251260.0,252202.0,252854.0,252673.0,252126.0,251346.0
239887.0,242544.0,244383.0,247131.0,246839.0,247824.0,246224.0,247816.0,246252.0,247588.0,245488.0,247418.0,247186.0,247191.0,244079.0,243062.0
260661.0,263802.0,263274.0,263677.0,263971.0,263942.0,264637.0,264403.0,265008.0,266072.0,264661.0,263437.0,264604.0,264440.0,263134.0,261773.0
252501.0,256988.0,255514.0,254702.0,257457.0,257448.0,255707.0,256989.0,257087.0,256169.0,255759.0,255715.0,254360.0,254500.0,255508.0,254326.0
253284.0,254442.0,255268.0,256925.0,255305.0,254932.0,254449.0,254933.0,254661.0,254256.0,253969.0,253686.0,255985.0,255805.0,255217.0,254007.0
238867.0,243363.0,247780.0,250227.0,248719.0,253960.0,255732.0,252757.0,252273.0,251858.0,251932.0,251931.0,249822.0,247148.0,244247.0,243842.0
270225.0,272681.0,275672.0,274888.0,274687.0,275545.0,274710.0,273587.0,276419.0,275720.0,276922.0,276997.0,275826.0,272589.0,271449.0,271031.0
272949.0,274110.0,275331.0,276245.0,278336.0,278816.0,278223.0,277452.0,278206.0,277924.0,277250.0,276994.0,274110.0,274193.0,275273.0,276336.0
261776.0,260921.0,261182.0,262248.0,261484.0,263088.0,264644.0,264981.0,264960.0,266194.0,265399.0,264459.0,264474.0,262898.0,262189.0,262263.0
260901.0,263080.0,266324.0,271008.0,271863.0,270015.0,268266.0,269246.0,269560.0,270538.0,269437.0,268779.0,269358.0,268559.0,266120.0,262430.0
262086.0,263203.0,264081.0,265286.0,265535.0,264441.0,266358.0,264464.0,264671.0,264153.0,265143.0,263674.0,262703.0,263322.0,262788.0,263150.0
252919.0,253976.0,257194.0,257454.0,256677.0,257078.0,259085.0,263569.0,266142.0,266496.0,264596.0,263188.0,262793.0,262052.0,258952.0,255925.0
250645.0,249291.0,251890.0,255070.0,257883.0,261062.0,262075.0,263186.0,263601.0,262794.0,262204.0,260551.0,259109.0,257839.0,254605.0,251883.0
235227.0,236833.0,237589.0,239145.0,239102.0,239327.0,238818.0,239692.0,239207.0,239537.0,240115.0,238475.0,238698.0,237322.0,236729.0,235794.0
258460.0,261017.0,261888.0,263622.0,262110.0,261052.0,264963.0,267319.0,268944.0,270334.0,266799.0,266945.0,266709.0,264899.0,263853.0,260820.0
248702.0,249697.0,250981.0,250997.0,251959.0,251833.0,252035.0,251788.0,251594.0,251366.0,251904.0,250993.0,251184.0,251059.0,249956.0,249782.0
254731.0,254135.0,256967.0,258687.0,260152.0,260369.0,263524.0,261669.0,261505.0,262292.0,262715.0,258686.0,261440.0,258570.0,256882.0,255748.0
260145.0,263944.0,266040.0,269758.0,274436.0,278022.0,280690.0,280989.0,280797.0,278718.0,276076.0,272386.0,267663.0,262957.0,261117.0,260646.0
274729.0,276890.0,279380.0,280079.0,280253.0,281749.0,285326.0,284067.0,282959.0,282338.0,284382.0,282514.0,278875.0,278847.0,278886.0,278324.0
247212.0,249892.0,251964.0,253233.0,253473.0,251905.0,251972.0,253026.0,253760.0,254880.0,254743.0,252361.0,253072.0,253963.0,253165.0,249671.0
248396.0,250902.0,252831.0,254188.0,257031.0,256659.0,256881.0,257112.0,255771.0,255771.0,255879.0,255480.0,255686.0,254092.0,252357.0,250588.0
241641.0,243536.0,244909.0,249026.0,247495.0,247335.0,249836.0,249923.0,253314.0,252252.0,250433.0,248733.0,247966.0,248104.0,248025.0,243560.0
233738.0,234373.0,236274.0,238731.0,239932.0,242974.0,242875.0,243437.0,243488.0,245349.0,242550.0,240968.0,239425.0,236907.0,237039.0,234468.0
233352.0,234253.0,237206.0,237595.0,236593.0,237480.0,238681.0,238345.0,238559.0,239541.0,238112.0,236985.0,236187.0,235142.0,234856.0,233769.0
265642.0,266042.0,267109.0,267501.0,268642.0,268140.0,269512.0,267543.0,267927.0,268299.0,264162.0,266610.0,265220.0,266069.0,266696.0,266456.0
253642.0,256613.0,259036.0,261887.0,263062.0,265676.0,269411.0,269029.0,268361.0,265761.0,263445.0,260922.0,260436.0,258306.0,256121.0,254828.0
237437.0,238510.0,238512.0,239343.0,239110.0,240432.0,242417.0,242032.0,242775.0,244900.0,244011.0,242250.0,241518.0,240696.0,240428.0,238961.0
255382.0,255713.0,258138.0,258193.0,259564.0,259971.0,261240.0,260213.0,260982.0,259583.0,259928.0,260251.0,259831.0,258534.0,256921.0,256684.0
250214.0,253338.0,255243.0,254895.0,255471.0,255951.0,257278.0,257183.0,255958.0,256021.0,255474.0,255187.0,254883.0,255094.0,253807.0,253027.0
236862.0,239372.0,240672.0,240878.0,244448.0,245031.0,243999.0,242379.0,245409.0,245094.0,244495.0,243615.0,240473.0,239483.0,238186.0,237404.0
260530.0,264558.0,268917.0,273260.0,278297.0,279776.0,281658.0,283762.0,281402.0,282026.0,279106.0,275025.0,272534.0,266645.0,262920.0,262556.0
262898.0,267437.0,268234.0,271761.0,272266.0,274137.0,276255.0,274225.0,273069.0,277561.0,276047.0,275280.0,271196.0,269956.0,269281.0,265713.0
261838.0,263238.0,264464.0,265784.0,266780.0,268194.0,268082.0,266961.0,265778.0,264450.0,264961.0,264229.0,264808.0,265807.0,267351.0,264745.0
255103.0,257147.0,258957.0,260597.0,262337.0,262628.0,263802.0,265345.0,266467.0,268170.0,269051.0,267512.0,266390.0,262111.0,259188.0,256791.0
245362.0,248164.0,248949.0,250530.0,250425.0,249377.0,248327.0,247014.0,246282.0,246522.0,248366.0,249111.0,248519.0,249051.0,247892.0,246973.0
254534.0,257991.0,258752.0,261208.0,264930.0,263479.0,266773.0,266691.0,266258.0,265509.0,264130.0,265135.0,263717.0,261862.0,258290.0,257985.0
247723.0,247818.0,250260.0,251528.0,250992.0,250850.0,250335.0,250247.0,249444.0,249734.0,250685.0,250745.0,251181.0,252102.0,252935.0,250359.0
234270.0,235786.0,240305.0,245923.0,251394.0,256198.0,258409.0,258862.0,257842.0,255519.0,253056.0,250838.0,246977.0,242508.0,237893.0,234732.0
247513.0,248297.0,253952.0,260091.0,264322.0,262746.0,256417.0,251918.0,249549.0,251632.0,253730.0,259766.0,262750.0,260001.0,256389.0,249069.0
263704.0,266085.0,265880.0,265687.0,267295.0,266664.0,265182.0,264549.0,265207.0,266764.0,265561.0,265073.0,263228.0,263865.0,264227.0,263841.0
274383.0,277658.0,279035.0,279022.0,278325.0,280930.0,277762.0,283370.0,282920.0,281898.0,280300.0,278871.0,278181.0,278516.0,277012.0,278505.0
252665.0,254601.0,258348.0,260064.0,259354.0,256195.0,254926.0,258035.0,258156.0,258648.0,259578.0,261030.0,261950.0,262174.0,259059.0,254257.0
255069.0,257412.0,258246.0,258542.0,259092.0,259356.0,259727.0,260754.0,261829.0,260429.0,261181.0,261756.0,261184.0,259578.0,259044.0,256449.0
227436.0,229416.0,231080.0,231062.0,231823.0,230756.0,230709.0,231343.0,232080.0,231700.0,229882.0,231555.0,230134.0,229750.0,230210.0,228728.0
255726.0,257568.0,259035.0,259351.0,260349.0,259892.0,259078.0,257197.0,256142.0,258852.0,259706.0,261453.0,261437.0,260696.0,259473.0,257113.0
247034.0,248326.0,251296.0,251266.0,251284.0,251701.0,250953.0,251275.0,253681.0,253553.0,253531.0,251874.0,250093.0,251800.0,252674.0,249551.0
271669.0,276268.0,275080.0,276208.0,277766.0,280559.0,279828.0,284735.0,285250.0,282002.0,282515.0,283659.0,279975.0,279000.0,276259.0,274241.0
238648.0,240092.0,244290.0,244217.0,243199.0,243943.0,243959.0,243601.0,244646.0,246213.0,245426.0,244552.0,243374.0,244375.0,245439.0,242294.0
281373.0,284940.0,287748.0,286449.0,284032.0,289078.0,288518.0,287568.0,284672.0,288296.0,289803.0,285946.0,284659.0,286482.0,286105.0,283191.0
253395.0,257180.0,261192.0,263026.0,262897.0,261820.0,257136.0,259212.0,262776.0,261041.0,258904.0,260802.0,260918.0,262671.0,262954.0,257028.0
247634.0,251539.0,254013.0,255301.0,260267.0,262154.0,262132.0,265183.0,265842.0,264503.0,261245.0,257604.0,255922.0,253629.0,251235.0,249865.0
258144.0,262071.0,267524.0,268588.0,268998.0,271918.0,274314.0,275932.0,278592.0,276487.0,270990.0,267292.0,266332.0,264694.0,262754.0,259946.0
257509.0,259130.0,260658.0,260596.0,263666.0,264233.0,264616.0,266237.0,263749.0,265111.0,263973.0,261332.0,260054.0,260336.0,260019.0,260929.0
239221.0,243539.0,242175.0,245578.0,241891.0,244147.0,242736.0,242636.0,239396.0,243405.0,243906.0,245994.0,242985.0,245590.0,241989.0,242370.0
249765.0,248588.0,248939.0,250138.0,250827.0,255507.0,257419.0,259772.0,259653.0,261902.0,259928.0,258388.0,256580.0,254951.0,253256.0,250145.0
265987.0,267522.0,270503.0,271940.0,271424.0,274342.0,277410.0,277841.0,277418.0,277933.0,279782.0,277966.0,273555.0,271710.0,272039.0,267964.0
243634.0,244999.0,246952.0,249808.0,250557.0,252919.0,253478.0,254697.0,258275.0,256970.0,254803.0,252022.0,251080.0,248854.0,249041.0,245439.0
241511.0,247400.0,250000.0,251300.0,251829.0,254935.0,258492.0,256918.0,254645.0,255304.0,254150.0,248844.0,245203.0,244861.0,245670.0,243362.0
254071.0,255213.0,256513.0,257827.0,257241.0,257198.0,256590.0,255665.0,257269.0,257805.0,256929.0,255593.0,255431.0,255616.0,257600.0,257271.0
248644.0,252714.0,255528.0,257830.0,258346.0,259279.0,260086.0,263321.0,262167.0,261877.0,261002.0,261546.0,259152.0,258099.0,255238.0,252613.0
253470.0,255148.0,255536.0,257860.0,258227.0,258616.0,258479.0,259326.0,257346.0,258241.0,257291.0,257668.0,259075.0,258901.0,257888.0,256480.0
258540.0,259899.0,262637.0,262448.0,261891.0,261141.0,260300.0,260448.0,260230.0,260372.0,261279.0,261392.0,261330.0,261696.0,261088.0,259239.0
248113.0,251056.0,249801.0,250832.0,252883.0,253422.0,255357.0,255705.0,256491.0,255234.0,256259.0,254485.0,253103.0,251685.0,250411.0,250527.0
251373.0,253563.0,254643.0,256998.0,259709.0,262759.0,267571.0,268833.0,271476.0,270934.0,268820.0,266743.0,261876.0,260895.0,255396.0,256103.0
245886.0,248475.0,249870.0,253784.0,254488.0,255689.0,253145.0,251923.0,248757.0,249974.0,249817.0,254057.0,255622.0,256250.0,252417.0,250154.0
279320.0,280710.0,283495.0,286438.0,287666.0,287052.0,284431.0,282366.0,280338.0,281022.0,284739.0,286421.0,287550.0,286318.0,284183.0,281095.0
260964.0,265357.0,269371.0,273583.0,269249.0,268300.0,268586.0,271432.0,275854.0,271110.0,267537.0,266321.0,270266.0,272505.0,270474.0,264865.0
255372.0,256952.0,257777.0,261572.0,261776.0,262265.0,262554.0,260792.0,260282.0,259087.0,263479.0,262943.0,263201.0,261886.0,260391.0,257951.0
249248.0,251692.0,252569.0,254647.0,255111.0,255598.0,257539.0,260102.0,260364.0,257061.0,253925.0,253700.0,253409.0,253670.0,249711.0,249444.0
244045.0,245902.0,246390.0,244621.0,246581.0,245367.0,244502.0,245239.0,245613.0,245049.0,245924.0,246766.0,246645.0,247053.0,244861.0,244584.0
246593.0,249849.0,251659.0,253987.0,256990.0,260746.0,264416.0,266172.0,265824.0,265424.0,264001.0,261800.0,256957.0,254950.0,250606.0,251286.0
252141.0,253918.0,256215.0,258647.0,259588.0,261256.0,263291.0,264876.0,263665.0,266562.0,264127.0,263926.0,261942.0,258216.0,256237.0,254341.0
258695.0,262020.0,265407.0,268119.0,273441.0,276639.0,274922.0,275295.0,273439.0,271904.0,271309.0,267103.0,268315.0,266497.0,261672.0,261823.0
252377.0,251759.0,252872.0,254351.0,255391.0,257049.0,258234.0,259444.0,257955.0,258732.0,258401.0,257409.0,256195.0,254811.0,253951.0,251741.0
261062.0,261828.0,262690.0,263578.0,265116.0,266555.0,266656.0,266879.0,267199.0,268131.0,267830.0,265002.0,263891.0,262734.0,261748.0,261965.0
258190.0,259435.0,262375.0,261671.0,261318.0,260649.0,262172.0,264025.0,263571.0,262535.0,261354.0,260669.0,261735.0,261541.0,260473.0,259615.0
264414.0,265985.0,269065.0,272221.0,275090.0,277326.0,277935.0,277223.0,277772.0,277674.0,275481.0,274757.0,273251.0,270583.0,266919.0,264208.0
247741.0,249214.0,247981.0,250896.0,251451.0,251822.0,252082.0,252069.0,253722.0,252424.0,251713.0,251804.0,250011.0,251273.0,251904.0,249457.0
256452.0,256363.0,259633.0,260986.0,263695.0,268043.0,265186.0,263410.0,263810.0,262156.0,261237.0,263404.0,264315.0,265055.0,263941.0,260450.0
267523.0,269880.0,271359.0,273766.0,270744.0,271096.0,269893.0,269634.0,268601.0,269594.0,270731.0,270754.0,270084.0,271374.0,270948.0,269275.0
262567.0,263665.0,265726.0,265395.0,264392.0,264917.0,266111.0,266372.0,265813.0,265631.0,265931.0,265573.0,264701.0,264938.0,265585.0,264859.0
254134.0,257145.0,260713.0,265133.0,265416.0,264753.0,261517.0,259868.0,258702.0,260683.0,262401.0,262822.0,262832.0,261652.0,258105.0,256484.0
256424.0,258065.0,259870.0,262718.0,263202.0,264947.0,265965.0,266120.0,265671.0,266946.0,265076.0,263238.0,261442.0,260404.0,259888.0,257792.0
254049.0,256069.0,256513.0,258528.0,257447.0,258349.0,257816.0,257337.0,256793.0,254956.0,256043.0,258079.0,257847.0,258123.0,256902.0,255191.0
241592.0,240853.0,244985.0,247055.0,248656.0,249547.0,247329.0,245208.0,245309.0,244796.0,244852.0,246187.0,246855.0,247091.0,247062.0,244493.0
245302.0,248336.0,247525.0,248442.0,246958.0,248432.0,247694.0,247583.0,247748.0,248826.0,247593.0,248492.0,246758.0,248265.0,247371.0,246659.0
239766.0,239869.0,241321.0,243327.0,244367.0,243995.0,244348.0,244486.0,244442.0,243386.0,243068.0,243690.0,244356.0,244112.0,243024.0,241159.0
252061.0,254321.0,255664.0,256513.0,258518.0,259626.0,258231.0,256457.0,254888.0,256351.0,257263.0,258316.0,258742.0,258495.0,255751.0,253335.0
241607.0,243526.0,245163.0,247026.0,249743.0,250144.0,252389.0,253052.0,254559.0,254069.0,254503.0,253903.0,252458.0,249947.0,246070.0,244169.0
255089.0,256347.0,256447.0,256728.0,257467.0,257534.0,256196.0,257784.0,257914.0,258000.0,256479.0,256495.0,255841.0,256809.0,257147.0,255985.0
253429.0,255081.0,256743.0,257770.0,256208.0,255620.0,255557.0,254342.0,256450.0,254931.0,256342.0,257203.0,255687.0,255002.0,255884.0,255367.0
254270.0,255099.0,257918.0,260581.0,261120.0,259763.0,257564.0,254820.0,254445.0,255038.0,257410.0,260727.0,261788.0,260603.0,257275.0,254235.0
240719.0,243468.0,248132.0,249124.0,250535.0,252161.0,248072.0,245582.0,246628.0,245872.0,246393.0,250679.0,249213.0,247010.0,245290.0,244446.0
259393.0,259650.0,262345.0,262286.0,264318.0,264568.0,264444.0,263824.0,264140.0,264077.0,263794.0,264424.0,263121.0,262959.0,262739.0,260310.0
262874.0,264533.0,265170.0,266279.0,265765.0,265873.0,265718.0,266576.0,265208.0,265771.0,263175.0,263956.0,265861.0,264267.0,263587.0,262691.0
272543.0,271233.0,272992.0,271706.0,273967.0,275167.0,274094.0,273442.0,272113.0,273991.0,275053.0,277929.0,276692.0,276734.0,274588.0,272948.0
266460.0,268146.0,271403.0,274376.0,277129.0,279952.0,280645.0,281724.0,280906.0,280675.0,279783.0,278853.0,276698.0,275592.0,271970.0,268580.0
246058.0,248095.0,249922.0,253528.0,255864.0,256858.0,258793.0,259531.0,259141.0,258384.0,257823.0,256343.0,253501.0,250867.0,247702.0,247418.0
244594.0,246183.0,245031.0,246633.0,246584.0,247444.0,247368.0,247441.0,246434.0,247894.0,246850.0,247799.0,247721.0,248114.0,246896.0,246958.0
238861.0,241284.0,243541.0,242371.0,242400.0,241973.0,243077.0,243363.0,241737.0,243898.0,243189.0,244305.0,243226.0,243153.0,242649.0,242581.0
256011.0,255845.0,255453.0,255965.0,257699.0,257842.0,258009.0,256815.0,256485.0,256024.0,256971.0,256392.0,255942.0,257958.0,257338.0,255387.0
249081.0,250815.0,252722.0,254209.0,253515.0,253386.0,253434.0,250805.0,249684.0,249662.0,253540.0,254478.0,253948.0,253879.0,253028.0,251826.0
257609.0,258075.0,260258.0,265468.0,271569.0,275536.0,281759.0,285710.0,285397.0,286916.0,283410.0,280004.0,273444.0,268618.0,263256.0,260043.0
253286.0,254903.0,255254.0,254113.0,254610.0,253530.0,252840.0,253905.0,253649.0,254746.0,254837.0,253380.0,253913.0,254112.0,252301.0,253609.0
259933.0,262868.0,261790.0,263220.0,265162.0,265542.0,264536.0,264702.0,261818.0,261932.0,263610.0,263706.0,264782.0,265513.0,262202.0,265884.0
233520.0,236290.0,236716.0,239172.0,237217.0,236878.0,236303.0,235010.0,236036.0,236618.0,236872.0,237042.0,237587.0,236016.0,235003.0,235590.0
267631.0,266760.0,270094.0,270144.0,268700.0,269603.0,269476.0,271344.0,272043.0,271786.0,269709.0,268949.0,269463.0,268810.0,269806.0,267858.0
254190.0,257738.0,258758.0,259775.0,258870.0,262418.0,264230.0,263623.0,262463.0,263798.0,263735.0,260812.0,258186.0,259587.0,258580.0,257701.0
250481.0,252486.0,254701.0,259074.0,263506.0,266505.0,268675.0,273723.0,273438.0,271524.0,270418.0,268992.0,263345.0,258216.0,255556.0,252786.0
251945.0,254963.0,256590.0,260740.0,262896.0,266146.0,267494.0,266719.0,267921.0,265637.0,263507.0,261877.0,259212.0,255829.0,254496.0,253102.0
255654.0,257269.0,259196.0,259847.0,261029.0,261645.0,259968.0,258803.0,259607.0,260731.0,259613.0,260274.0,260136.0,257526.0,257172.0,256294.0
266732.0,266449.0,268087.0,269745.0,269686.0,270897.0,270298.0,270942.0,270571.0,269335.0,268508.0,268612.0,269281.0,268295.0,268975.0,267851.0
252506.0,253512.0,254971.0,256241.0,259318.0,256459.0,258273.0,256788.0,259667.0,257985.0,257440.0,256900.0,256039.0,258773.0,256250.0,255752.0
248520.0,252068.0,255145.0,259627.0,260496.0,266082.0,269548.0,270459.0,267958.0,268143.0,267495.0,264643.0,258309.0,255656.0,253215.0,251792.0
263098.0,267098.0,266838.0,265043.0,268650.0,269988.0,271596.0,270785.0,269730.0,272114.0,270575.0,268612.0,270164.0,268793.0,266933.0,264731.0
267025.0,272623.0,277231.0,276970.0,278080.0,279497.0,281048.0,282618.0,284588.0,282483.0,278665.0,276468.0,277332.0,275070.0,272689.0,272147.0
253936.0,256600.0,258307.0,257676.0,257070.0,259935.0,261520.0,259327.0,259174.0,261566.0,262912.0,260378.0,259854.0,259802.0,258831.0,256508.0
239487.0,242000.0,241102.0,242830.0,244507.0,243699.0,245571.0,242612.0,243912.0,242877.0,244498.0,243339.0,244301.0,242715.0,241015.0,241997.0
257478.0,258646.0,259335.0,258656.0,258406.0,259795.0,259754.0,259401.0,260071.0,259677.0,258360.0,258931.0,259402.0,259881.0,259392.0,257967.0
261462.0,263602.0,262096.0,263076.0,265961.0,263786.0,264760.0,262204.0,260985.0,263100.0,263133.0,264240.0,265550.0,263916.0,264059.0,264342.0
247806.0,248255.0,249825.0,251654.0,253067.0,252765.0,251675.0,250726.0,250789.0,251086.0,250721.0,251904.0,252275.0,251595.0,251234.0,249423.0
252307.0,254940.0,256878.0,257777.0,258971.0,258867.0,257827.0,258080.0,259465.0,260975.0,259362.0,260683.0,260980.0,259059.0,258004.0,254999.0
259924.0,259954.0,260611.0,261264.0,263614.0,265139.0,266175.0,265484.0,266027.0,267238.0,266994.0,267851.0,266153.0,264367.0,263675.0,262140.0
260356.0,260941.0,265100.0,267233.0,271896.0,275599.0,277160.0,278334.0,279670.0,278692.0,274964.0,272463.0,269940.0,266027.0,263882.0,262635.0
224963.0,226243.0,226283.0,227137.0,227048.0,228135.0,228541.0,229510.0,228714.0,228828.0,229237.0,228316.0,226753.0,227692.0,228125.0,226403.0
250070.0,252565.0,254080.0,254770.0,255478.0,256481.0,255191.0,252243.0,252779.0,252111.0,254060.0,254910.0,255538.0,256750.0,255928.0,253446.0
250417.0,255320.0,252705.0,255791.0,255975.0,253925.0,256738.0,255516.0,256500.0,255334.0,254373.0,253785.0,253956.0,254649.0,253923.0,252411.0
261697.0,263466.0,263516.0,265724.0,268632.0,268780.0,269557.0,269071.0,267879.0,267609.0,267312.0,267815.0,268572.0,265871.0,265047.0,262852.0
262013.0,263040.0,263325.0,262527.0,262961.0,262504.0,262215.0,263393.0,263243.0,263404.0,264075.0,262365.0,263082.0,263261.0,262898.0,263518.0
264888.0,265909.0,265273.0,264510.0,266450.0,269571.0,271199.0,271630.0,269792.0,269083.0,270589.0,270452.0,270198.0,266721.0,266263.0,266160.0
236273.0,237709.0,240625.0,242111.0,243441.0,245643.0,245976.0,246088.0,246246.0,247134.0,246503.0,244058.0,241854.0,240972.0,239474.0,237893.0
263572.0,266415.0,271573.0,280711.0,290315.0,299646.0,306104.0,309048.0,309108.0,307691.0,301388.0,292106.0,281898.0,275832.0,269857.0,265186.0
272379.0,276679.0,279235.0,278948.0,282221.0,286563.0,287800.0,291077.0,291949.0,291076.0,288073.0,286710.0,284841.0,280541.0,280451.0,275409.0
243918.0,246406.0,247582.0,252171.0,253493.0,254359.0,254024.0,251969.0,251867.0,251534.0,253249.0,251121.0,250796.0,249836.0,248211.0,245972.0
254519.0,257026.0,255655.0,257471.0,257109.0,256011.0,257350.0,256968.0,257864.0,255969.0,257568.0,255016.0,257075.0,256896.0,256678.0,256585.0
257710.0,259925.0,268394.0,278132.0,288740.0,298210.0,305406.0,311879.0,317713.0,317238.0,311869.0,306104.0,296942.0,283624.0,271539.0,263109.0
255056.0,258041.0,261532.0,265245.0,266152.0,269315.0,267780.0,266869.0,265588.0,263700.0,264768.0,264188.0,266262.0,263781.0,262043.0,256486.0
235940.0,237234.0,239548.0,244564.0,249083.0,254005.0,256810.0,261543.0,264333.0,263320.0,262482.0,257456.0,253022.0,247336.0,244677.0,240441.0
246249.0,251110.0,257259.0,267861.0,276050.0,281795.0,286774.0,289970.0,290150.0,288235.0,282394.0,277633.0,269921.0,262293.0,254169.0,248397.0
251249.0,252626.0,255583.0,254937.0,255152.0,257121.0,259281.0,258362.0,258401.0,257635.0,257203.0,256946.0,257190.0,254880.0,255375.0,253843.0
252158.0,255821.0,255753.0,255488.0,255538.0,255974.0,255712.0,256456.0,256668.0,255584.0,255796.0,256851.0,254042.0,256179.0,254325.0,252919.0
245628.0,249880.0,251942.0,255807.0,260969.0,259187.0,259135.0,257274.0,255281.0,257680.0,260853.0,263036.0,263673.0,258723.0,253755.0,249477.0
260783.0,265211.0,266261.0,265867.0,267980.0,268326.0,268106.0,265888.0,265193.0,267372.0,267738.0,266248.0,264845.0,266201.0,264006.0,262867.0
262561.0,265469.0,264854.0,264313.0,267786.0,265161.0,266091.0,265439.0,265484.0,265163.0,265446.0,265163.0,264520.0,264911.0,264820.0,264187.0
238133.0,238499.0,241251.0,245404.0,247144.0,249106.0,252985.0,255403.0,256737.0,256897.0,253090.0,249088.0,247703.0,245274.0,242183.0,239249.0
254679.0,256430.0,257741.0,260183.0,261419.0,264217.0,264841.0,264391.0,264926.0,264198.0,262666.0,262650.0,261583.0,260176.0,258681.0,256659.0
261718.0,264985.0,265844.0,265128.0,267567.0,265238.0,262667.0,264650.0,264525.0,264647.0,264252.0,265151.0,267001.0,266947.0,266657.0,265303.0
252737.0,253618.0,255688.0,254660.0,255632.0,254420.0,254374.0,256193.0,255025.0,255096.0,256327.0,255389.0,256379.0,255112.0,253636.0,254486.0
246845.0,247982.0,251108.0,253915.0,255337.0,255132.0,254177.0,254836.0,256087.0,256224.0,256435.0,255675.0,253874.0,250792.0,248228.0,246689.0
245536.0,247009.0,247709.0,249112.0,247198.0,246857.0,248312.0,249409.0,249749.0,248099.0,246823.0,247790.0,247532.0,249485.0,247423.0,244513.0
249436.0,253612.0,254549.0,256607.0,255201.0,257155.0,258252.0,259875.0,259851.0,261753.0,257677.0,257832.0,254056.0,254434.0,251689.0,251103.0
270541.0,272334.0,272202.0,272118.0,273274.0,273396.0,273861.0,276112.0,277032.0,277960.0,279400.0,278001.0,276310.0,275111.0,273370.0,273314.0
274273.0,276578.0,278925.0,280058.0,280164.0,279376.0,280988.0,280745.0,280783.0,277336.0,276012.0,276746.0,279856.0,282220.0,279151.0,275525.0
252368.0,253482.0,255173.0,256040.0,257017.0,256746.0,257646.0,256865.0,257028.0,256467.0,255797.0,255437.0,255927.0,255982.0,254115.0,253136.0
256754.0,256282.0,258012.0,258319.0,259027.0,259645.0,259369.0,261404.0,262094.0,262589.0,261548.0,260217.0,259947.0,259448.0,258957.0,257268.0
252659.0,254201.0,253653.0,254091.0,255852.0,256252.0,256438.0,256595.0,255728.0,257073.0,255321.0,255022.0,255483.0,253406.0,252798.0,252648.0
232550.0,237567.0,240247.0,241583.0,241439.0,244035.0,248504.0,252754.0,253591.0,249836.0,245563.0,244701.0,244467.0,243904.0,238847.0,234392.0
280492.0,282150.0,282703.0,282907.0,281985.0,282040.0,280553.0,282155.0,281118.0,282000.0,283431.0,282919.0,282472.0,282177.0,281848.0,281226.0
248453.0,249851.0,250986.0,252294.0,254621.0,254312.0,256632.0,256790.0,256897.0,256730.0,255313.0,255056.0,253459.0,251618.0,250381.0,250135.0
252194.0,252213.0,254217.0,257745.0,261712.0,267415.0,271480.0,276862.0,278186.0,279768.0,279611.0,277736.0,275331.0,268998.0,262495.0,257587.0
249672.0,252846.0,255408.0,255426.0,255043.0,257240.0,258354.0,256397.0,255858.0,255914.0,258025.0,256404.0,254975.0,254328.0,254633.0,253273.0
250883.0,252393.0,254425.0,253927.0,254473.0,252997.0,252619.0,253575.0,253492.0,254548.0,253468.0,251683.0,252074.0,252814.0,254487.0,254182.0
259255.0,261667.0,264890.0,264945.0,262985.0,262273.0,264003.0,266150.0,266241.0,263780.0,262164.0,263436.0,264430.0,262997.0,263094.0,261714.0
226499.0,228224.0,233126.0,242003.0,253119.0,265687.0,275711.0,282870.0,286239.0,285621.0,278516.0,271360.0,258592.0,248443.0,237201.0,231221.0
238145.0,238753.0,239467.0,241423.0,242552.0,244208.0,246812.0,247137.0,249804.0,248717.0,247686.0,247482.0,244139.0,241989.0,241041.0,239301.0
242291.0,243748.0,245169.0,246817.0,246439.0,244644.0,244325.0,244297.0,242909.0,243922.0,245287.0,245520.0,246457.0,245385.0,242251.0,241643.0
272074.0,276321.0,279546.0,278110.0,277412.0,278946.0,277400.0,274624.0,274922.0,275240.0,274601.0,279199.0,279801.0,279576.0,276559.0,274337.0
243798.0,246300.0,248018.0,248147.0,250181.0,249390.0,249264.0,250491.0,250109.0,247930.0,247875.0,247117.0,247010.0,246289.0,246215.0,245786.0
253570.0,254149.0,256384.0,255644.0,255657.0,255650.0,255398.0,254946.0,255055.0,254649.0,255912.0,254757.0,256590.0,255484.0,255026.0,253369.0
272077.0,273414.0,275395.0,277155.0,278800.0,281267.0,281733.0,282216.0,281772.0,282999.0,282471.0,281644.0,279865.0,278559.0,276808.0,273375.0
256166.0,256876.0,258905.0,261217.0,261939.0,262460.0,264133.0,263957.0,264362.0,264186.0,264660.0,264286.0,265008.0,263026.0,260137.0,257362.0
243084.0,245990.0,247625.0,246677.0,245653.0,248226.0,248662.0,247570.0,248521.0,248358.0,248279.0,248155.0,247688.0,248223.0,246918.0,246177.0
262536.0,263848.0,268014.0,269440.0,272107.0,274336.0,277357.0,281622.0,283555.0,283035.0,280844.0,278109.0,275548.0,272867.0,268128.0,267248.0
246186.0,249148.0,250450.0,255402.0,254341.0,252896.0,251951.0,251787.0,251830.0,251912.0,253600.0,253110.0,252817.0,249108.0,245121.0,248181.0
277997.0,278735.0,278735.0,279281.0,280792.0,282129.0,285086.0,284246.0,286381.0,285730.0,285601.0,284371.0,283028.0,282880.0,280092.0,279944.0
262527.0,262678.0,266100.0,266541.0,268558.0,267575.0,264421.0,263212.0,263660.0,265153.0,265722.0,267670.0,266126.0,264446.0,266405.0,266628.0
238582.0,240183.0,240360.0,239576.0,239456.0,239827.0,239256.0,240958.0,241779.0,238988.0,239757.0,239845.0,241397.0,240070.0,240070.0,239526.0
256766.0,260122.0,258335.0,258980.0,260544.0,259983.0,261008.0,262836.0,260633.0,260586.0,260779.0,260210.0,260816.0,259743.0,257333.0,259502.0
248236.0,249754.0,253349.0,255900.0,254133.0,252937.0,252012.0,254629.0,256720.0,255335.0,253252.0,253043.0,253971.0,256274.0,254903.0,252464.0
250503.0,253250.0,253694.0,254983.0,256781.0,256769.0,257959.0,257545.0,257803.0,255957.0,256428.0,256105.0,254429.0,253727.0,251395.0,251180.0
279363.0,281552.0,282075.0,283804.0,283254.0,282932.0,282200.0,280918.0,282690.0,281541.0,283240.0,282238.0,283832.0,281750.0,283062.0,281021.0
242294.0,242784.0,242920.0,245417.0,247485.0,248932.0,249899.0,250233.0,249074.0,248861.0,249165.0,248571.0,248917.0,246023.0,246186.0,244353.0
250806.0,251019.0,252527.0,255984.0,259572.0,260480.0,262087.0,262286.0,262842.0,263285.0,265980.0,266585.0,264986.0,263114.0,257155.0,255224.0
265528.0,266615.0,268292.0,269779.0,272991.0,271263.0,271358.0,272901.0,272021.0,271619.0,270359.0,269924.0,269639.0,268804.0,267647.0,267434.0
233707.0,234615.0,236003.0,234582.0,234953.0,234430.0,234257.0,234483.0,234683.0,234434.0,234796.0,234214.0,235184.0,234314.0,233496.0,233827.0
254751.0,257237.0,258150.0,258273.0,259783.0,261272.0,261135.0,260604.0,261308.0,260533.0,262488.0,262694.0,260230.0,259873.0,259924.0,256779.0
259413.0,260173.0,260830.0,259009.0,259457.0,260972.0,260873.0,261447.0,261942.0,260077.0,260002.0,259760.0,260732.0,259606.0,260252.0,260203.0
256754.0,256499.0,258157.0,262024.0,264381.0,266072.0,266029.0,265573.0,266007.0,266026.0,268365.0,268441.0,267592.0,265611.0,261751.0,258538.0
250826.0,252459.0,257026.0,261390.0,263867.0,266564.0,269426.0,270316.0,271076.0,270333.0,269004.0,266462.0,263814.0,258100.0,253412.0,252699.0
253473.0,258909.0,261065.0,265455.0,273963.0,280000.0,287442.0,291130.0,292167.0,291557.0,285785.0,282507.0,277301.0,268636.0,264380.0,257182.0
250485.0,251822.0,255884.0,258367.0,261833.0,264178.0,263659.0,263550.0,264034.0,265131.0,262391.0,261392.0,261657.0,261483.0,261532.0,257386.0
236381.0,239660.0,242410.0,243822.0,246932.0,249764.0,251839.0,251959.0,251832.0,250009.0,248290.0,244669.0,242298.0,239992.0,238182.0,236281.0
247920.0,249095.0,250022.0,250905.0,252604.0,252284.0,251352.0,251006.0,250273.0,250026.0,250395.0,252228.0,252703.0,251011.0,249767.0,250041.0
250206.0,251862.0,253657.0,256429.0,259073.0,260527.0,259797.0,256888.0,257367.0,258935.0,258490.0,258977.0,257563.0,255305.0,254239.0,252341.0
239200.0,239527.0,241175.0,242705.0,243249.0,246489.0,246715.0,249177.0,248138.0,248751.0,247287.0,245409.0,243169.0,242745.0,241631.0,239847.0
250857.0,252869.0,254956.0,255317.0,256277.0,256569.0,257393.0,256952.0,255022.0,256437.0,256750.0,255775.0,256122.0,255038.0,253803.0,253251.0
267920.0,269889.0,269238.0,270278.0,273426.0,273966.0,272481.0,273082.0,273037.0,272357.0,271918.0,270665.0,268973.0,271582.0,272155.0,268961.0
265675.0,265399.0,268154.0,268372.0,267668.0,267920.0,267700.0,266257.0,266620.0,267884.0,268929.0,268592.0,267739.0,267333.0,267436.0,265806.0
247940.0,248636.0,251498.0,251690.0,251500.0,252299.0,254665.0,255039.0,254697.0,255167.0,255116.0,254270.0,251236.0,249976.0,249146.0,248825.0
252860.0,252346.0,253934.0,254729.0,258112.0,258130.0,257263.0,256934.0,257209.0,256191.0,256328.0,259088.0,258421.0,257797.0,257926.0,257448.0
268863.0,270473.0,270629.0,271526.0,270470.0,271146.0,271881.0,274493.0,273234.0,272445.0,270493.0,271520.0,271219.0,272478.0,270539.0,268607.0
261546.0,265239.0,267153.0,270120.0,273186.0,273811.0,273847.0,274892.0,275761.0,274925.0,272656.0,270567.0,269863.0,266575.0,265320.0,262103.0
249620.0,249624.0,252575.0,254408.0,254584.0,252855.0,252856.0,254376.0,254329.0,252385.0,254476.0,253387.0,253483.0,253510.0,254127.0,252039.0
239441.0,240283.0,241843.0,244539.0,248106.0,253191.0,256802.0,259053.0,261553.0,261095.0,260164.0,254154.0,251224.0,247921.0,243739.0,241180.0
254691.0,255265.0,256470.0,258312.0,259707.0,261123.0,262178.0,263667.0,262758.0,262445.0,260885.0,260392.0,258204.0,258753.0,257441.0,255837.0
235099.0,236112.0,239202.0,239257.0,240279.0,243451.0,242339.0,245430.0,245304.0,244951.0,246305.0,243540.0,241950.0,239047.0,237848.0,237606.0
244875.0,247162.0,249505.0,253124.0,253569.0,258627.0,260419.0,264365.0,263619.0,262838.0,259791.0,257679.0,256316.0,252381.0,248238.0,246420.0
244742.0,246473.0,248696.0,251346.0,253489.0,254512.0,255659.0,258537.0,260276.0,259506.0,257164.0,252730.0,251482.0,251167.0,250242.0,246769.0
257748.0,258646.0,261295.0,260277.0,262665.0,262657.0,262752.0,262319.0,261571.0,260241.0,260265.0,260740.0,262630.0,261085.0,261543.0,260270.0
234869.0,237754.0,241467.0,244112.0,250777.0,255628.0,258860.0,261875.0,265690.0,266074.0,264857.0,261637.0,257399.0,251589.0,244791.0,240137.0
246066.0,248727.0,249981.0,252733.0,253514.0,255447.0,257131.0,257787.0,260046.0,257927.0,257833.0,256079.0,254999.0,253056.0,250402.0,248828.0
257919.0,260867.0,262241.0,262898.0,265608.0,263573.0,263049.0,261566.0,260677.0,261894.0,262045.0,261739.0,262810.0,262678.0,260955.0,258253.0
265507.0,265809.0,266991.0,266245.0,266635.0,267857.0,268013.0,271215.0,266986.0,268767.0,267815.0,265614.0,269468.0,266581.0,267762.0,266795.0
258633.0,260617.0,262315.0,263677.0,265401.0,264325.0,263857.0,266178.0,266562.0,264450.0,263441.0,263343.0,261771.0,261997.0,261656.0,259673.0
233592.0,236165.0,238048.0,239719.0,240493.0,240457.0,241574.0,242925.0,243679.0,241898.0,240070.0,238399.0,238187.0,239262.0,236498.0,235840.0
242816.0,244929.0,246010.0,245744.0,246182.0,245461.0,245248.0,245466.0,246276.0,246197.0,244918.0,244716.0,243639.0,244628.0,246343.0,244291.0
265819.0,267778.0,270674.0,273639.0,276735.0,277696.0,275814.0,275404.0,276002.0,276505.0,277567.0,280913.0,280179.0,276463.0,273566.0,270196.0
259738.0,258457.0,263048.0,264940.0,264160.0,264316.0,267919.0,267470.0,267283.0,266977.0,267336.0,268981.0,265281.0,262644.0,262623.0,263435.0
264101.0,265153.0,264689.0,264879.0,266344.0,266092.0,265569.0,266165.0,264591.0,265376.0,266580.0,266543.0,267932.0,267328.0,267092.0,266502.0
261190.0,262709.0,266915.0,269163.0,270274.0,269750.0,269600.0,269880.0,269058.0,267598.0,269655.0,269247.0,271424.0,269461.0,267169.0,264471.0
246804.0,246846.0,250130.0,250890.0,251796.0,253512.0,254539.0,254574.0,256499.0,257851.0,255633.0,255878.0,254507.0,252516.0,249793.0,247772.0
250055.0,252309.0,252933.0,254073.0,253224.0,251737.0,254449.0,255113.0,256634.0,252699.0,252901.0,251583.0,254065.0,256113.0,254609.0,254699.0
239360.0,240386.0,243609.0,249720.0,252496.0,256221.0,257112.0,257145.0,259111.0,259862.0,261666.0,261553.0,256720.0,252200.0,245668.0,241367.0
234903.0,236131.0,236657.0,237070.0,239819.0,238423.0,239366.0,239327.0,238827.0,238345.0,238235.0,236612.0,235635.0,235529.0,234138.0,236823.0
261154.0,263721.0,263874.0,264197.0,265119.0,263224.0,263931.0,261809.0,261625.0,263052.0,263566.0,265818.0,265844.0,263331.0,262319.0,262068.0
246789.0,247723.0,250141.0,253535.0,254742.0,256186.0,257276.0,256108.0,255924.0,255418.0,254336.0,252708.0,253021.0,251679.0,248335.0,247111.0
265076.0,268269.0,272892.0,276696.0,278635.0,280871.0,280412.0,279301.0,278515.0,279041.0,278086.0,278537.0,277313.0,275777.0,271058.0,264887.0
276169.0,275428.0,274834.0,276075.0,277997.0,278083.0,277524.0,279834.0,281806.0,283387.0,281327.0,278639.0,279221.0,278824.0,277268.0,276556.0
247963.0,248842.0,251690.0,252869.0,252384.0,252906.0,251340.0,252060.0,251290.0,251311.0,250101.0,250518.0,251976.0,252674.0,251767.0,250617.0
247982.0,248854.0,249160.0,250804.0,252549.0,253011.0,254584.0,254944.0,254552.0,254878.0,252548.0,250635.0,249543.0,248612.0,248305.0,247807.0
255112.0,256963.0,259387.0,261868.0,264759.0,265724.0,267739.0,267833.0,269819.0,270198.0,269524.0,269427.0,266320.0,263071.0,260020.0,257788.0
245596.0,249256.0,252582.0,256906.0,262589.0,266298.0,267177.0,268906.0,271774.0,267203.0,264395.0,260339.0,255748.0,251080.0,248102.0,246525.0
270594.0,271278.0,275675.0,276020.0,275886.0,276115.0,277965.0,279576.0,276739.0,275730.0,275510.0,275931.0,273967.0,272443.0,272295.0,270518.0
243213.0,242632.0,244679.0,246157.0,247659.0,248250.0,249181.0,248998.0,248852.0,247437.0,247297.0,246152.0,245250.0,242865.0,241887.0,242587.0
247388.0,248913.0,248999.0,249460.0,250999.0,250967.0,250347.0,251829.0,251417.0,250761.0,249981.0,250261.0,250546.0,250492.0,248611.0,248305.0
258238.0,262639.0,265187.0,267703.0,269883.0,273691.0,272856.0,274359.0,275769.0,275319.0,274857.0,273593.0,269294.0,264397.0,260700.0,260469.0
254997.0,255120.0,255883.0,256427.0,256225.0,258220.0,256810.0,259222.0,257291.0,257550.0,256912.0,256932.0,255953.0,255362.0,255719.0,254625.0
265980.0,266831.0,269532.0,267860.0,269008.0,269245.0,268564.0,269685.0,270904.0,270548.0,269327.0,270112.0,267427.0,269101.0,267591.0,267347.0
253635.0,254191.0,255558.0,254777.0,255159.0,256025.0,254875.0,254574.0,255634.0,255886.0,255053.0,254082.0,253251.0,253079.0,254976.0,253871.0
240593.0,241725.0,244245.0,246574.0,250631.0,252099.0,252252.0,252333.0,251592.0,250632.0,249484.0,247469.0,247260.0,245590.0,243223.0,241286.0
229881.0,230721.0,233430.0,233908.0,233680.0,233124.0,231901.0,230471.0,230302.0,232072.0,233336.0,234884.0,233952.0,232312.0,230338.0,229272.0
248143.0,247519.0,246722.0,247543.0,248249.0,248642.0,249232.0,249864.0,250555.0,250687.0,248811.0,249998.0,251319.0,249650.0,249783.0,249003.0
256857.0,258593.0,260792.0,261261.0,260656.0,260749.0,260837.0,261037.0,260672.0,259767.0,259880.0,260322.0,260176.0,259055.0,257865.0,257071.0
266500.0,267343.0,268457.0,267825.0,268313.0,268342.0,268074.0,268209.0,267519.0,267326.0,267650.0,267744.0,267259.0,267760.0,268018.0,266757.0
251673.0,254518.0,257432.0,259975.0,263104.0,266531.0,270730.0,272260.0,272375.0,272581.0,271122.0,267631.0,263585.0,260959.0,256203.0,252475.0
248484.0,251024.0,251180.0,254873.0,258036.0,259971.0,264010.0,264960.0,265748.0,265567.0,263196.0,262054.0,257698.0,255685.0,251869.0,250795.0
247672.0,248023.0,249387.0,249524.0,248991.0,251715.0,250819.0,251010.0,249646.0,249127.0,250750.0,248340.0,249318.0,250423.0,249841.0,248790.0
254653.0,254734.0,256475.0,257085.0,256910.0,257413.0,256097.0,255591.0,254747.0,256187.0,257086.0,255734.0,258118.0,257994.0,256386.0,255750.0
241208.0,242043.0,243278.0,245133.0,245577.0,244837.0,245676.0,246350.0,247406.0,245967.0,244831.0,245583.0,246016.0,245092.0,244041.0,242306.0
269374.0,270822.0,270912.0,272978.0,275211.0,277622.0,279087.0,279056.0,280985.0,280677.0,278824.0,277457.0,275120.0,272978.0,270529.0,269578.0
239150.0,241547.0,245267.0,248351.0,248875.0,250202.0,253106.0,254762.0,258047.0,258137.0,254062.0,251042.0,249229.0,249323.0,247161.0,243095.0
263913.0,265617.0,268263.0,269651.0,270577.0,270925.0,276381.0,276841.0,273229.0,272841.0,271827.0,270355.0,266025.0,265373.0,266893.0,266345.0
247420.0,248493.0,250843.0,256405.0,261676.0,268209.0,275443.0,279096.0,281013.0,281141.0,278418.0,273221.0,267204.0,261082.0,254071.0,248721.0
251728.0,253963.0,254876.0,257117.0,257820.0,259759.0,260732.0,262079.0,263807.0,263948.0,263339.0,261908.0,259145.0,257656.0,254649.0,254506.0
232395.0,233072.0,234158.0,236837.0,237495.0,238296.0,238934.0,237935.0,238424.0,237425.0,237175.0,236608.0,236748.0,235091.0,234263.0,232872.0
264561.0,265582.0,267814.0,267823.0,269202.0,269770.0,269642.0,266749.0,268754.0,268643.0,268505.0,267466.0,266277.0,267231.0,267309.0,266048.0
268102.0,268473.0,269603.0,270061.0,270527.0,269545.0,268678.0,269160.0,266991.0,268414.0,269117.0,269651.0,270466.0,269220.0,270668.0,269932.0
251428.0,252833.0,252908.0,253940.0,256497.0,257788.0,259362.0,258634.0,259179.0,259875.0,258609.0,257753.0,257452.0,256098.0,253517.0,252503.0
248455.0,252803.0,257179.0,260733.0,265710.0,268775.0,272767.0,272397.0,271502.0,269905.0,267594.0,263096.0,259238.0,254203.0,250937.0,250096.0
273598.0,274826.0,278101.0,278011.0,279964.0,280061.0,278705.0,277763.0,278815.0,277140.0,277451.0,280086.0,280694.0,278755.0,280102.0,276538.0
270371.0,271940.0,271782.0,271859.0,271173.0,270935.0,270939.0,271640.0,273355.0,272630.0,271050.0,272552.0,273381.0,273262.0,273043.0,271674.0
241604.0,243302.0,247533.0,251269.0,252844.0,255273.0,255742.0,256764.0,255354.0,256254.0,254996.0,252655.0,249558.0,248075.0,248613.0,245356.0
263027.0,266705.0,269174.0,268904.0,268067.0,266908.0,267505.0,269765.0,271530.0,269138.0,267457.0,267640.0,268284.0,268419.0,269106.0,266759.0
231675.0,233484.0,234319.0,236683.0,240440.0,240630.0,241049.0,240420.0,239682.0,240135.0,239068.0,238416.0,238771.0,236039.0,235356.0,234265.0
237880.0,238542.0,238345.0,239200.0,239482.0,240223.0,240240.0,240405.0,239210.0,239597.0,239532.0,238875.0,238258.0,238414.0,238161.0,238372.0
245549.0,247888.0,247513.0,247543.0,247079.0,247769.0,247584.0,246035.0,245948.0,247122.0,247597.0,246647.0,246686.0,247575.0,247850.0,245767.0
260190.0,259680.0,261073.0,262838.0,263569.0,264479.0,266477.0,267528.0,267527.0,266880.0,265598.0,264036.0,264132.0,261527.0,260801.0,260159.0
240868.0,242309.0,244563.0,244717.0,247377.0,246660.0,244867.0,245425.0,245043.0,243280.0,244212.0,246541.0,244910.0,245099.0,244686.0,241779.0
258689.0,260149.0,260871.0,263847.0,263839.0,263255.0,265609.0,264672.0,263180.0,265038.0,263592.0,263483.0,261870.0,260278.0,260174.0,258254.0
243415.0,244943.0,249142.0,251105.0,252320.0,250873.0,249893.0,250851.0,250883.0,251609.0,252732.0,253074.0,252173.0,252071.0,248697.0,247327.0
252049.0,254833.0,255891.0,257819.0,260945.0,263040.0,269222.0,269638.0,270067.0,272718.0,267709.0,267015.0,266362.0,259828.0,256846.0,255052.0
260498.0,259646.0,261482.0,261130.0,264461.0,262723.0,261705.0,265308.0,264499.0,264031.0,263087.0,262808.0,263435.0,260837.0,260938.0,261092.0
255598.0,256916.0,256709.0,256312.0,257088.0,257568.0,256312.0,256882.0,256613.0,254917.0,256573.0,256338.0,255221.0,256353.0,256690.0,255050.0
260780.0,262508.0,264959.0,265902.0,267107.0,267984.0,265721.0,265672.0,266513.0,267854.0,268380.0,269872.0,268674.0,266348.0,263522.0,262684.0
263820.0,263055.0,263280.0,265309.0,266322.0,269413.0,271138.0,270671.0,269365.0,268899.0,268000.0,268723.0,267406.0,268393.0,266359.0,265071.0
251250.0,250815.0,251330.0,252920.0,252390.0,253395.0,253572.0,251894.0,252616.0,253745.0,252841.0,254276.0,253948.0,252882.0,252141.0,252007.0
276551.0,278795.0,278042.0,277797.0,276822.0,277718.0,280705.0,280718.0,278893.0,281059.0,280821.0,281297.0,279602.0,279609.0,279972.0,278935.0
243041.0,245538.0,247387.0,247805.0,247726.0,249270.0,249819.0,250774.0,252053.0,251565.0,249553.0,249624.0,249691.0,249296.0,249245.0,244775.0
246446.0,253810.0,253341.0,253443.0,258888.0,256381.0,256848.0,259521.0,257492.0,261540.0,256772.0,255056.0,255117.0,255486.0,252056.0,251387.0
250884.0,251762.0,255838.0,257750.0,257409.0,256496.0,259079.0,260035.0,259075.0,258006.0,257847.0,256115.0,253822.0,253303.0,253960.0,253675.0
238605.0,242408.0,245390.0,248118.0,250876.0,248844.0,244685.0,241717.0,240874.0,241758.0,246001.0,249815.0,248639.0,248246.0,245096.0,241156.0
242446.0,243234.0,244161.0,244939.0,246174.0,245123.0,247443.0,246281.0,247713.0,246633.0,246030.0,245213.0,245473.0,243020.0,244627.0,242238.0
267746.0,269792.0,272791.0,274265.0,275952.0,279092.0,281515.0,281081.0,279204.0,278375.0,277346.0,274553.0,271510.0,269981.0,269568.0,268237.0
244483.0,246521.0,248462.0,247345.0,249465.0,249986.0,249851.0,250340.0,250562.0,249553.0,249140.0,250338.0,250368.0,246920.0,246469.0,247369.0
267163.0,269264.0,269874.0,270510.0,271690.0,270390.0,269712.0,269342.0,269830.0,270669.0,271113.0,270890.0,270787.0,270967.0,269943.0,268320.0
246506.0,250608.0,256859.0,261670.0,264246.0,262178.0,261511.0,257657.0,256241.0,257674.0,259388.0,263001.0,261924.0,258308.0,254019.0,250104.0
256373.0,257750.0,258491.0,260997.0,260877.0,260841.0,258404.0,258973.0,259182.0,258602.0,260809.0,259488.0,259973.0,258784.0,258884.0,257980.0
243854.0,247763.0,248026.0,250233.0,254059.0,258692.0,260037.0,264385.0,265744.0,264648.0,262741.0,261958.0,255729.0,252824.0,249461.0,246160.0
253154.0,253929.0,255393.0,255987.0,256553.0,254695.0,255885.0,255769.0,255279.0,255917.0,254476.0,255447.0,254036.0,254628.0,255218.0,255036.0
267057.0,271164.0,271834.0,276436.0,278731.0,279790.0,278729.0,278692.0,278622.0,275703.0,274209.0,273425.0,271330.0,270296.0,268236.0,267138.0
258809.0,261044.0,261958.0,259401.0,259908.0,261909.0,262136.0,260415.0,259941.0,261287.0,263395.0,260591.0,258050.0,261570.0,262555.0,259515.0
266827.0,269910.0,271194.0,270179.0,271182.0,271595.0,272603.0,270371.0,270575.0,272303.0,272646.0,272940.0,271780.0,272298.0,272861.0,270672.0
241771.0,243820.0,245613.0,244505.0,247082.0,247479.0,249978.0,250003.0,249361.0,249806.0,249347.0,249761.0,247051.0,247045.0,246230.0,243474.0
260650.0,263927.0,263893.0,263273.0,263317.0,265558.0,265755.0,266035.0,266557.0,264545.0,265227.0,266686.0,263196.0,262327.0,263147.0,262587.0
235927.0,239593.0,242504.0,244832.0,246679.0,248306.0,251432.0,255697.0,256092.0,254747.0,251753.0,249124.0,247589.0,245647.0,243416.0,239752.0
251121.0,254197.0,258388.0,264360.0,271820.0,276816.0,282601.0,285255.0,288120.0,285033.0,279765.0,272946.0,266539.0,260412.0,254690.0,251373.0
265808.0,268760.0,270161.0,270689.0,271664.0,271491.0,272508.0,270138.0,270584.0,270339.0,270978.0,270197.0,270837.0,271630.0,270498.0,267740.0
253808.0,254792.0,257081.0,257743.0,257624.0,257307.0,257531.0,258135.0,257699.0,258019.0,256685.0,256569.0,256605.0,257708.0,256852.0,254498.0
250165.0,250624.0,252639.0,254758.0,255157.0,254349.0,256307.0,259009.0,259683.0,258733.0,259077.0,258569.0,256721.0,255202.0,253671.0,251698.0
241615.0,243854.0,247316.0,254223.0,260766.0,264450.0,267222.0,268977.0,267060.0,266107.0,266389.0,261670.0,258879.0,253288.0,247180.0,244038.0
232857.0,234277.0,236000.0,237732.0,236974.0,237521.0,238336.0,237960.0,238184.0,237355.0,236235.0,235501.0,236354.0,235200.0,233658.0,233348.0
276416.0,277730.0,278029.0,279074.0,281583.0,282097.0,285036.0,286882.0,288007.0,287566.0,286811.0,286079.0,284720.0,282295.0,282058.0,278517.0
245305.0,247296.0,252507.0,255435.0,256518.0,254818.0,252726.0,252992.0,251805.0,250256.0,251465.0,253262.0,255074.0,254232.0,249730.0,247435.0
231729.0,233186.0,235518.0,236429.0,236476.0,236298.0,235573.0,233809.0,234518.0,235907.0,238191.0,239068.0,239757.0,238145.0,235548.0,233180.0
236276.0,238969.0,237437.0,237789.0,238693.0,238770.0,239908.0,238802.0,239625.0,239181.0,240518.0,239411.0,238814.0,238523.0,237861.0,239135.0
253853.0,255895.0,260483.0,265069.0,269675.0,275785.0,281653.0,285948.0,287643.0,287692.0,286033.0,281656.0,275137.0,269562.0,262040.0,257470.0
268416.0,269176.0,272024.0,274472.0,276055.0,275518.0,275430.0,275229.0,273066.0,273602.0,275786.0,273362.0,272287.0,272016.0,271008.0,269533.0
262348.0,263977.0,264131.0,266142.0,267152.0,265700.0,265649.0,264919.0,264672.0,264398.0,265173.0,265581.0,266442.0,266860.0,265471.0,263361.0
261566.0,263213.0,262764.0,262329.0,262193.0,263322.0,263463.0,261868.0,261542.0,262871.0,262471.0,262605.0,263249.0,262455.0,265178.0,262829.0
235988.0,235434.0,237342.0,238973.0,239188.0,241479.0,243284.0,243499.0,245149.0,244772.0,242673.0,241728.0,241622.0,240808.0,238730.0,237823.0
249386.0,252092.0,256330.0,254307.0,251836.0,251083.0,252002.0,254420.0,253364.0,253282.0,251216.0,251134.0,254891.0,255831.0,254152.0,250032.0
270122.0,272703.0,271925.0,273154.0,274178.0,274750.0,278435.0,278382.0,281065.0,279283.0,279733.0,280211.0,278259.0,277238.0,273727.0,273019.0
265174.0,266893.0,268754.0,268187.0,270201.0,271755.0,270971.0,268702.0,269456.0,269366.0,270231.0,271275.0,270408.0,269616.0,270033.0,268692.0
262917.0,265915.0,265664.0,266859.0,267294.0,267203.0,266392.0,266503.0,266161.0,265535.0,267230.0,267669.0,266579.0,265026.0,264359.0,264238.0
247638.0,248691.0,251518.0,253762.0,257318.0,261116.0,262741.0,264478.0,266076.0,265313.0,263548.0,260632.0,258086.0,254639.0,251786.0,249800.0
261635.0,262179.0,265288.0,266774.0,270899.0,273986.0,276690.0,281523.0,280923.0,282748.0,281377.0,275652.0,274594.0,271833.0,265500.0,265163.0
250722.0,252346.0,253398.0,255849.0,256069.0,258007.0,258525.0,257215.0,255879.0,256507.0,256626.0,256405.0,255734.0,256604.0,253767.0,252875.0
243302.0,244024.0,244858.0,244489.0,245268.0,244601.0,243824.0,244633.0,244481.0,245169.0,245266.0,244941.0,245150.0,244274.0,242757.0,243187.0
251580.0,255836.0,258311.0,259983.0,258932.0,258777.0,257719.0,257123.0,258580.0,258111.0,259897.0,260027.0,259599.0,258237.0,255676.0,253878.0
243700.0,246535.0,247280.0,250088.0,251431.0,249343.0,250427.0,251182.0,250245.0,249186.0,246922.0,246488.0,248681.0,246819.0,247452.0,245539.0
242625.0,246284.0,253707.0,255077.0,254054.0,256195.0,261550.0,260722.0,256334.0,257614.0,260954.0,256669.0,248915.0,248977.0,250525.0,247606.0
246335.0,249325.0,250399.0,248341.0,251731.0,249219.0,248856.0,251643.0,249447.0,250926.0,250659.0,248168.0,249572.0,248926.0,249025.0,250460.0
267970.0,269892.0,272113.0,272209.0,270898.0,269385.0,269966.0,269167.0,270181.0,270494.0,268922.0,270399.0,270799.0,272083.0,271914.0,269612.0
258280.0,262990.0,266712.0,272349.0,280765.0,282777.0,286773.0,288942.0,286736.0,286946.0,284761.0,281487.0,279975.0,273047.0,267854.0,263590.0
259379.0,262534.0,263782.0,263215.0,263724.0,265255.0,266158.0,267094.0,270008.0,267828.0,265777.0,265772.0,265592.0,265055.0,263066.0,262193.0
255446.0,258215.0,259100.0,261455.0,263282.0,262129.0,264845.0,266086.0,266879.0,266217.0,265826.0,263803.0,262072.0,262480.0,260104.0,258305.0
291164.0,292248.0,292332.0,292174.0,293837.0,293997.0,294507.0,293833.0,291582.0,291158.0,289418.0,292101.0,293801.0,294447.0,293761.0,292620.0
238544.0,237628.0,239034.0,240657.0,240103.0,241255.0,240517.0,240695.0,240668.0,238981.0,239027.0,239081.0,237785.0,237100.0,238730.0,238691.0
248710.0,249430.0,250968.0,249791.0,251248.0,252438.0,253588.0,252320.0,252546.0,253182.0,252120.0,251524.0,250042.0,249314.0,249335.0,248214.0
259218.0,261012.0,260689.0,260149.0,262328.0,262755.0,260956.0,260978.0,260587.0,259325.0,260629.0,261611.0,260501.0,260240.0,261218.0,259724.0
267981.0,269912.0,270702.0,270213.0,273451.0,275289.0,275583.0,275364.0,275181.0,276435.0,276237.0,275457.0,276560.0,274895.0,272936.0,271810.0
265264.0,267418.0,268626.0,268859.0,268210.0,268387.0,268778.0,266864.0,267401.0,268933.0,269761.0,269768.0,268991.0,268435.0,268869.0,267798.0
245687.0,247553.0,250072.0,252474.0,254072.0,256602.0,257199.0,256474.0,255301.0,255536.0,255029.0,255065.0,253080.0,252785.0,251605.0,248916.0
237158.0,239050.0,238276.0,238709.0,241256.0,241112.0,241061.0,242393.0,243326.0,243696.0,243639.0,243250.0,241692.0,240460.0,241177.0,239837.0
255432.0,256664.0,257648.0,257068.0,259711.0,261075.0,260854.0,261395.0,260532.0,261260.0,259656.0,258898.0,258131.0,258859.0,257888.0,255997.0
269283.0,270718.0,271475.0,272158.0,272570.0,270964.0,270401.0,272479.0,272680.0,270532.0,270288.0,271179.0,271202.0,273179.0,272027.0,269893.0
259196.0,259458.0,260963.0,258991.0,256979.0,258289.0,260771.0,260387.0,259083.0,258359.0,260262.0,261011.0,258624.0,259208.0,258652.0,258479.0
253063.0,255312.0,255020.0,258117.0,259126.0,259503.0,263142.0,264956.0,263838.0,262577.0,262492.0,262050.0,260684.0,260721.0,257655.0,253496.0
263573.0,265842.0,266204.0,268371.0,269244.0,272327.0,272825.0,273220.0,273218.0,273915.0,271983.0,270168.0,267794.0,267234.0,265964.0,265696.0
250077.0,250068.0,251281.0,253412.0,253199.0,254886.0,255379.0,256001.0,255808.0,257159.0,257050.0,256495.0,256118.0,254715.0,253520.0,251604.0
236425.0,238872.0,237067.0,238633.0,239966.0,242381.0,241485.0,242307.0,241452.0,239704.0,242007.0,241057.0,240142.0,239661.0,240647.0,239194.0
263541.0,263844.0,266308.0,267328.0,271365.0,274892.0,277033.0,279689.0,279436.0,280074.0,280221.0,276488.0,272448.0,270074.0,267366.0,266071.0
254274.0,254919.0,256450.0,256685.0,257725.0,257178.0,256350.0,254416.0,255050.0,255083.0,255728.0,256407.0,257519.0,257300.0,257416.0,256364.0
249588.0,250080.0,250868.0,250236.0,251125.0,251118.0,251808.0,250557.0,251189.0,251013.0,251373.0,251234.0,250436.0,252320.0,250184.0,250133.0
246757.0,247271.0,251679.0,256188.0,260424.0,262080.0,262301.0,264422.0,264801.0,265499.0,263511.0,262200.0,259519.0,256578.0,253982.0,249324.0
272524.0,275869.0,280324.0,281378.0,282078.0,286202.0,287511.0,285498.0,284267.0,286194.0,285895.0,284309.0,280079.0,278739.0,279248.0,275787.0
258754.0,258669.0,260352.0,262837.0,264475.0,266376.0,267810.0,267655.0,268255.0,267169.0,267307.0,267990.0,268120.0,263950.0,261664.0,260495.0
255519.0,257283.0,259668.0,261670.0,261978.0,260416.0,258443.0,259342.0,260228.0,260707.0,260674.0,261876.0,263482.0,265041.0,263770.0,260035.0
252801.0,255170.0,258377.0,259655.0,261355.0,263066.0,266747.0,270571.0,269368.0,268783.0,270605.0,268652.0,266726.0,263573.0,260361.0,256286.0
258826.0,263187.0,267026.0,267270.0,265918.0,268309.0,267426.0,266191.0,269085.0,271432.0,269815.0,267117.0,265959.0,265930.0,267998.0,266015.0
257103.0,259635.0,261834.0,261714.0,259919.0,261458.0,262656.0,261987.0,259101.0,260930.0,262939.0,262022.0,261428.0,262132.0,262074.0,260356.0
246381.0,248537.0,249882.0,248186.0,248344.0,249679.0,250086.0,248816.0,250152.0,249808.0,249127.0,249307.0,248715.0,248777.0,248774.0,249803.0
269943.0,274529.0,275075.0,275376.0,277944.0,276032.0,277184.0,277204.0,275480.0,277346.0,276209.0,275066.0,275899.0,272221.0,272340.0,273128.0
260740.0,263292.0,264047.0,266965.0,266617.0,268296.0,267590.0,267871.0,269910.0,271346.0,271753.0,272389.0,271415.0,270105.0,266004.0,264148.0
266663.0,270476.0,272796.0,274962.0,276219.0,276902.0,277716.0,275171.0,274442.0,275670.0,273300.0,274481.0,274468.0,276197.0,271938.0,271675.0
273121.0,274618.0,276701.0,281323.0,282814.0,285952.0,286722.0,289041.0,290914.0,291885.0,287591.0,285354.0,281581.0,279945.0,276916.0,276322.0
260423.0,261821.0,260920.0,262892.0,265019.0,265830.0,266335.0,267682.0,269987.0,269469.0,269816.0,268982.0,266751.0,264552.0,263809.0,262324.0
262043.0,264100.0,264118.0,264027.0,267608.0,269890.0,268525.0,269067.0,268682.0,268074.0,268935.0,270339.0,267551.0,265712.0,264442.0,263255.0
250399.0,252540.0,253192.0,252403.0,251443.0,251341.0,251143.0,251374.0,253137.0,252565.0,250235.0,252521.0,253115.0,252818.0,254306.0,251940.0
241953.0,243601.0,245341.0,245925.0,248905.0,250271.0,250260.0,252267.0,251940.0,250743.0,250184.0,248419.0,248034.0,245352.0,243506.0,243319.0
264450.0,265603.0,267441.0,267672.0,269265.0,270326.0,271683.0,270189.0,271119.0,271884.0,271119.0,270974.0,269120.0,268038.0,267902.0,266531.0
243755.0,246828.0,250974.0,255233.0,256613.0,259238.0,260084.0,259530.0,261926.0,260478.0,262625.0,263355.0,260580.0,254622.0,251532.0,249459.0
247796.0,248767.0,251560.0,254191.0,256715.0,257124.0,257460.0,257115.0,256074.0,256746.0,258516.0,257729.0,257287.0,256438.0,254385.0,251047.0
249215.0,249503.0,252665.0,254082.0,256970.0,255635.0,254941.0,254485.0,256453.0,255880.0,254284.0,253169.0,255118.0,257671.0,254581.0,251668.0
274960.0,277735.0,277524.0,277461.0,276327.0,276628.0,275593.0,276975.0,277321.0,276825.0,275070.0,276974.0,276348.0,277574.0,277389.0,277400.0
250950.0,252914.0,254430.0,256903.0,255703.0,255283.0,255941.0,255694.0,257262.0,253312.0,253874.0,252087.0,252480.0,253379.0,252417.0,252791.0
247923.0,250643.0,250500.0,250920.0,250940.0,250399.0,253714.0,252712.0,251453.0,251085.0,252128.0,252202.0,249610.0,250963.0,252348.0,250020.0
252227.0,254673.0,257679.0,260252.0,260551.0,260241.0,261074.0,260446.0,263760.0,263835.0,265134.0,265226.0,263163.0,260490.0,257488.0,254081.0
238782.0,239919.0,240782.0,241344.0,240382.0,240324.0,240042.0,240638.0,241606.0,241846.0,241834.0,241211.0,242710.0,241469.0,240866.0,239901.0
245920.0,247927.0,255154.0,260817.0,266737.0,267343.0,270615.0,272380.0,275005.0,272771.0,268470.0,265638.0,263539.0,262054.0,256622.0,249934.0
256257.0,258725.0,259510.0,259635.0,260705.0,261292.0,262279.0,264127.0,265106.0,263539.0,263646.0,261642.0,261691.0,261344.0,258946.0,258218.0
257051.0,259920.0,262544.0,265296.0,264349.0,264404.0,262309.0,260614.0,261207.0,263913.0,265636.0,266378.0,266723.0,264592.0,261524.0,259202.0
265114.0,266231.0,269398.0,272573.0,273869.0,275348.0,276535.0,278864.0,278823.0,277898.0,275886.0,272427.0,269317.0,269321.0,267214.0,267700.0
261765.0,265772.0,266197.0,266778.0,268471.0,271639.0,271453.0,271119.0,271075.0,271146.0,269718.0,265203.0,264033.0,265058.0,263640.0,260861.0
263078.0,266180.0,270909.0,273818.0,271461.0,266318.0,269640.0,273510.0,275208.0,272146.0,270145.0,269023.0,268377.0,273349.0,273620.0,270464.0
240373.0,240031.0,241845.0,242436.0,242299.0,241606.0,241527.0,241080.0,240933.0,241782.0,241294.0,241855.0,243007.0,243385.0,242040.0,241691.0
247274.0,251102.0,254909.0,257950.0,259488.0,257309.0,255212.0,253515.0,253560.0,256440.0,257887.0,257965.0,257619.0,255136.0,251315.0,248647.0
254457.0,256164.0,258986.0,258008.0,258754.0,259336.0,258096.0,259708.0,259488.0,259470.0,260638.0,258466.0,257033.0,256388.0,255746.0,255670.0
262271.0,262944.0,263986.0,263204.0,262913.0,263138.0,262855.0,264612.0,262636.0,263520.0,263105.0,262575.0,264908.0,263878.0,263024.0,262355.0
248088.0,248059.0,249336.0,253457.0,257727.0,261579.0,263502.0,264531.0,265563.0,264836.0,262621.0,259433.0,256270.0,252922.0,251147.0,249481.0
264549.0,263701.0,265556.0,267371.0,269257.0,267331.0,266138.0,266730.0,267719.0,266754.0,268027.0,266996.0,268016.0,267492.0,265887.0,266680.0
252710.0,256321.0,255110.0,256238.0,255547.0,256306.0,255899.0,254263.0,254011.0,254005.0,255035.0,256509.0,256155.0,256493.0,255427.0,254457.0
254724.0,260313.0,266215.0,268669.0,267025.0,268743.0,270122.0,268074.0,268106.0,267046.0,267429.0,267201.0,265623.0,264469.0,260970.0,257697.0
267861.0,270174.0,272942.0,275567.0,275197.0,273019.0,272774.0,276593.0,279104.0,277386.0,275205.0,274196.0,274527.0,277713.0,274699.0,272791.0
258069.0,260236.0,260628.0,262094.0,264081.0,265823.0,266570.0,269112.0,270095.0,269466.0,269819.0,267931.0,265423.0,262400.0,261937.0,259632.0
257560.0,261327.0,265276.0,266746.0,265422.0,263719.0,265640.0,265967.0,268098.0,265359.0,265659.0,265472.0,264584.0,265766.0,260292.0,259531.0
234973.0,237836.0,240322.0,241263.0,242973.0,246380.0,247991.0,249776.0,250929.0,249527.0,248478.0,246216.0,243161.0,241428.0,240309.0,236662.0
255582.0,256325.0,259826.0,261232.0,263080.0,261849.0,259208.0,258041.0,257383.0,258516.0,259805.0,262223.0,262111.0,261622.0,259665.0,256460.0
293305.0,294849.0,296923.0,299727.0,300826.0,300893.0,299278.0,297727.0,296165.0,296644.0,297143.0,298453.0,299096.0,298908.0,297511.0,295716.0
255711.0,259135.0,261381.0,263212.0,265822.0,267179.0,268130.0,266655.0,268950.0,268445.0,268845.0,266136.0,265809.0,264089.0,260968.0,260573.0
255142.0,261753.0,266604.0,264982.0,263990.0,262637.0,262189.0,257523.0,259350.0,262772.0,266080.0,268221.0,266136.0,265355.0,262327.0,258301.0
238343.0,239178.0,241015.0,243004.0,241867.0,239531.0,239282.0,240960.0,242758.0,241218.0,240124.0,238712.0,240896.0,242413.0,242842.0,241151.0
254018.0,256418.0,257245.0,258720.0,260588.0,260636.0,262212.0,261257.0,261953.0,260234.0,260872.0,259855.0,259946.0,258463.0,255632.0,255757.0
254433.0,255083.0,256723.0,259271.0,261327.0,262827.0,263604.0,263652.0,262409.0,264090.0,263442.0,262113.0,261747.0,259142.0,256790.0,254635.0
245564.0,247176.0,250025.0,250826.0,252292.0,255579.0,257015.0,255586.0,257538.0,258194.0,255798.0,253135.0,252352.0,250951.0,248918.0,248519.0
243870.0,242540.0,246730.0,244202.0,245135.0,245805.0,246327.0,245302.0,246367.0,245891.0,244093.0,245538.0,246461.0,245819.0,245309.0,245259.0
256953.0,259107.0,261811.0,262311.0,261773.0,260385.0,260080.0,261421.0,262086.0,261349.0,259507.0,259600.0,260871.0,262838.0,261656.0,258186.0
253604.0,257708.0,261020.0,262183.0,262488.0,263638.0,269017.0,273712.0,274175.0,272901.0,269030.0,266747.0,266287.0,264787.0,260021.0,257374.0
262459.0,263665.0,263459.0,262706.0,264837.0,263166.0,262951.0,265152.0,263304.0,263757.0,263592.0,263892.0,264998.0,263907.0,263968.0,265275.0
270960.0,275360.0,277591.0,278762.0,277939.0,274836.0,275118.0,276350.0,278802.0,278743.0,276455.0,275471.0,278311.0,280541.0,278812.0,274001.0
257272.0,256899.0,256309.0,258558.0,259936.0,261979.0,264613.0,266430.0,267785.0,268665.0,268259.0,268034.0,266860.0,263888.0,261678.0,258907.0
252149.0,254290.0,255332.0,256027.0,257513.0,256694.0,255350.0,253743.0,254392.0,256347.0,257313.0,258606.0,257318.0,255689.0,253729.0,253716.0
242287.0,244591.0,245786.0,246462.0,246598.0,244127.0,243452.0,245146.0,245788.0,246771.0,246242.0,246021.0,247227.0,246439.0,245699.0,244472.0
246734.0,252577.0,254171.0,255347.0,255725.0,255976.0,258392.0,253444.0,252281.0,253461.0,257194.0,257669.0,255905.0,257151.0,253338.0,251615.0
230659.0,233761.0,233952.0,232700.0,234976.0,233982.0,233180.0,234630.0,235695.0,233358.0,234124.0,236707.0,234072.0,234313.0,233670.0,230613.0
256271.0,258348.0,261377.0,263320.0,264556.0,265920.0,268880.0,272700.0,274797.0,274836.0,271284.0,268085.0,267963.0,265538.0,262521.0,257922.0
261015.0,262757.0,262753.0,264705.0,263055.0,264742.0,261973.0,264448.0,262194.0,264182.0,261593.0,264658.0,261971.0,264016.0,261515.0,262915.0
246839.0,247324.0,249043.0,248880.0,248952.0,249676.0,250459.0,250472.0,250533.0,251016.0,250058.0,250809.0,250171.0,248692.0,247828.0,248456.0
258773.0,261043.0,261168.0,263089.0,261887.0,261805.0,263506.0,263175.0,263895.0,262912.0,261467.0,259968.0,261213.0,262215.0,262037.0,259931.0
249798.0,251162.0,252160.0,253950.0,254279.0,255899.0,258391.0,258128.0,258495.0,258564.0,258665.0,256700.0,253674.0,254565.0,252762.0,252400.0
267081.0,268312.0,270063.0,272063.0,273424.0,273998.0,275431.0,275218.0,274383.0,275088.0,271957.0,271117.0,270574.0,268948.0,268315.0,267700.0
243110.0,246214.0,248381.0,246477.0,246734.0,251295.0,248873.0,246463.0,249380.0,248640.0,247858.0,248286.0,246679.0,246264.0,246491.0,246567.0
274239.0,277245.0,277061.0,276848.0,274503.0,277167.0,277054.0,275921.0,276225.0,275370.0,278439.0,276404.0,278315.0,278301.0,277423.0,277475.0
259571.0,262523.0,265853.0,266073.0,266933.0,265647.0,264916.0,268568.0,267856.0,265714.0,263618.0,262111.0,263533.0,265429.0,263258.0,261617.0
252098.0,254243.0,255750.0,260105.0,262504.0,266277.0,269921.0,271915.0,274282.0,273896.0,273917.0,268527.0,264746.0,259056.0,257146.0,254313.0
275520.0,276312.0,277207.0,280007.0,279916.0,282700.0,282556.0,283933.0,281763.0,281673.0,280208.0,280143.0,277588.0,276205.0,275022.0,276431.0
237581.0,236495.0,240824.0,242393.0,244707.0,247406.0,245840.0,247302.0,247631.0,247880.0,244689.0,242712.0,240765.0,238786.0,239686.0,238245.0
250935.0,253906.0,253015.0,254497.0,254046.0,254557.0,254789.0,254269.0,254200.0,253010.0,255409.0,255552.0,253888.0,253716.0,253740.0,251375.0
257209.0,257723.0,263072.0,266266.0,271760.0,276599.0,279517.0,283953.0,284619.0,284798.0,280446.0,278182.0,275392.0,270134.0,265037.0,260217.0
247466.0,249964.0,254062.0,253616.0,253228.0,255822.0,257051.0,255137.0,254235.0,255689.0,257415.0,257277.0,255187.0,254876.0,253846.0,251169.0
256726.0,256563.0,257693.0,257313.0,258144.0,258544.0,258378.0,257826.0,256462.0,256879.0,256986.0,256357.0,257490.0,257957.0,257681.0,256841.0
255952.0,258566.0,260436.0,259997.0,262522.0,262806.0,262433.0,263771.0,263046.0,263065.0,263612.0,263155.0,262776.0,261503.0,260331.0,257869.0
258123.0,263976.0,263845.0,265753.0,266425.0,269775.0,268890.0,269608.0,265117.0,264577.0,266216.0,270235.0,265839.0,267272.0,267487.0,264390.0
242132.0,242180.0,241950.0,242872.0,244124.0,243067.0,241681.0,242778.0,244931.0,244580.0,242944.0,242017.0,243153.0,243579.0,242901.0,242555.0
273337.0,276563.0,277540.0,277657.0,278725.0,279923.0,280941.0,280580.0,280160.0,282030.0,282993.0,280341.0,279136.0,278868.0,277014.0,277016.0
273140.0,279747.0,282798.0,286975.0,286526.0,287525.0,286411.0,286028.0,284380.0,285652.0,285853.0,286512.0,287469.0,288915.0,283319.0,277458.0
250605.0,251787.0,252076.0,250283.0,251175.0,252114.0,251561.0,251724.0,249437.0,251408.0,250935.0,252359.0,251736.0,250141.0,251642.0,250397.0
259971.0,264561.0,269546.0,273373.0,277812.0,278197.0,280869.0,280000.0,280964.0,279638.0,280053.0,280272.0,276198.0,271981.0,266731.0,263192.0
255355.0,256824.0,259726.0,262200.0,265936.0,265699.0,268783.0,269188.0,270585.0,269371.0,269060.0,266463.0,265178.0,265730.0,262602.0,258790.0
265609.0,268249.0,268937.0,268965.0,271787.0,273945.0,271559.0,271818.0,270655.0,270209.0,268922.0,268723.0,266767.0,268385.0,267058.0,265468.0
247715.0,249111.0,250878.0,253091.0,255950.0,257822.0,260256.0,261633.0,261601.0,259964.0,258068.0,255117.0,253863.0,251608.0,249305.0,248226.0
285634.0,288072.0,290103.0,289342.0,289257.0,287454.0,287189.0,289169.0,289676.0,288229.0,288188.0,288686.0,290018.0,290689.0,288613.0,286897.0
242534.0,245565.0,248529.0,249389.0,247705.0,247056.0,246720.0,250317.0,248770.0,248396.0,248935.0,246829.0,248885.0,249639.0,247994.0,244017.0
257888.0,259443.0,263317.0,263575.0,262307.0,260136.0,262863.0,263983.0,263211.0,262357.0,261581.0,261445.0,262461.0,264030.0,262231.0,260980.0
255905.0,259931.0,263590.0,264460.0,261484.0,264574.0,268601.0,267022.0,264295.0,262963.0,265275.0,262114.0,259053.0,259740.0,261493.0,259592.0
254825.0,258810.0,260809.0,261064.0,264259.0,263285.0,264207.0,265020.0,263999.0,266215.0,263769.0,262191.0,260802.0,258505.0,257718.0,256442.0
246790.0,247295.0,251088.0,255385.0,259413.0,262895.0,265609.0,268822.0,270389.0,270038.0,265894.0,262817.0,260107.0,256092.0,252084.0,248354.0
257989.0,259930.0,260191.0,261639.0,262874.0,264777.0,265198.0,266572.0,265655.0,266291.0,265332.0,265762.0,266495.0,263501.0,260850.0,260608.0
245753.0,246907.0,245922.0,246302.0,245975.0,247905.0,248386.0,248185.0,247983.0,248182.0,248148.0,248550.0,248204.0,247291.0,246473.0,246762.0
245974.0,246533.0,247788.0,249177.0,250417.0,249981.0,250402.0,249711.0,250185.0,249711.0,249758.0,248562.0,248989.0,247982.0,248529.0,246533.0
255684.0,257408.0,257475.0,259163.0,260172.0,259684.0,260861.0,259674.0,260772.0,258606.0,259581.0,262009.0,259693.0,260230.0,258890.0,258590.0
245538.0,248446.0,247064.0,250199.0,252397.0,252530.0,253897.0,254530.0,253971.0,255750.0,252703.0,251170.0,250551.0,247690.0,246751.0,247939.0
254907.0,256924.0,259314.0,259405.0,259072.0,256851.0,258575.0,258590.0,256730.0,258347.0,260020.0,257884.0,258477.0,257995.0,258159.0,256628.0
250239.0,253458.0,258410.0,261771.0,262375.0,261871.0,257342.0,256729.0,257723.0,260467.0,262784.0,263954.0,263469.0,258182.0,252696.0,249968.0
248255.0,248816.0,251095.0,250948.0,250702.0,252780.0,254546.0,254241.0,253363.0,254109.0,253995.0,252603.0,249962.0,250005.0,250326.0,249838.0
