263882.0,263583.0,265128.0,266096.0,264741.0,267195.0,267056.0,268339.0,269439.0,269957.0,270916.0,268290.0,268299.0,267437.0,266759.0,265663.0
238462.0,243608.0,246386.0,245367.0,248600.0,252818.0,251689.0,248249.0,250161.0,250755.0,249063.0,245505.0,245582.0,243053.0,242471.0,242639.0
263322.0,266190.0,265238.0,267388.0,268595.0,265913.0,268277.0,266528.0,268524.0,267310.0,264688.0,266048.0,266325.0,267030.0,264565.0,264423.0
252533.0,253085.0,255099.0,255089.0,253185.0,256104.0,256192.0,254178.0,254025.0,254368.0,254427.0,255091.0,254158.0,254634.0,254359.0,255661.0
251048.0,252232.0,253355.0,253844.0,252914.0,253857.0,253796.0,252019.0,253443.0,253630.0,255229.0,254066.0,253252.0,254490.0,251964.0,250815.0
258487.0,260980.0,262256.0,264269.0,264812.0,265191.0,262522.0,262115.0,261345.0,261294.0,260898.0,262242.0,262291.0,262910.0,261502.0,260150.0
247140.0,251004.0,253284.0,257468.0,257224.0,259572.0,263257.0,266373.0,263122.0,266273.0,263525.0,261553.0,257137.0,255422.0,251819.0,250675.0
238351.0,239924.0,241143.0,242547.0,243693.0,242888.0,240684.0,239120.0,239004.0,237859.0,240886.0,242757.0,243126.0,243921.0,241333.0,238868.0
247100.0,250391.0,255754.0,255099.0,254830.0,252618.0,256330.0,259841.0,261365.0,259112.0,257123.0,255003.0,256969.0,257057.0,254889.0,250151.0
243037.0,245223.0,245055.0,246899.0,245500.0,246026.0,245778.0,245467.0,247372.0,245094.0,244511.0,244045.0,243563.0,243298.0,244336.0,243146.0
246723.0,246859.0,251406.0,253083.0,253142.0,252428.0,252417.0,250195.0,250877.0,249464.0,251310.0,253016.0,252682.0,252256.0,250221.0,248373.0
254656.0,257448.0,258762.0,263164.0,266463.0,267503.0,268074.0,266887.0,266365.0,264584.0,260815.0,260271.0,258832.0,258172.0,257294.0,255726.0
244039.0,245701.0,249261.0,251547.0,253495.0,256953.0,259832.0,262034.0,264734.0,262714.0,260714.0,256956.0,254904.0,251376.0,248109.0,246975.0
253352.0,256276.0,260309.0,263335.0,267066.0,269867.0,272812.0,272921.0,273178.0,272318.0,271222.0,268449.0,263082.0,260052.0,258925.0,255510.0
242467.0,244135.0,244209.0,245084.0,245551.0,245494.0,245772.0,244537.0,245400.0,246464.0,244467.0,245892.0,246592.0,243657.0,244734.0,244053.0
251033.0,252774.0,254789.0,254485.0,254318.0,253410.0,252133.0,253218.0,252108.0,253334.0,251006.0,253750.0,252165.0,253785.0,253249.0,252415.0
251323.0,251604.0,252285.0,252283.0,253268.0,254754.0,254287.0,254323.0,255111.0,255855.0,254121.0,255051.0,253996.0,252728.0,251739.0,251920.0
236129.0,238877.0,240830.0,242213.0,242582.0,244030.0,244625.0,244484.0,244476.0,243212.0,242167.0,243889.0,242418.0,241374.0,241120.0,239564.0
244596.0,247098.0,247693.0,248648.0,249417.0,249332.0,248535.0,249897.0,250249.0,249048.0,248447.0,248412.0,249490.0,246613.0,248097.0,246652.0
254531.0,257047.0,255617.0,256951.0,257725.0,257412.0,258379.0,255993.0,257158.0,256331.0,257844.0,256998.0,257550.0,258014.0,255576.0,255866.0
267444.0,269398.0,271553.0,270428.0,269864.0,269692.0,272624.0,270371.0,268693.0,269458.0,272331.0,272963.0,271011.0,271596.0,271664.0,270270.0
240144.0,242178.0,242700.0,242453.0,242056.0,243672.0,242618.0,242927.0,240646.0,243033.0,242903.0,243068.0,241180.0,242366.0,242837.0,241859.0
250247.0,255286.0,259522.0,261087.0,261056.0,264780.0,267311.0,268464.0,268324.0,265626.0,263183.0,260823.0,260929.0,258818.0,257464.0,253158.0
254146.0,254558.0,255692.0,257090.0,256743.0,255916.0,255629.0,255598.0,255475.0,255521.0,256969.0,256869.0,256366.0,257816.0,256542.0,255044.0
246751.0,247246.0,246897.0,247841.0,249110.0,248994.0,248601.0,248370.0,247342.0,246737.0,247632.0,248052.0,246494.0,247880.0,246496.0,247075.0
234212.0,235709.0,237375.0,237854.0,238390.0,237169.0,237791.0,238040.0,238223.0,238608.0,239922.0,238512.0,238313.0,237102.0,234848.0,234936.0
256079.0,257332.0,259779.0,264151.0,264238.0,267573.0,269718.0,269133.0,269069.0,267210.0,265171.0,262146.0,259942.0,257188.0,255728.0,254993.0
235514.0,242952.0,244779.0,248503.0,254256.0,256465.0,257141.0,261430.0,260972.0,260849.0,255890.0,253112.0,250455.0,245513.0,242705.0,239384.0
261041.0,260890.0,260968.0,262662.0,265906.0,266277.0,270192.0,269380.0,270900.0,269962.0,270780.0,270219.0,269325.0,269307.0,265814.0,264689.0
234200.0,235232.0,236252.0,237694.0,239867.0,241891.0,241409.0,241156.0,241104.0,240434.0,241159.0,240980.0,240687.0,238636.0,238244.0,235527.0
243888.0,245869.0,247371.0,248853.0,248081.0,246728.0,249889.0,250152.0,248998.0,249590.0,247771.0,247751.0,247328.0,246237.0,247237.0,245243.0
237616.0,243619.0,246049.0,253623.0,254713.0,259571.0,262009.0,268219.0,268770.0,270369.0,266363.0,264231.0,256071.0,256455.0,248689.0,247377.0
242230.0,242434.0,243786.0,243707.0,244407.0,244775.0,243388.0,243740.0,244004.0,244047.0,244529.0,244363.0,243795.0,243829.0,242451.0,242947.0
252199.0,255012.0,257527.0,257238.0,255791.0,256683.0,260064.0,262669.0,262058.0,259885.0,259598.0,259042.0,258960.0,258574.0,256557.0,253687.0
236100.0,239688.0,243253.0,247694.0,251429.0,256044.0,258020.0,259526.0,258551.0,259069.0,258374.0,259176.0,253617.0,249515.0,243376.0,239100.0
255352.0,258949.0,259624.0,260093.0,262581.0,261781.0,261227.0,259578.0,258355.0,259213.0,262003.0,260257.0,262913.0,261926.0,260141.0,259599.0
278295.0,279532.0,284118.0,288407.0,290033.0,293543.0,296846.0,297256.0,299068.0,300519.0,298661.0,299898.0,296133.0,291434.0,287480.0,281333.0
245995.0,247638.0,248672.0,248460.0,249255.0,247622.0,249077.0,249459.0,248273.0,249538.0,249545.0,249794.0,251102.0,250105.0,248572.0,247685.0
262147.0,263252.0,265978.0,266576.0,269360.0,272550.0,274273.0,275938.0,276034.0,276456.0,273608.0,272397.0,270467.0,267987.0,265632.0,263735.0
240477.0,242673.0,246599.0,250377.0,253840.0,256438.0,258881.0,259560.0,257738.0,255899.0,255504.0,253691.0,250586.0,246163.0,243019.0,240751.0
250199.0,250293.0,254352.0,259292.0,259940.0,261268.0,260320.0,258601.0,256447.0,257574.0,259875.0,262730.0,261856.0,259741.0,256071.0,255391.0
227129.0,227724.0,229469.0,229815.0,230765.0,230767.0,230636.0,232313.0,233369.0,233033.0,234018.0,233512.0,232497.0,232654.0,231053.0,229462.0
249793.0,253968.0,252755.0,256502.0,255829.0,255205.0,255435.0,256870.0,258034.0,257519.0,254312.0,254465.0,254153.0,254572.0,251633.0,253395.0
266488.0,265558.0,268983.0,269688.0,267614.0,269928.0,271638.0,274344.0,273948.0,272110.0,272134.0,272487.0,271848.0,270013.0,269461.0,269806.0
244637.0,248329.0,249214.0,248947.0,249055.0,250604.0,252558.0,252885.0,254186.0,251837.0,249919.0,251466.0,249749.0,249573.0,249050.0,245007.0
249499.0,251520.0,250549.0,252810.0,252559.0,252064.0,252591.0,252347.0,253252.0,251618.0,253299.0,251550.0,251536.0,252380.0,252541.0,250459.0
255879.0,257504.0,258944.0,260014.0,261443.0,262244.0,261992.0,261416.0,260314.0,259786.0,261599.0,261515.0,260918.0,260115.0,259365.0,258312.0
231701.0,232885.0,234555.0,235051.0,235684.0,236600.0,236549.0,236501.0,234516.0,234108.0,234730.0,235049.0,237162.0,236766.0,233997.0,234880.0
238544.0,240737.0,239917.0,239619.0,240128.0,239455.0,239914.0,241700.0,240498.0,238871.0,240989.0,240731.0,238782.0,240299.0,240124.0,238996.0
247866.0,249420.0,248221.0,250582.0,249801.0,251517.0,251410.0,252694.0,252452.0,252383.0,251882.0,251156.0,250882.0,249246.0,248559.0,249413.0
249594.0,250092.0,251172.0,253029.0,254191.0,256361.0,257319.0,257359.0,256915.0,254484.0,254734.0,254713.0,253265.0,252722.0,250586.0,250504.0
246923.0,249005.0,250424.0,251673.0,253587.0,252346.0,256443.0,254209.0,256978.0,255284.0,254169.0,252391.0,251178.0,251001.0,247164.0,248809.0
263459.0,265238.0,265352.0,265148.0,265901.0,265860.0,267136.0,266218.0,267328.0,266296.0,265736.0,267288.0,266665.0,267537.0,265418.0,264930.0
244152.0,246570.0,247561.0,250282.0,253754.0,256311.0,260383.0,262183.0,262393.0,260048.0,257902.0,254697.0,252069.0,250152.0,247568.0,247129.0
259584.0,263605.0,265224.0,269775.0,276445.0,284373.0,288973.0,292305.0,293781.0,295582.0,291778.0,288704.0,279337.0,274593.0,268824.0,262509.0
275287.0,278405.0,280254.0,279719.0,281561.0,285611.0,288603.0,289207.0,288902.0,288955.0,289971.0,286712.0,284456.0,283063.0,281578.0,277658.0
252688.0,257041.0,261849.0,262581.0,261903.0,264007.0,264688.0,268475.0,264878.0,265129.0,265062.0,262419.0,258448.0,258354.0,259300.0,257850.0
250411.0,251479.0,251958.0,256032.0,259997.0,261631.0,263748.0,267034.0,268279.0,266126.0,265518.0,262627.0,260551.0,257105.0,254636.0,251232.0
244726.0,247802.0,248911.0,251466.0,253911.0,260176.0,262628.0,263983.0,264892.0,267878.0,266569.0,261978.0,257226.0,254553.0,253325.0,249384.0
257382.0,259666.0,262231.0,263267.0,262505.0,262418.0,262124.0,260517.0,260016.0,262071.0,261502.0,262074.0,263105.0,263770.0,262562.0,260710.0
232694.0,237530.0,239927.0,244223.0,248147.0,251165.0,255594.0,256461.0,257170.0,254266.0,251128.0,245942.0,242713.0,239785.0,235855.0,233576.0
254624.0,255844.0,257454.0,257085.0,256835.0,257863.0,258723.0,258304.0,257502.0,258213.0,258194.0,258119.0,258386.0,257405.0,257366.0,256915.0
240183.0,242274.0,242399.0,243652.0,245110.0,247226.0,247379.0,248586.0,249172.0,251161.0,251106.0,248829.0,247660.0,247601.0,246911.0,243115.0
241865.0,243330.0,242101.0,243163.0,245958.0,246316.0,246340.0,245427.0,246431.0,248001.0,247400.0,247781.0,247464.0,247329.0,245140.0,242092.0
224418.0,225696.0,228616.0,230817.0,231481.0,229920.0,228486.0,227555.0,226486.0,227995.0,228677.0,230376.0,230061.0,229892.0,230165.0,225987.0
245767.0,248350.0,249843.0,249219.0,250819.0,252006.0,253029.0,254047.0,255400.0,254343.0,255638.0,254410.0,251877.0,250427.0,249193.0,248560.0
256435.0,258970.0,262571.0,267514.0,275136.0,281220.0,286584.0,289931.0,292323.0,289710.0,287966.0,283357.0,276217.0,269514.0,263217.0,258651.0
246427.0,247865.0,250136.0,248571.0,251263.0,250749.0,252238.0,252141.0,253002.0,252134.0,252773.0,250992.0,250016.0,248856.0,248457.0,246956.0
252786.0,254390.0,256653.0,257208.0,256942.0,256420.0,257422.0,259398.0,260292.0,258757.0,258003.0,258530.0,257002.0,256618.0,256638.0,254417.0
241989.0,245927.0,247962.0,249713.0,252651.0,252832.0,255581.0,256063.0,255551.0,253253.0,252198.0,250799.0,248589.0,246691.0,244889.0,243776.0
265019.0,266741.0,268414.0,267674.0,273972.0,277710.0,280071.0,282618.0,286122.0,284122.0,283176.0,280956.0,279377.0,273611.0,273689.0,269496.0
247070.0,250117.0,251986.0,252464.0,251168.0,253902.0,255945.0,255292.0,252563.0,254879.0,254439.0,252462.0,251313.0,251352.0,251699.0,250391.0
252059.0,253668.0,253615.0,254732.0,257114.0,256360.0,257121.0,258028.0,256872.0,258115.0,257062.0,256298.0,257697.0,256124.0,255480.0,255145.0
266837.0,269520.0,268980.0,270043.0,270478.0,270557.0,271581.0,272212.0,269976.0,271442.0,269988.0,270851.0,271615.0,270779.0,272491.0,270978.0
260141.0,262559.0,261149.0,263953.0,264306.0,268843.0,268730.0,271666.0,270404.0,273068.0,272639.0,273343.0,269423.0,269536.0,265350.0,263926.0
235548.0,235449.0,238131.0,240656.0,241505.0,242378.0,240443.0,238663.0,237898.0,238377.0,239026.0,239924.0,241567.0,240142.0,238616.0,237149.0
238093.0,240308.0,246322.0,253360.0,260222.0,265530.0,268961.0,271260.0,273025.0,271209.0,269434.0,264521.0,255796.0,248823.0,242641.0,239153.0
262696.0,265358.0,271327.0,270764.0,271150.0,270112.0,269533.0,269632.0,268253.0,268397.0,268547.0,266997.0,270938.0,272946.0,271280.0,267376.0
243654.0,245899.0,244831.0,245252.0,246911.0,245659.0,247613.0,248942.0,250599.0,250331.0,248691.0,248847.0,249208.0,247077.0,247597.0,245977.0
241555.0,244435.0,245143.0,247862.0,250677.0,249289.0,250365.0,247714.0,249979.0,247476.0,248941.0,249077.0,248735.0,248374.0,244961.0,244873.0
244756.0,248116.0,249157.0,250621.0,248804.0,249820.0,249746.0,249442.0,248779.0,248822.0,251762.0,248682.0,247729.0,246736.0,247034.0,246842.0
252291.0,253560.0,253308.0,254137.0,255937.0,254643.0,254246.0,253750.0,254829.0,253386.0,254365.0,255122.0,255417.0,256087.0,254563.0,253913.0
271680.0,278248.0,280769.0,283476.0,290401.0,291705.0,296331.0,299682.0,299897.0,298252.0,296793.0,291183.0,287232.0,282169.0,278595.0,274883.0
246709.0,250442.0,250161.0,253607.0,254887.0,254128.0,254600.0,252139.0,253577.0,253452.0,254422.0,254664.0,254169.0,251672.0,251319.0,249204.0
253110.0,255243.0,254619.0,253850.0,254909.0,254031.0,253830.0,254578.0,254048.0,255455.0,255723.0,255380.0,256615.0,255114.0,254620.0,256263.0
233798.0,236822.0,238841.0,240451.0,240466.0,238977.0,241146.0,241924.0,241671.0,241368.0,240211.0,239993.0,239395.0,237896.0,238271.0,236192.0
244445.0,248233.0,251070.0,250849.0,252301.0,253568.0,253289.0,252278.0,251728.0,252918.0,252086.0,251478.0,250296.0,250649.0,246533.0,244647.0
233409.0,233556.0,235089.0,238649.0,242590.0,246718.0,249575.0,250588.0,251993.0,252998.0,252756.0,249922.0,245672.0,241176.0,238102.0,235753.0
243937.0,247720.0,249306.0,247438.0,249890.0,248446.0,250451.0,249119.0,247320.0,251278.0,250071.0,248292.0,249574.0,247294.0,246513.0,248125.0
242289.0,244440.0,246389.0,248249.0,248934.0,250539.0,254016.0,256412.0,256365.0,257921.0,255850.0,253830.0,250827.0,249957.0,249748.0,243818.0
253323.0,255941.0,253832.0,255669.0,258413.0,257962.0,258802.0,260474.0,259125.0,258884.0,258347.0,257018.0,256280.0,255163.0,256117.0,253188.0
245568.0,248197.0,250731.0,249245.0,247631.0,249294.0,249377.0,246874.0,248002.0,249623.0,249207.0,247969.0,246767.0,249033.0,248775.0,247531.0
255941.0,260679.0,261653.0,260729.0,259237.0,257940.0,259253.0,257696.0,259186.0,261030.0,259908.0,257015.0,257455.0,259738.0,259854.0,257798.0
243143.0,246303.0,248419.0,247004.0,248524.0,246219.0,246940.0,249303.0,248755.0,249614.0,248193.0,247081.0,249815.0,247424.0,246877.0,246138.0
269709.0,271282.0,273636.0,274980.0,275118.0,273381.0,273733.0,275414.0,273250.0,275162.0,273497.0,273614.0,274581.0,275489.0,274398.0,269944.0
234826.0,236624.0,239724.0,240424.0,240167.0,239279.0,237079.0,235251.0,236485.0,237588.0,239112.0,239680.0,241611.0,239411.0,236182.0,234671.0
237047.0,237467.0,237087.0,236223.0,237526.0,238000.0,236463.0,237378.0,237079.0,238225.0,236402.0,238792.0,237492.0,238542.0,235832.0,236081.0
238710.0,239748.0,239907.0,240342.0,241953.0,241323.0,241923.0,242073.0,242687.0,241400.0,241130.0,241108.0,241536.0,240042.0,240971.0,240067.0
245219.0,246736.0,245164.0,247236.0,247687.0,247445.0,246871.0,248863.0,247873.0,247964.0,247088.0,248401.0,245060.0,247290.0,246154.0,247045.0
246733.0,248367.0,250767.0,254619.0,259035.0,259952.0,260083.0,260497.0,259360.0,262774.0,261740.0,261450.0,260550.0,257485.0,254360.0,249808.0
252789.0,253771.0,256658.0,258309.0,258719.0,257764.0,259465.0,262507.0,263741.0,264034.0,261180.0,259389.0,257723.0,258510.0,258285.0,256068.0
227356.0,230416.0,230130.0,231605.0,233562.0,234817.0,235496.0,236273.0,237191.0,237234.0,237660.0,236302.0,235281.0,232769.0,230296.0,231228.0
241831.0,242591.0,242823.0,243691.0,243783.0,244575.0,243390.0,242168.0,243097.0,242522.0,241735.0,242186.0,244001.0,242945.0,243177.0,241647.0
233396.0,236444.0,235895.0,235951.0,234690.0,237891.0,237261.0,236482.0,236994.0,238671.0,238009.0,237083.0,236364.0,237977.0,236657.0,235211.0
251237.0,251780.0,252776.0,253171.0,253824.0,253762.0,253513.0,252646.0,252606.0,252949.0,254357.0,254154.0,253599.0,253213.0,252618.0,250549.0
233163.0,232268.0,233892.0,231244.0,233511.0,232155.0,232863.0,233522.0,233070.0,233072.0,233342.0,232408.0,232122.0,234370.0,233417.0,233923.0
244586.0,245046.0,251523.0,256948.0,263781.0,269355.0,271871.0,270768.0,268797.0,269353.0,272084.0,268346.0,267101.0,262675.0,256904.0,249164.0
282747.0,283514.0,285921.0,288326.0,285725.0,285703.0,286728.0,288457.0,287326.0,288827.0,288476.0,287119.0,285700.0,287246.0,285845.0,283824.0
261472.0,263403.0,264155.0,262808.0,263276.0,263010.0,264122.0,264037.0,264541.0,263691.0,263351.0,263569.0,262828.0,264153.0,264986.0,263350.0
255876.0,256688.0,258041.0,258558.0,259409.0,261545.0,262798.0,262424.0,262100.0,261554.0,262486.0,260410.0,259042.0,258704.0,257443.0,255214.0
243892.0,247684.0,250181.0,249725.0,249220.0,249605.0,248330.0,249986.0,251635.0,248624.0,247322.0,246871.0,247905.0,247399.0,247155.0,247080.0
243780.0,244692.0,245099.0,245188.0,244945.0,244723.0,248195.0,247495.0,245848.0,244223.0,244109.0,245629.0,245667.0,243824.0,244909.0,243994.0
242109.0,242784.0,245082.0,248628.0,251395.0,255117.0,257743.0,258281.0,259838.0,258162.0,257886.0,253548.0,250123.0,247118.0,244806.0,244170.0
249796.0,254137.0,253846.0,256040.0,255140.0,254965.0,255354.0,251734.0,253702.0,251870.0,256272.0,254245.0,255960.0,255180.0,251601.0,252918.0
235624.0,240654.0,239873.0,242519.0,246894.0,245289.0,247321.0,246255.0,242944.0,245786.0,245040.0,245431.0,247699.0,243734.0,243025.0,239864.0
250830.0,250874.0,252712.0,252962.0,253803.0,254839.0,255960.0,255111.0,254077.0,253131.0,253968.0,253533.0,252139.0,253306.0,252528.0,252259.0
259175.0,262518.0,264574.0,266437.0,264993.0,265880.0,266188.0,264214.0,266371.0,264247.0,264012.0,263267.0,262880.0,262836.0,260496.0,260508.0
244574.0,246666.0,250179.0,254475.0,257388.0,259775.0,258896.0,259277.0,258844.0,258609.0,260045.0,258717.0,258399.0,251948.0,249117.0,246323.0
236823.0,238223.0,237443.0,237847.0,239786.0,239031.0,240001.0,241350.0,241723.0,240609.0,241365.0,239940.0,239019.0,239665.0,238326.0,236637.0
240810.0,244073.0,241740.0,243334.0,245332.0,244304.0,246350.0,247332.0,246415.0,248659.0,246416.0,245944.0,247166.0,244338.0,245565.0,244386.0
255734.0,257452.0,261777.0,264694.0,264564.0,260088.0,257731.0,259313.0,260335.0,259216.0,259457.0,260174.0,261855.0,262926.0,263028.0,258408.0
249920.0,250581.0,251888.0,254317.0,256114.0,257059.0,258666.0,260845.0,259611.0,258303.0,256935.0,256881.0,254140.0,251110.0,250778.0,251080.0
246336.0,249249.0,252218.0,252988.0,255266.0,257648.0,262345.0,263175.0,264097.0,262380.0,260249.0,257149.0,254093.0,252607.0,249756.0,248388.0
243232.0,246496.0,250833.0,250209.0,249751.0,252784.0,254653.0,251728.0,250230.0,250789.0,254219.0,252202.0,250012.0,251222.0,250860.0,245948.0
235906.0,238023.0,237766.0,240225.0,239416.0,240033.0,240998.0,241090.0,242381.0,241564.0,239988.0,238559.0,237980.0,237168.0,238689.0,236454.0
245125.0,248198.0,250016.0,250836.0,251987.0,254247.0,255234.0,253210.0,253464.0,254124.0,252770.0,252669.0,250610.0,249339.0,248478.0,247657.0
251216.0,253638.0,257613.0,257421.0,256326.0,254367.0,254073.0,256046.0,257010.0,256629.0,253575.0,253279.0,253457.0,256621.0,256640.0,252745.0
266763.0,271418.0,275644.0,277876.0,280502.0,285892.0,286837.0,285062.0,287385.0,285646.0,282713.0,281634.0,276986.0,272226.0,270543.0,268661.0
255442.0,257377.0,257192.0,261169.0,262062.0,263676.0,262707.0,263388.0,261397.0,261270.0,260757.0,261058.0,259128.0,259646.0,256079.0,255580.0
244268.0,246897.0,248057.0,246560.0,248664.0,251599.0,250464.0,250248.0,250239.0,250798.0,251094.0,250438.0,248577.0,249088.0,248679.0,245986.0
239785.0,241331.0,241976.0,240330.0,241338.0,243048.0,244640.0,245576.0,247198.0,247313.0,247952.0,247777.0,246710.0,245513.0,245055.0,241802.0
262396.0,262676.0,264851.0,267287.0,267565.0,268965.0,269554.0,271000.0,271156.0,271003.0,268912.0,267331.0,267988.0,267340.0,265448.0,264394.0
263567.0,264652.0,264083.0,264577.0,264433.0,264184.0,265206.0,264251.0,265410.0,264310.0,264664.0,264350.0,264278.0,264081.0,263851.0,264831.0
242629.0,244979.0,245105.0,247135.0,246769.0,246642.0,245510.0,246643.0,245650.0,245684.0,247434.0,247021.0,246816.0,247323.0,246923.0,244169.0
251759.0,253954.0,255455.0,257283.0,255340.0,256582.0,258687.0,259892.0,260150.0,260847.0,261106.0,259049.0,258699.0,258608.0,257999.0,254512.0
241141.0,245194.0,248726.0,250002.0,247551.0,250315.0,248322.0,247494.0,247297.0,246935.0,246507.0,249418.0,249432.0,247763.0,245192.0,244903.0
237706.0,239177.0,241464.0,244680.0,246104.0,247532.0,243817.0,244073.0,241345.0,240841.0,241279.0,242438.0,245141.0,242936.0,243248.0,239651.0
252687.0,255122.0,258815.0,259940.0,260307.0,261412.0,264660.0,264908.0,262844.0,263629.0,264178.0,264463.0,262956.0,258981.0,258749.0,255953.0
247643.0,248884.0,250140.0,251554.0,251568.0,254263.0,254991.0,256090.0,257582.0,256783.0,255444.0,252948.0,252845.0,251759.0,250410.0,247782.0
256495.0,257217.0,259276.0,259107.0,260544.0,261877.0,263828.0,266235.0,264722.0,264338.0,265990.0,263836.0,264527.0,261702.0,259746.0,259712.0
242401.0,242922.0,242492.0,242724.0,242206.0,242811.0,243109.0,242451.0,243943.0,242929.0,243203.0,243819.0,242910.0,244470.0,241968.0,242746.0
252865.0,252272.0,253737.0,254470.0,254945.0,255194.0,256101.0,258701.0,259981.0,259471.0,258970.0,258129.0,259000.0,259452.0,258600.0,255842.0
268203.0,268951.0,270435.0,269654.0,268642.0,268739.0,270179.0,271122.0,271511.0,271976.0,271207.0,269802.0,271171.0,270856.0,269515.0,270515.0
227168.0,230845.0,232893.0,236904.0,235358.0,233748.0,233855.0,232756.0,231571.0,232470.0,234497.0,235525.0,235202.0,234927.0,232233.0,229770.0
272802.0,275607.0,277376.0,284075.0,284288.0,283330.0,278681.0,278115.0,279425.0,279256.0,278389.0,280729.0,283107.0,281669.0,282094.0,279713.0
261566.0,262146.0,264529.0,265241.0,265104.0,265485.0,266500.0,265601.0,266180.0,266519.0,267392.0,267394.0,265707.0,263280.0,263404.0,261846.0
263067.0,265407.0,267527.0,273033.0,276924.0,281083.0,283521.0,286894.0,288197.0,285844.0,282234.0,277629.0,274222.0,270342.0,267038.0,264694.0
250961.0,253507.0,253496.0,254220.0,253658.0,253324.0,254661.0,253876.0,253093.0,253399.0,253173.0,253740.0,255625.0,254445.0,254186.0,254490.0
254473.0,256496.0,257837.0,261051.0,261806.0,263728.0,264995.0,269128.0,269561.0,267368.0,267815.0,265150.0,264127.0,261540.0,259045.0,255268.0
251818.0,254379.0,257767.0,261454.0,265564.0,264496.0,264495.0,264920.0,263919.0,265122.0,266544.0,265457.0,264148.0,259903.0,256207.0,252107.0
264996.0,267360.0,265798.0,266881.0,269194.0,271778.0,272648.0,273406.0,272186.0,273188.0,272745.0,275021.0,273596.0,270696.0,267449.0,266890.0
262668.0,263481.0,266007.0,265327.0,265529.0,267636.0,266772.0,266914.0,268658.0,268013.0,266913.0,267785.0,267137.0,265718.0,265840.0,264882.0
249952.0,252036.0,254049.0,253811.0,255005.0,253254.0,253536.0,254426.0,252456.0,252038.0,253002.0,251561.0,252002.0,251132.0,248966.0,250718.0
237702.0,238823.0,241240.0,245458.0,247083.0,248857.0,251735.0,253501.0,254785.0,254609.0,250349.0,248085.0,244363.0,243653.0,243217.0,240058.0
255914.0,261825.0,266909.0,265766.0,267211.0,270380.0,269447.0,268446.0,269298.0,268796.0,268241.0,271669.0,266018.0,262292.0,263491.0,259185.0
252067.0,252339.0,255707.0,260728.0,264307.0,269789.0,272796.0,275535.0,275168.0,273706.0,271552.0,267751.0,263698.0,259466.0,255533.0,252842.0
263728.0,264274.0,264869.0,263991.0,264473.0,264397.0,263817.0,264159.0,264912.0,265013.0,267294.0,266734.0,266245.0,266325.0,265182.0,264843.0
236298.0,237812.0,239107.0,239842.0,240950.0,239428.0,238386.0,237728.0,238381.0,237897.0,239930.0,240151.0,239929.0,238825.0,239531.0,237949.0
245976.0,247011.0,249000.0,247805.0,250125.0,252586.0,250653.0,252083.0,253050.0,250151.0,250842.0,250537.0,247860.0,245551.0,248219.0,246763.0
250652.0,251468.0,252126.0,252790.0,253436.0,253405.0,254712.0,256140.0,257097.0,257592.0,255565.0,254331.0,255949.0,255652.0,253499.0,251342.0
246076.0,249495.0,248798.0,253418.0,253772.0,256149.0,256735.0,256183.0,257304.0,253979.0,255588.0,253316.0,254367.0,251061.0,248940.0,248339.0
240257.0,241303.0,242288.0,245698.0,247099.0,248630.0,248563.0,248095.0,248239.0,244931.0,244118.0,244019.0,242714.0,240990.0,241161.0,240771.0
241243.0,244326.0,242729.0,244843.0,247491.0,248933.0,249954.0,253461.0,254827.0,254236.0,254826.0,251874.0,252808.0,249044.0,245857.0,243054.0
249521.0,252840.0,256763.0,260100.0,261965.0,263229.0,265158.0,262763.0,259900.0,259596.0,260617.0,258999.0,257260.0,256417.0,254658.0,253178.0
245630.0,247436.0,250665.0,251730.0,253260.0,253221.0,253603.0,253185.0,250613.0,250552.0,251411.0,252062.0,251215.0,249393.0,248139.0,244981.0
242206.0,244550.0,244593.0,244264.0,244515.0,243267.0,246887.0,244679.0,243036.0,245255.0,244560.0,243448.0,242812.0,243903.0,245307.0,243646.0
260127.0,263131.0,264712.0,264533.0,264847.0,264909.0,263318.0,265530.0,265920.0,263898.0,262949.0,264301.0,263417.0,265285.0,262358.0,262461.0
239420.0,242764.0,244659.0,242586.0,242601.0,244013.0,244562.0,244589.0,244166.0,244060.0,243136.0,244086.0,243058.0,241592.0,242608.0,241548.0
251888.0,253675.0,257434.0,260755.0,262301.0,263080.0,262509.0,262816.0,264255.0,263165.0,260540.0,258660.0,259112.0,258264.0,254961.0,252561.0
271935.0,273083.0,275166.0,275261.0,276932.0,278832.0,278744.0,278148.0,278616.0,276660.0,275819.0,277408.0,277006.0,274852.0,274850.0,273776.0
246993.0,248792.0,250279.0,249631.0,250671.0,251751.0,252345.0,254757.0,255142.0,254318.0,253679.0,253696.0,253015.0,251491.0,251461.0,250507.0
271938.0,271483.0,271572.0,271276.0,274520.0,275862.0,275412.0,275824.0,279603.0,279815.0,278509.0,278452.0,279568.0,275681.0,275456.0,273665.0
246691.0,245048.0,246652.0,249365.0,249567.0,249232.0,251307.0,252042.0,251610.0,252168.0,251511.0,250565.0,251580.0,250148.0,247198.0,246912.0
246195.0,248739.0,248561.0,252055.0,253890.0,256299.0,258513.0,261596.0,263264.0,263838.0,263731.0,263694.0,261259.0,258939.0,253763.0,251202.0
248713.0,252742.0,257155.0,261180.0,265644.0,270936.0,273173.0,275689.0,276750.0,273336.0,269836.0,266397.0,261434.0,256036.0,253444.0,249853.0
257692.0,258822.0,261717.0,264051.0,267825.0,272145.0,273893.0,275575.0,277956.0,279067.0,277789.0,276721.0,274949.0,270774.0,263953.0,258731.0
249879.0,252855.0,255685.0,259736.0,263139.0,267111.0,270078.0,270565.0,269590.0,269815.0,266450.0,263947.0,258697.0,256109.0,253600.0,251918.0
235814.0,236160.0,236889.0,235520.0,236790.0,236175.0,237681.0,238064.0,239121.0,238000.0,239151.0,238408.0,237639.0,237428.0,237777.0,236399.0
224604.0,224414.0,225214.0,226511.0,229239.0,231338.0,230566.0,231592.0,231025.0,231320.0,231646.0,229414.0,228894.0,228820.0,227952.0,226641.0
255042.0,256683.0,256302.0,256063.0,256441.0,256487.0,257368.0,258016.0,257653.0,258166.0,257925.0,257662.0,256062.0,255746.0,256819.0,255633.0
243159.0,244678.0,246889.0,249118.0,251898.0,252333.0,253714.0,254657.0,252767.0,251203.0,250057.0,248690.0,248240.0,245688.0,244700.0,245153.0
226333.0,229030.0,230538.0,229996.0,232239.0,231209.0,232683.0,233167.0,231959.0,231400.0,229723.0,229798.0,230125.0,227851.0,228178.0,227407.0
246103.0,249975.0,252581.0,253677.0,251861.0,250351.0,249668.0,250151.0,249814.0,250628.0,250596.0,253359.0,252014.0,251788.0,246974.0,247632.0
267478.0,268711.0,269021.0,268980.0,269349.0,270166.0,270552.0,270910.0,271198.0,268509.0,268326.0,267314.0,266272.0,266165.0,265454.0,265275.0
237694.0,240932.0,243081.0,245122.0,244991.0,244737.0,242634.0,241431.0,240444.0,241459.0,243611.0,245168.0,244430.0,243959.0,241812.0,240011.0
265212.0,266928.0,271964.0,273837.0,271065.0,266978.0,267527.0,270055.0,271651.0,269831.0,268428.0,267542.0,268322.0,269925.0,270731.0,268038.0
223409.0,223395.0,226370.0,227569.0,226947.0,229971.0,228926.0,229371.0,226906.0,227009.0,228872.0,227830.0,227527.0,226967.0,225454.0,224867.0
251991.0,251988.0,254315.0,256900.0,258582.0,259854.0,260760.0,261934.0,262357.0,264054.0,264704.0,263809.0,261638.0,258104.0,255125.0,252911.0
245147.0,250074.0,254120.0,254778.0,256424.0,256563.0,257240.0,259219.0,258571.0,256765.0,256211.0,257745.0,257531.0,254705.0,251888.0,247283.0
249705.0,253255.0,257113.0,259358.0,265278.0,268298.0,270746.0,274949.0,274882.0,270246.0,270721.0,266878.0,262745.0,262019.0,259005.0,250656.0
238121.0,242756.0,246549.0,250810.0,254078.0,258736.0,255223.0,254949.0,254714.0,253709.0,255141.0,258084.0,253066.0,250092.0,247947.0,242345.0
245521.0,248317.0,250366.0,252994.0,253704.0,256415.0,255104.0,252274.0,251088.0,251345.0,253049.0,255986.0,255545.0,255710.0,254443.0,251905.0
260792.0,263495.0,264785.0,266477.0,268471.0,268043.0,268089.0,267768.0,267016.0,265092.0,264674.0,265631.0,264481.0,264558.0,262956.0,261112.0
246232.0,247950.0,254239.0,260787.0,269979.0,274998.0,277916.0,280661.0,281009.0,280161.0,278088.0,274938.0,269753.0,264473.0,256802.0,250870.0
254106.0,258038.0,260441.0,263439.0,264443.0,265887.0,266038.0,266355.0,265069.0,265247.0,266944.0,265122.0,263566.0,260528.0,257705.0,254280.0
244996.0,249862.0,252609.0,253781.0,256098.0,258805.0,262656.0,269984.0,271687.0,269592.0,270985.0,267418.0,263475.0,262531.0,254888.0,250801.0
226728.0,225710.0,229984.0,230384.0,231804.0,232667.0,232077.0,229410.0,227840.0,227445.0,229811.0,233512.0,232047.0,232106.0,230254.0,228657.0
243851.0,247480.0,251466.0,253115.0,254973.0,254133.0,252272.0,250017.0,249893.0,251520.0,252989.0,253705.0,252508.0,251615.0,248617.0,245470.0
247307.0,247555.0,247652.0,249244.0,251804.0,252351.0,253766.0,255339.0,257023.0,257079.0,256796.0,257375.0,255289.0,253199.0,250139.0,250282.0
250279.0,252413.0,254799.0,255465.0,255942.0,256531.0,254031.0,256904.0,260584.0,257528.0,255251.0,254704.0,252629.0,253593.0,254039.0,253142.0
252263.0,256509.0,256640.0,260022.0,261336.0,262787.0,260921.0,260869.0,259145.0,261411.0,260613.0,263143.0,262652.0,263241.0,259750.0,258010.0
255882.0,257717.0,259075.0,258244.0,258932.0,260312.0,261080.0,257926.0,257449.0,259140.0,258533.0,259667.0,260679.0,262048.0,258531.0,258121.0
242995.0,244472.0,246709.0,250935.0,250082.0,249156.0,247269.0,247629.0,250648.0,250902.0,247409.0,245655.0,246957.0,248830.0,248785.0,247751.0
242888.0,244011.0,247077.0,248240.0,245846.0,244156.0,247131.0,247888.0,246238.0,245479.0,247330.0,246356.0,245180.0,246336.0,247830.0,245310.0
246414.0,249216.0,254723.0,259119.0,259704.0,257154.0,257974.0,254461.0,253845.0,251719.0,253075.0,255592.0,256427.0,256728.0,254020.0,250721.0
240478.0,241556.0,241715.0,242164.0,242079.0,243464.0,243244.0,244109.0,245060.0,244623.0,244080.0,244224.0,243568.0,241454.0,241533.0,241081.0
254619.0,256043.0,257298.0,257130.0,258328.0,259292.0,260262.0,258717.0,259171.0,259229.0,256982.0,259855.0,258951.0,257983.0,257517.0,256639.0
255947.0,259143.0,260597.0,261391.0,264472.0,260526.0,259912.0,258482.0,258172.0,260829.0,260800.0,260383.0,262834.0,259895.0,260341.0,259052.0
239791.0,242719.0,243697.0,242026.0,245001.0,245619.0,243662.0,245095.0,247540.0,244908.0,246387.0,247886.0,246391.0,244874.0,244359.0,241487.0
226887.0,228406.0,229401.0,227992.0,228674.0,229249.0,229325.0,229840.0,227998.0,229335.0,229550.0,228686.0,227947.0,228282.0,228277.0,228063.0
266136.0,267573.0,270525.0,268694.0,269647.0,272107.0,271917.0,271737.0,272852.0,270921.0,270310.0,271139.0,271993.0,272307.0,268724.0,267826.0
255148.0,254557.0,256539.0,259169.0,260714.0,260443.0,261884.0,261649.0,263132.0,262081.0,261183.0,259392.0,257538.0,255351.0,256426.0,254666.0
238304.0,238719.0,240081.0,240325.0,240633.0,242738.0,241215.0,241133.0,242875.0,242105.0,241697.0,241022.0,240003.0,240234.0,240198.0,238398.0
253215.0,255638.0,261322.0,265939.0,270794.0,274887.0,276304.0,279908.0,279678.0,279066.0,276035.0,272057.0,267437.0,262017.0,257195.0,253288.0
269253.0,269805.0,271657.0,269597.0,270034.0,270528.0,272015.0,270902.0,270610.0,271243.0,271943.0,272813.0,270223.0,271532.0,271230.0,270325.0
263727.0,263726.0,265330.0,267160.0,268004.0,269053.0,270286.0,271447.0,271838.0,272749.0,271606.0,272306.0,272621.0,270589.0,267734.0,266226.0
262939.0,263776.0,265899.0,265866.0,264812.0,264989.0,265263.0,263668.0,263110.0,264210.0,265760.0,265949.0,265743.0,268034.0,265870.0,264272.0
236181.0,238320.0,239766.0,243638.0,246767.0,248696.0,250018.0,251689.0,252715.0,252007.0,251866.0,249713.0,247714.0,244487.0,242261.0,238226.0
242385.0,244958.0,247261.0,247798.0,248549.0,246780.0,246529.0,250103.0,249611.0,248447.0,245313.0,245156.0,246426.0,247369.0,246407.0,246464.0
259178.0,261078.0,262718.0,264193.0,268792.0,269193.0,267446.0,268703.0,268256.0,268305.0,270958.0,271362.0,269626.0,267771.0,264990.0,261353.0
242128.0,244191.0,245725.0,246789.0,247605.0,247307.0,245667.0,246252.0,246418.0,245950.0,246727.0,247246.0,246611.0,245090.0,245019.0,242307.0
253316.0,256582.0,256931.0,257615.0,258348.0,258529.0,258529.0,258626.0,257844.0,259662.0,260593.0,262785.0,259693.0,259134.0,261518.0,257799.0
250649.0,254317.0,255940.0,257398.0,260942.0,263093.0,262709.0,262504.0,264468.0,262619.0,264583.0,265158.0,261375.0,258376.0,256920.0,253629.0
241834.0,242793.0,245047.0,245585.0,245972.0,247273.0,248885.0,248843.0,248317.0,247926.0,248775.0,248249.0,246377.0,245738.0,245526.0,244560.0
256851.0,257994.0,263648.0,269181.0,273025.0,276639.0,279296.0,279806.0,279201.0,278597.0,276626.0,274132.0,271635.0,267047.0,262400.0,258736.0
262608.0,262593.0,263420.0,265336.0,265700.0,263696.0,263494.0,263645.0,263512.0,262140.0,265076.0,264821.0,265462.0,264049.0,264092.0,263140.0
258695.0,261319.0,263217.0,266386.0,267264.0,268383.0,268217.0,268849.0,270444.0,271788.0,270170.0,270059.0,269311.0,267320.0,263812.0,262046.0
268782.0,270357.0,269969.0,269279.0,271115.0,268956.0,269569.0,268754.0,268221.0,268509.0,269304.0,269201.0,270141.0,270077.0,270460.0,267956.0
243655.0,243383.0,249143.0,254588.0,257640.0,260988.0,260798.0,261657.0,261304.0,261724.0,263868.0,263990.0,261139.0,256167.0,251353.0,246303.0
243449.0,246169.0,245906.0,246044.0,247349.0,246911.0,246576.0,245582.0,243263.0,244353.0,245851.0,244794.0,245616.0,245733.0,245233.0,246381.0
272964.0,273968.0,275335.0,278457.0,280397.0,282694.0,284543.0,285258.0,282896.0,281878.0,281485.0,280999.0,281101.0,279542.0,277418.0,276977.0
259337.0,261259.0,261115.0,261480.0,260373.0,261034.0,261310.0,261319.0,262822.0,260664.0,261518.0,260814.0,262439.0,262082.0,260490.0,260072.0
253097.0,254871.0,256775.0,259226.0,261955.0,261788.0,262531.0,262724.0,260311.0,263591.0,264099.0,264347.0,264373.0,259874.0,256923.0,256363.0
233358.0,234473.0,236442.0,236067.0,238365.0,240094.0,240873.0,242172.0,241286.0,240756.0,240761.0,239152.0,239243.0,238137.0,236692.0,236401.0
236835.0,238757.0,240200.0,243008.0,242019.0,241675.0,241360.0,241630.0,240458.0,240672.0,239547.0,240450.0,240620.0,242200.0,241492.0,239299.0
265945.0,266738.0,267676.0,268669.0,269033.0,269241.0,268266.0,267099.0,267779.0,267084.0,267959.0,269750.0,269399.0,267891.0,266447.0,267280.0
242998.0,244597.0,247332.0,251537.0,258085.0,265005.0,268329.0,273061.0,274735.0,273714.0,271715.0,267822.0,260800.0,254199.0,249957.0,245918.0
246339.0,247513.0,250826.0,253101.0,254918.0,251985.0,252904.0,252910.0,253080.0,250803.0,250530.0,249267.0,251375.0,249830.0,248167.0,246524.0
268490.0,272201.0,271351.0,271490.0,272755.0,275748.0,274544.0,272645.0,271518.0,272622.0,274151.0,272170.0,271243.0,273359.0,272622.0,269881.0
243348.0,245392.0,246952.0,246682.0,249477.0,249329.0,248173.0,248635.0,250006.0,249059.0,248424.0,248810.0,247438.0,247715.0,248228.0,246112.0
256045.0,257285.0,260024.0,261603.0,263860.0,263572.0,263026.0,262928.0,262319.0,261757.0,262971.0,262655.0,263263.0,262159.0,258358.0,258079.0
244022.0,245239.0,249335.0,253347.0,255016.0,255769.0,255110.0,256530.0,256193.0,257740.0,258836.0,259167.0,260439.0,255877.0,251667.0,246457.0
243177.0,244885.0,246627.0,246125.0,245864.0,245852.0,244066.0,243923.0,245449.0,246957.0,244781.0,245060.0,247127.0,245361.0,245879.0,244359.0
237659.0,237860.0,241774.0,244812.0,248187.0,248375.0,250452.0,252470.0,252104.0,250802.0,250258.0,248281.0,246714.0,243153.0,240716.0,240283.0
250300.0,251230.0,254175.0,255777.0,254814.0,253195.0,254917.0,255375.0,254917.0,255296.0,254602.0,251815.0,249980.0,251481.0,254581.0,251529.0
237181.0,239032.0,239578.0,240246.0,242428.0,244553.0,245182.0,245590.0,245066.0,245966.0,244505.0,242197.0,241979.0,240180.0,238961.0,237748.0
250332.0,252943.0,253646.0,256219.0,261347.0,265175.0,266807.0,269318.0,270325.0,269128.0,267115.0,264635.0,261117.0,257247.0,254679.0,252323.0
245952.0,246320.0,248295.0,248182.0,247802.0,248307.0,248448.0,250167.0,248065.0,248750.0,250907.0,247924.0,248567.0,249743.0,248758.0,248721.0
246761.0,248690.0,248191.0,251656.0,255340.0,258254.0,261473.0,263666.0,265352.0,267556.0,265524.0,264229.0,259599.0,256113.0,252096.0,249380.0
238397.0,240325.0,241029.0,241972.0,244902.0,245472.0,247540.0,247865.0,247768.0,246699.0,246630.0,243762.0,241213.0,241103.0,239161.0,238820.0
249502.0,251597.0,251118.0,250104.0,250991.0,251031.0,252740.0,252143.0,254022.0,251340.0,251922.0,252761.0,252207.0,252953.0,250154.0,250711.0
259889.0,261874.0,267297.0,271429.0,274217.0,275828.0,274833.0,269551.0,263713.0,265429.0,269675.0,272594.0,275961.0,274755.0,270693.0,264970.0
245082.0,247390.0,246921.0,247899.0,248382.0,246355.0,246782.0,247885.0,247960.0,246815.0,246054.0,246487.0,245400.0,244020.0,245947.0,244069.0
255998.0,257102.0,259602.0,266515.0,273032.0,279561.0,285750.0,290729.0,292349.0,292669.0,289996.0,284882.0,279061.0,271785.0,263896.0,258313.0
245579.0,247859.0,251455.0,256264.0,263538.0,270654.0,275286.0,279293.0,278128.0,276238.0,273870.0,269925.0,264373.0,258359.0,251827.0,247920.0
242060.0,247341.0,248368.0,244736.0,244079.0,244974.0,245436.0,246043.0,245718.0,245839.0,245467.0,246128.0,247465.0,247664.0,247987.0,243159.0
239333.0,243429.0,246373.0,244830.0,247139.0,252717.0,255488.0,253006.0,253653.0,254771.0,255598.0,250137.0,247195.0,246385.0,247083.0,241757.0
229077.0,230135.0,232409.0,234789.0,234306.0,232506.0,231159.0,228388.0,228683.0,229010.0,232145.0,233189.0,232991.0,233028.0,229984.0,229113.0
242302.0,247759.0,250097.0,253267.0,256403.0,257349.0,257472.0,257071.0,260515.0,263377.0,263014.0,260914.0,257044.0,253075.0,246759.0,244394.0
244458.0,247822.0,248764.0,250528.0,252568.0,255152.0,252552.0,252247.0,251179.0,251834.0,252155.0,252844.0,254815.0,254029.0,250315.0,248046.0
246471.0,246955.0,247842.0,250213.0,251951.0,253829.0,254337.0,256242.0,253780.0,254025.0,253706.0,253071.0,251437.0,252094.0,249120.0,248055.0
237628.0,239362.0,239746.0,240953.0,241748.0,244314.0,245081.0,246434.0,247580.0,247361.0,246871.0,245289.0,243748.0,241809.0,240382.0,239294.0
243441.0,245500.0,246688.0,246885.0,247534.0,246797.0,246775.0,247909.0,246928.0,248706.0,249164.0,248034.0,248600.0,247122.0,247342.0,246271.0
236689.0,239449.0,237802.0,240648.0,239683.0,241986.0,241929.0,241450.0,241450.0,241133.0,241068.0,238973.0,239691.0,237820.0,238034.0,237891.0
238777.0,241665.0,241169.0,241678.0,244123.0,245192.0,248006.0,248175.0,247965.0,248753.0,247195.0,245052.0,243996.0,241645.0,240279.0,239512.0
250389.0,250986.0,253026.0,254052.0,254256.0,252510.0,251820.0,252277.0,254179.0,253408.0,250646.0,251910.0,252010.0,253306.0,254282.0,252499.0
237678.0,237788.0,238309.0,238736.0,240011.0,240728.0,239329.0,239664.0,240611.0,240361.0,239171.0,239507.0,239324.0,239692.0,239873.0,238612.0
257143.0,258172.0,258287.0,258023.0,258257.0,258590.0,258204.0,258126.0,258226.0,257587.0,257196.0,257441.0,258984.0,260140.0,258369.0,257575.0
276713.0,277476.0,278739.0,277582.0,278664.0,278930.0,279194.0,280179.0,282337.0,281936.0,281789.0,281513.0,280510.0,279423.0,279570.0,277903.0
269407.0,273168.0,276078.0,275006.0,278815.0,285283.0,285155.0,287705.0,288872.0,286525.0,282683.0,283552.0,279650.0,274465.0,274438.0,273702.0
246962.0,250179.0,256298.0,255251.0,253083.0,252269.0,255392.0,260317.0,262928.0,258835.0,255182.0,256735.0,257661.0,257081.0,256946.0,251453.0
258982.0,260920.0,261879.0,264852.0,264672.0,264076.0,264642.0,261919.0,260288.0,260437.0,262872.0,262409.0,262921.0,261977.0,260084.0,261402.0
249814.0,254118.0,257250.0,256332.0,257350.0,258523.0,261180.0,264079.0,264266.0,262033.0,259433.0,257608.0,258408.0,255144.0,252891.0,251779.0
245138.0,246078.0,248576.0,250455.0,253739.0,252872.0,254253.0,254421.0,253275.0,253689.0,253044.0,254226.0,253642.0,250555.0,247557.0,245760.0
260758.0,262187.0,265632.0,266505.0,267561.0,268285.0,267216.0,266980.0,265307.0,267043.0,267312.0,266019.0,268282.0,267708.0,266901.0,263846.0
242811.0,243639.0,247800.0,248117.0,250507.0,250577.0,249307.0,248772.0,248494.0,248468.0,247823.0,248418.0,250197.0,250621.0,246487.0,245114.0
242213.0,244068.0,244573.0,247247.0,248651.0,249562.0,251453.0,252774.0,251275.0,251796.0,250137.0,249559.0,249417.0,247320.0,245985.0,245126.0
239572.0,242083.0,242783.0,243855.0,245561.0,244137.0,246187.0,245154.0,244174.0,245397.0,243977.0,244156.0,243030.0,242812.0,240155.0,239885.0
257751.0,258948.0,260914.0,259975.0,261934.0,263971.0,266380.0,266522.0,266127.0,266077.0,266835.0,264720.0,264279.0,261688.0,259842.0,257631.0
246813.0,251828.0,251846.0,251436.0,253161.0,251288.0,252239.0,251631.0,252423.0,251831.0,252573.0,253067.0,250656.0,249738.0,250737.0,251709.0
250395.0,253255.0,252257.0,254751.0,256981.0,256825.0,256297.0,253611.0,256256.0,253438.0,254265.0,255893.0,255950.0,255272.0,254127.0,253371.0
255324.0,256232.0,260232.0,261501.0,264178.0,263787.0,263310.0,261119.0,259153.0,259413.0,260458.0,258722.0,260264.0,259735.0,257735.0,256613.0
253288.0,255185.0,256157.0,256995.0,258874.0,260304.0,260117.0,261308.0,261693.0,260694.0,258471.0,258828.0,256308.0,255564.0,254664.0,254750.0
242053.0,243987.0,243221.0,245714.0,247327.0,248923.0,249585.0,249426.0,249245.0,248157.0,247952.0,246832.0,247436.0,246388.0,244667.0,243807.0
243381.0,246219.0,252350.0,255392.0,255596.0,255161.0,256070.0,259433.0,263580.0,262264.0,257435.0,254165.0,254521.0,255664.0,253091.0,247510.0
233281.0,234719.0,237378.0,237165.0,239214.0,239400.0,240052.0,239340.0,238978.0,238800.0,237103.0,237217.0,237667.0,235700.0,234360.0,234112.0
262369.0,264029.0,264854.0,267167.0,267441.0,268887.0,268639.0,267770.0,269578.0,270041.0,269210.0,269659.0,268205.0,268023.0,267740.0,263342.0
271977.0,275098.0,275978.0,277078.0,280909.0,280350.0,282318.0,285620.0,286014.0,287901.0,285855.0,281397.0,280583.0,277420.0,278270.0,277672.0
247616.0,247184.0,247459.0,247976.0,248641.0,249837.0,250120.0,249493.0,248295.0,249045.0,249822.0,249846.0,248942.0,248973.0,250519.0,249648.0
250863.0,254046.0,255889.0,254365.0,254896.0,256117.0,255682.0,254706.0,253940.0,255403.0,256383.0,255597.0,254655.0,254834.0,255063.0,253371.0
252554.0,254588.0,257815.0,262725.0,265376.0,269560.0,271939.0,274257.0,275328.0,275365.0,273710.0,270612.0,266796.0,262434.0,257736.0,254291.0
258628.0,260833.0,263966.0,268601.0,270088.0,272756.0,277919.0,280211.0,278364.0,278097.0,275510.0,272939.0,268076.0,263668.0,262561.0,260167.0
252965.0,254627.0,254534.0,254812.0,254613.0,255946.0,255992.0,255273.0,254199.0,254449.0,253817.0,254124.0,253179.0,254046.0,253487.0,253005.0
254711.0,254250.0,256147.0,256713.0,257187.0,257191.0,257672.0,257026.0,257865.0,256817.0,256787.0,256723.0,256604.0,257145.0,258146.0,255842.0
226766.0,230074.0,230894.0,235586.0,235851.0,234019.0,232776.0,233423.0,236775.0,233467.0,233631.0,232294.0,232002.0,233157.0,232504.0,230539.0
250306.0,252468.0,254367.0,257090.0,259342.0,257254.0,257859.0,256619.0,254080.0,255192.0,256700.0,257830.0,258715.0,256568.0,256181.0,254649.0
247349.0,247058.0,249365.0,251570.0,252347.0,250663.0,249832.0,250985.0,252349.0,252850.0,252135.0,249401.0,250738.0,253013.0,252215.0,250230.0
252043.0,254743.0,255541.0,254607.0,252883.0,255589.0,256157.0,254135.0,252727.0,254508.0,256097.0,253513.0,253559.0,255156.0,256433.0,253301.0
241209.0,241885.0,244432.0,247834.0,251671.0,254137.0,255556.0,258572.0,258560.0,258118.0,257116.0,254814.0,252864.0,248108.0,246413.0,243795.0
249955.0,250885.0,250324.0,254576.0,257094.0,259959.0,262923.0,264681.0,267581.0,266435.0,265630.0,263426.0,260825.0,257601.0,253702.0,252571.0
246469.0,248840.0,252972.0,256233.0,256031.0,255837.0,255543.0,254186.0,253937.0,252648.0,255439.0,255524.0,254514.0,252681.0,251421.0,247777.0
277416.0,279064.0,282581.0,284818.0,284909.0,282817.0,281774.0,279008.0,277548.0,280675.0,282145.0,285155.0,285265.0,283176.0,280866.0,278583.0
234992.0,237033.0,237743.0,239985.0,239943.0,241531.0,240134.0,240192.0,239115.0,239334.0,240245.0,240409.0,240625.0,238442.0,237472.0,235237.0
242611.0,244267.0,246594.0,246253.0,244930.0,245297.0,246045.0,245557.0,246823.0,246749.0,244792.0,245360.0,245919.0,245165.0,246148.0,244506.0
243094.0,247198.0,251685.0,257175.0,259780.0,263203.0,266923.0,269106.0,266859.0,263869.0,261033.0,255327.0,251682.0,247319.0,245401.0,243298.0
257935.0,260708.0,264243.0,262112.0,262910.0,265585.0,261424.0,261624.0,264316.0,263676.0,265161.0,268614.0,266275.0,263864.0,266250.0,263855.0
251129.0,250833.0,252712.0,253214.0,254739.0,255734.0,255443.0,255588.0,255804.0,256030.0,256301.0,254457.0,256038.0,256224.0,253219.0,251809.0
251611.0,251618.0,252468.0,253201.0,253612.0,253609.0,255834.0,254857.0,255349.0,255865.0,256695.0,255249.0,254463.0,253624.0,253087.0,251416.0
244303.0,245750.0,245210.0,247505.0,249128.0,251150.0,251313.0,252733.0,252769.0,250778.0,252707.0,250876.0,250515.0,248306.0,247199.0,245566.0
258835.0,260940.0,263598.0,263767.0,263913.0,262838.0,261110.0,260392.0,260226.0,261411.0,264437.0,264176.0,263595.0,264034.0,263097.0,260359.0
238991.0,241799.0,244021.0,243756.0,244561.0,245908.0,246223.0,244892.0,245153.0,243947.0,243811.0,243325.0,241794.0,240042.0,240784.0,241817.0
235664.0,237396.0,239477.0,241330.0,240270.0,238071.0,239734.0,241844.0,242632.0,241053.0,239905.0,238889.0,240095.0,240331.0,240023.0,238044.0
256350.0,257995.0,262833.0,269291.0,277814.0,283756.0,288654.0,292904.0,294436.0,295662.0,295786.0,292666.0,286357.0,277740.0,269591.0,263017.0
266725.0,268326.0,267907.0,269256.0,268340.0,268691.0,269733.0,270590.0,269244.0,267572.0,269819.0,271438.0,270024.0,269083.0,269620.0,269992.0
250698.0,253286.0,255684.0,258868.0,258846.0,257858.0,253984.0,251363.0,251430.0,253809.0,256138.0,257562.0,257396.0,258101.0,255190.0,252251.0
243256.0,245117.0,244963.0,247843.0,249425.0,248496.0,250348.0,249485.0,249696.0,250965.0,248832.0,250318.0,250486.0,249115.0,248679.0,244844.0
237544.0,239498.0,241249.0,242182.0,245300.0,242822.0,242471.0,245091.0,243725.0,247037.0,246379.0,242873.0,243902.0,243029.0,241298.0,242044.0
233299.0,236475.0,237752.0,239444.0,237576.0,235378.0,237208.0,237341.0,240520.0,239837.0,238811.0,236794.0,237595.0,240498.0,240127.0,237553.0
226880.0,227178.0,228880.0,227908.0,228091.0,228630.0,228942.0,228291.0,228587.0,227848.0,228814.0,227847.0,227743.0,227633.0,228399.0,228169.0
242511.0,243354.0,245331.0,247327.0,248305.0,252237.0,251987.0,251564.0,252820.0,252606.0,250183.0,251000.0,249813.0,248010.0,245654.0,244090.0
252783.0,254238.0,256805.0,259084.0,261028.0,261412.0,260129.0,259379.0,257723.0,257379.0,258844.0,258884.0,257222.0,256615.0,254754.0,253977.0
248854.0,251525.0,251572.0,253968.0,257553.0,257207.0,257701.0,257230.0,256909.0,257589.0,255853.0,256094.0,254336.0,252623.0,251505.0,249953.0
256352.0,257886.0,257505.0,256679.0,257362.0,258894.0,257308.0,259056.0,259266.0,257572.0,258522.0,258831.0,257168.0,257073.0,256809.0,257081.0
255424.0,257442.0,258950.0,258285.0,258667.0,259043.0,259784.0,259822.0,259804.0,257519.0,258085.0,256335.0,255592.0,254728.0,258010.0,257526.0
243430.0,246965.0,252655.0,258126.0,262742.0,264123.0,261829.0,258945.0,257885.0,258377.0,261405.0,262197.0,262333.0,258823.0,252171.0,245470.0
249191.0,252530.0,256020.0,258584.0,258740.0,259669.0,257369.0,256127.0,256603.0,256274.0,257528.0,259257.0,259638.0,258356.0,255999.0,251259.0
245794.0,247688.0,247928.0,249798.0,249251.0,250114.0,249271.0,249466.0,250293.0,248988.0,250013.0,250585.0,248741.0,249079.0,247562.0,247851.0
245054.0,251002.0,254850.0,257991.0,258462.0,260819.0,264563.0,267825.0,267645.0,265636.0,260121.0,257660.0,256368.0,254160.0,251140.0,247670.0
244999.0,245775.0,247740.0,248055.0,249708.0,249684.0,250802.0,252419.0,253818.0,252905.0,253626.0,251682.0,249095.0,249914.0,250048.0,248298.0
249750.0,251960.0,252779.0,253747.0,253231.0,251555.0,252987.0,253889.0,253397.0,253516.0,253151.0,253260.0,253390.0,253040.0,252849.0,251363.0
242099.0,243861.0,246389.0,247313.0,249723.0,251444.0,255666.0,257146.0,258973.0,258145.0,256247.0,254519.0,251691.0,250454.0,247762.0,244836.0
274348.0,276489.0,279309.0,280385.0,281713.0,281513.0,281662.0,282455.0,281250.0,282596.0,280601.0,279736.0,280381.0,277612.0,277624.0,277530.0
244285.0,246069.0,247064.0,249928.0,252706.0,254388.0,255111.0,255667.0,255124.0,255442.0,252946.0,251402.0,249071.0,247031.0,246705.0,244925.0
240337.0,241900.0,243576.0,243785.0,246557.0,247037.0,247753.0,248158.0,247014.0,247069.0,246743.0,245142.0,244734.0,243484.0,244546.0,244301.0
237509.0,240250.0,245051.0,243431.0,241964.0,245721.0,247063.0,245773.0,243381.0,245915.0,247851.0,243436.0,241208.0,241571.0,242258.0,238994.0
242884.0,244076.0,245887.0,246463.0,246764.0,245499.0,244204.0,244696.0,245221.0,246504.0,247459.0,248527.0,247897.0,245611.0,243156.0,243936.0
236996.0,240391.0,243409.0,242853.0,244898.0,247258.0,247540.0,250314.0,253291.0,250706.0,248000.0,248746.0,246987.0,244225.0,244071.0,239411.0
262188.0,265113.0,265362.0,267682.0,267982.0,268309.0,269262.0,267715.0,267748.0,267491.0,267078.0,267691.0,268082.0,267591.0,266550.0,265260.0
240016.0,242124.0,244309.0,244382.0,243827.0,241542.0,243061.0,243882.0,243881.0,243442.0,241483.0,242692.0,243688.0,245135.0,244219.0,242747.0
254767.0,256550.0,259184.0,260068.0,262016.0,262406.0,261814.0,262195.0,263067.0,263914.0,260964.0,261000.0,259214.0,257193.0,256092.0,256816.0
246832.0,247647.0,250173.0,249627.0,250300.0,250889.0,250182.0,250333.0,250972.0,250533.0,248846.0,249390.0,250341.0,251116.0,251052.0,249523.0
257770.0,262304.0,261583.0,260701.0,262656.0,262898.0,263196.0,262132.0,260589.0,261563.0,261184.0,262262.0,261456.0,261560.0,260832.0,261350.0
238763.0,238915.0,239408.0,238184.0,238033.0,238623.0,239922.0,239740.0,238882.0,238443.0,238627.0,239041.0,237872.0,238895.0,239427.0,239129.0
225797.0,226441.0,227879.0,229655.0,232061.0,234491.0,235568.0,236368.0,236724.0,237280.0,236263.0,234210.0,232959.0,230349.0,227931.0,226042.0
235800.0,240058.0,237932.0,238259.0,238501.0,241143.0,240911.0,239316.0,241784.0,240807.0,241587.0,241300.0,239316.0,240145.0,239083.0,239418.0
236335.0,239241.0,237501.0,239182.0,239562.0,241379.0,239366.0,242402.0,240535.0,242187.0,240220.0,241386.0,239624.0,240259.0,238305.0,238468.0
248448.0,251781.0,255728.0,256922.0,257354.0,255331.0,253194.0,252664.0,252748.0,253424.0,256364.0,258558.0,258737.0,256006.0,254045.0,250928.0
236650.0,239761.0,240815.0,239824.0,239066.0,239101.0,239978.0,242213.0,242340.0,241519.0,240591.0,240914.0,242678.0,242811.0,241178.0,237025.0
243904.0,244544.0,245340.0,246428.0,248420.0,250332.0,250053.0,251170.0,253987.0,253853.0,251411.0,249719.0,248608.0,244636.0,244741.0,243142.0
241323.0,243061.0,245322.0,245514.0,244564.0,243780.0,245840.0,246860.0,246833.0,246045.0,244273.0,244263.0,243975.0,244953.0,244924.0,242806.0
233307.0,234875.0,235322.0,237549.0,238095.0,236215.0,237949.0,238344.0,241016.0,241260.0,239541.0,236805.0,236851.0,237811.0,237895.0,235477.0
277762.0,279425.0,281439.0,283461.0,285350.0,283931.0,284064.0,282441.0,281815.0,282511.0,284284.0,282962.0,282514.0,282238.0,279668.0,278927.0
230962.0,234772.0,237231.0,238061.0,241452.0,240210.0,240104.0,240986.0,238102.0,240809.0,241793.0,240503.0,240963.0,238026.0,236975.0,235547.0
256315.0,256926.0,257021.0,257819.0,257486.0,258129.0,258681.0,257958.0,257272.0,258843.0,256248.0,256842.0,258014.0,257215.0,257689.0,256904.0
245562.0,246764.0,247575.0,249246.0,248806.0,248309.0,249846.0,251533.0,251200.0,253260.0,253505.0,252167.0,251691.0,251944.0,248930.0,245950.0
253028.0,253861.0,255679.0,256575.0,256912.0,258090.0,258739.0,260273.0,259806.0,259723.0,259421.0,258580.0,256874.0,256613.0,256695.0,255061.0
256273.0,259417.0,261594.0,265719.0,269009.0,272108.0,278169.0,279101.0,279337.0,281064.0,277479.0,274351.0,270226.0,265048.0,264760.0,259559.0
239558.0,240649.0,241358.0,243505.0,244114.0,245282.0,246214.0,248650.0,245570.0,246758.0,246714.0,246787.0,243691.0,244460.0,242173.0,242357.0
258015.0,257860.0,259115.0,257597.0,257813.0,257665.0,259672.0,258518.0,258992.0,260702.0,260057.0,260925.0,260902.0,260246.0,259604.0,258245.0
266618.0,266684.0,265774.0,267641.0,267598.0,268403.0,268888.0,268346.0,268201.0,268177.0,268477.0,267921.0,267725.0,267001.0,266906.0,267708.0
261620.0,264663.0,268884.0,270545.0,272925.0,276336.0,275742.0,277956.0,278892.0,276479.0,273725.0,273789.0,271169.0,267564.0,265982.0,263619.0
239375.0,239452.0,239968.0,239881.0,241374.0,240296.0,242352.0,240246.0,241077.0,240246.0,241005.0,240940.0,240952.0,240311.0,240574.0,239815.0
239637.0,242229.0,243416.0,243351.0,242126.0,243411.0,240933.0,240663.0,242544.0,242166.0,241988.0,242561.0,242587.0,240882.0,242645.0,240685.0
239495.0,240301.0,243234.0,246325.0,247297.0,246555.0,246423.0,246775.0,247371.0,246743.0,247412.0,247638.0,246501.0,244364.0,242610.0,240538.0
250255.0,252713.0,253381.0,254291.0,254051.0,252565.0,254175.0,255791.0,254967.0,256014.0,256396.0,254906.0,255087.0,253867.0,252404.0,250959.0
261055.0,262668.0,264559.0,266662.0,270069.0,270945.0,273363.0,274149.0,272375.0,270812.0,271621.0,270231.0,267750.0,267439.0,266672.0,261890.0
241258.0,242960.0,243281.0,243225.0,242949.0,243035.0,242973.0,244081.0,243367.0,243913.0,244332.0,243890.0,243586.0,243903.0,243277.0,241866.0
242498.0,242712.0,241444.0,243720.0,243658.0,244503.0,244323.0,244955.0,243955.0,244501.0,247250.0,244026.0,245333.0,245276.0,244030.0,244236.0
252919.0,254587.0,259240.0,263252.0,266717.0,269971.0,268467.0,266781.0,266214.0,264676.0,265263.0,267166.0,266334.0,263082.0,259811.0,256404.0
240153.0,242834.0,244460.0,246744.0,247923.0,248571.0,248269.0,248055.0,249670.0,251204.0,248921.0,248229.0,248259.0,247867.0,246309.0,241924.0
255014.0,255893.0,256221.0,258199.0,260379.0,261562.0,264527.0,267739.0,267349.0,268281.0,268004.0,265944.0,265910.0,262596.0,259350.0,257704.0
234248.0,235674.0,236214.0,239502.0,239891.0,242367.0,242358.0,243728.0,242870.0,242182.0,243358.0,243132.0,241768.0,239140.0,237517.0,236023.0
276716.0,276742.0,277071.0,276029.0,276942.0,277938.0,275686.0,277304.0,277569.0,276088.0,277493.0,276651.0,276650.0,276961.0,277011.0,276477.0
253797.0,261035.0,266182.0,264857.0,264302.0,261946.0,263230.0,265292.0,265436.0,269508.0,268137.0,266594.0,263439.0,262432.0,266873.0,261662.0
241495.0,245606.0,250241.0,255631.0,265169.0,273201.0,275944.0,280753.0,282530.0,278524.0,276247.0,272501.0,262670.0,255804.0,251717.0,244437.0
240857.0,241996.0,244061.0,247404.0,249936.0,252644.0,254841.0,256180.0,257389.0,255751.0,255002.0,253918.0,249257.0,245410.0,244847.0,243415.0
267233.0,269942.0,269457.0,270922.0,273174.0,269846.0,272645.0,270982.0,267772.0,269833.0,269336.0,268741.0,273400.0,270915.0,271819.0,269597.0
246522.0,251653.0,253190.0,254232.0,255878.0,256679.0,258766.0,260588.0,259870.0,258463.0,256033.0,254850.0,251586.0,251583.0,249074.0,248349.0
265219.0,266420.0,269324.0,268354.0,269862.0,270784.0,270094.0,265624.0,267700.0,268822.0,267353.0,269022.0,270933.0,271757.0,270619.0,270687.0
242260.0,241373.0,243247.0,245688.0,247851.0,249904.0,251139.0,250903.0,249685.0,250269.0,249643.0,248882.0,249623.0,248812.0,246616.0,243285.0
250364.0,250803.0,252747.0,253947.0,251990.0,251884.0,251668.0,251514.0,250592.0,251495.0,252056.0,252483.0,253262.0,251694.0,252291.0,251402.0
239970.0,239995.0,240003.0,241115.0,242083.0,243324.0,243677.0,243861.0,245303.0,244321.0,244611.0,243755.0,242621.0,241545.0,240382.0,241014.0
246889.0,247302.0,247905.0,251966.0,255017.0,256262.0,257687.0,259487.0,260940.0,257508.0,257314.0,256310.0,256686.0,255132.0,250542.0,250029.0
250631.0,252436.0,253772.0,254353.0,254139.0,253088.0,253352.0,252934.0,251643.0,252206.0,253120.0,252774.0,254190.0,255325.0,252701.0,252606.0
251834.0,252573.0,251703.0,251833.0,251606.0,253137.0,254132.0,253807.0,251978.0,253602.0,252925.0,252441.0,252339.0,252619.0,254333.0,253858.0
245261.0,245985.0,245463.0,246489.0,246256.0,247489.0,247057.0,247298.0,246517.0,246122.0,245355.0,245638.0,245130.0,244759.0,245447.0,245766.0
238762.0,239605.0,239784.0,240689.0,240338.0,240146.0,242271.0,242806.0,241200.0,240698.0,239347.0,241314.0,242493.0,243038.0,241227.0,239938.0
259446.0,261461.0,263197.0,263771.0,263914.0,263064.0,260489.0,260122.0,260624.0,261846.0,262711.0,263700.0,262993.0,263188.0,262226.0,259736.0
258404.0,262892.0,269061.0,274211.0,276709.0,278464.0,282000.0,287668.0,290770.0,288789.0,285558.0,281035.0,279029.0,274046.0,268647.0,260781.0
240021.0,240771.0,243199.0,242601.0,241083.0,240501.0,240630.0,241970.0,241814.0,241164.0,240789.0,241415.0,241955.0,242704.0,242345.0,241022.0
252049.0,252853.0,255475.0,259047.0,259467.0,263399.0,264584.0,263563.0,264535.0,263718.0,262068.0,260789.0,258177.0,256748.0,253891.0,253569.0
237381.0,240018.0,238653.0,238658.0,239666.0,238967.0,239707.0,238862.0,238002.0,240616.0,238918.0,238258.0,240231.0,238378.0,240173.0,238030.0
250846.0,252182.0,253028.0,251785.0,255100.0,255483.0,256835.0,256627.0,257583.0,258332.0,257284.0,256697.0,255259.0,253442.0,254371.0,252186.0
293082.0,292982.0,295121.0,296632.0,298679.0,298985.0,298097.0,295483.0,295098.0,295494.0,296655.0,296976.0,297501.0,298622.0,297599.0,295712.0
236199.0,238457.0,240225.0,238589.0,241371.0,241853.0,239609.0,241590.0,240268.0,240593.0,240358.0,238683.0,238932.0,237806.0,236650.0,238601.0
262285.0,263439.0,265637.0,267297.0,268554.0,271023.0,268940.0,271014.0,274558.0,274474.0,272402.0,270502.0,268602.0,266736.0,265782.0,266907.0
261987.0,263849.0,265466.0,266549.0,266331.0,267183.0,268786.0,268335.0,267877.0,268214.0,269091.0,269288.0,267521.0,266203.0,265867.0,264121.0
268649.0,271873.0,271827.0,271742.0,274024.0,271680.0,272547.0,272112.0,275137.0,273181.0,274055.0,271785.0,271482.0,271803.0,271177.0,272238.0
248542.0,250339.0,250742.0,251126.0,253663.0,254712.0,255064.0,254035.0,255442.0,254778.0,254835.0,256385.0,253726.0,253270.0,252103.0,250620.0
281786.0,284545.0,288579.0,289727.0,292894.0,293779.0,292403.0,294253.0,291545.0,288066.0,288201.0,287225.0,288556.0,286946.0,283694.0,284089.0
238055.0,239018.0,241349.0,244195.0,246975.0,247590.0,247223.0,245349.0,243377.0,243648.0,245949.0,246845.0,247273.0,245984.0,242611.0,239871.0
261578.0,265049.0,268353.0,270452.0,273353.0,271515.0,271150.0,268918.0,269922.0,271120.0,272800.0,272322.0,269978.0,270341.0,267268.0,263965.0
252046.0,253547.0,256118.0,260489.0,264031.0,266859.0,270714.0,273676.0,274528.0,274799.0,272141.0,268390.0,265412.0,259453.0,255480.0,253373.0
254248.0,254709.0,256153.0,255437.0,257414.0,259813.0,260752.0,263032.0,263177.0,263222.0,261899.0,259091.0,259107.0,258043.0,257560.0,255997.0
244640.0,247864.0,251602.0,255449.0,260104.0,261033.0,258721.0,256518.0,255663.0,255297.0,255926.0,257677.0,258672.0,257849.0,254420.0,249901.0
257255.0,258405.0,259020.0,257352.0,257760.0,259755.0,259580.0,259758.0,259757.0,258711.0,258048.0,257717.0,256712.0,257279.0,258892.0,257767.0
266122.0,268340.0,270051.0,274316.0,278160.0,284620.0,290331.0,291910.0,294779.0,290997.0,290083.0,284984.0,281495.0,276491.0,272095.0,268088.0
250940.0,252967.0,254314.0,255154.0,254456.0,254738.0,255447.0,256632.0,256630.0,257003.0,255736.0,256063.0,256238.0,255798.0,253423.0,252301.0
239745.0,245053.0,246237.0,248990.0,250141.0,251138.0,250734.0,246521.0,244791.0,249683.0,251096.0,250200.0,249593.0,250588.0,247123.0,240967.0
248545.0,252269.0,253618.0,253407.0,255650.0,254863.0,253878.0,256356.0,256342.0,256386.0,254638.0,251825.0,252617.0,251480.0,252644.0,252650.0
274420.0,275355.0,279197.0,280007.0,278933.0,281942.0,282599.0,281981.0,282815.0,282614.0,278856.0,278807.0,278389.0,274540.0,274598.0,274823.0
247309.0,248313.0,250845.0,248974.0,248269.0,250031.0,251224.0,250164.0,250740.0,250753.0,248541.0,249446.0,249062.0,249044.0,248748.0,248569.0
244607.0,246364.0,247447.0,250921.0,252916.0,254720.0,255726.0,256889.0,258330.0,258109.0,257617.0,256796.0,254533.0,250431.0,247442.0,245900.0
256729.0,259737.0,261960.0,262886.0,264391.0,268733.0,271665.0,272282.0,271224.0,271681.0,271335.0,268066.0,263850.0,262857.0,262354.0,259958.0
276496.0,277906.0,279075.0,280412.0,279587.0,279257.0,281056.0,280135.0,279140.0,277232.0,278104.0,277792.0,277430.0,276074.0,276340.0,277158.0
247519.0,248341.0,251265.0,256547.0,260478.0,263120.0,264546.0,267737.0,267342.0,267750.0,264975.0,262904.0,260284.0,255890.0,251669.0,249553.0
233888.0,236875.0,238349.0,238758.0,240605.0,242282.0,242157.0,244397.0,243457.0,245403.0,244502.0,244688.0,242331.0,242792.0,240586.0,237314.0
235921.0,235904.0,237136.0,239726.0,241995.0,242818.0,243889.0,244063.0,245168.0,246545.0,244864.0,242594.0,240671.0,239334.0,237536.0,236740.0
252990.0,253950.0,254031.0,255681.0,256550.0,257744.0,259000.0,258274.0,258375.0,257901.0,258710.0,258194.0,258533.0,258139.0,257635.0,255637.0
239494.0,242306.0,244332.0,248211.0,252066.0,256140.0,259570.0,261544.0,262939.0,261781.0,260320.0,256125.0,251739.0,247771.0,244692.0,241090.0
261031.0,263875.0,260742.0,263835.0,260633.0,263481.0,262851.0,262155.0,264108.0,260959.0,263862.0,259692.0,263545.0,261919.0,262577.0,263869.0
248286.0,251017.0,250836.0,252403.0,251702.0,252941.0,254004.0,253489.0,254931.0,254085.0,254358.0,252990.0,251271.0,251993.0,251202.0,250202.0
249398.0,253377.0,256969.0,259778.0,262525.0,265899.0,269913.0,273381.0,274863.0,271527.0,266739.0,264575.0,261520.0,258156.0,253902.0,250560.0
241738.0,242998.0,242756.0,243961.0,244638.0,244154.0,244408.0,244897.0,245176.0,245455.0,245091.0,244299.0,245264.0,244662.0,243354.0,243553.0
247383.0,249095.0,251552.0,252125.0,250281.0,250459.0,252574.0,251267.0,251880.0,252397.0,256119.0,256352.0,253378.0,253700.0,252205.0,251451.0
245282.0,246501.0,249618.0,251777.0,253915.0,254629.0,257166.0,257050.0,258707.0,256394.0,256523.0,254145.0,252290.0,249234.0,247693.0,247508.0
255750.0,258486.0,260224.0,264697.0,267210.0,272045.0,274055.0,277651.0,277934.0,276712.0,273074.0,272532.0,268519.0,264833.0,259923.0,258083.0
241007.0,241779.0,245181.0,246858.0,246513.0,246493.0,250058.0,249141.0,248601.0,247859.0,247571.0,248285.0,245984.0,246367.0,244991.0,243578.0
263577.0,265047.0,268122.0,268087.0,266967.0,267538.0,269600.0,268545.0,266744.0,267204.0,267927.0,267911.0,268438.0,267457.0,266465.0,265363.0
243693.0,246116.0,251054.0,254570.0,260981.0,266335.0,269997.0,271874.0,272887.0,270684.0,266096.0,262421.0,257237.0,251479.0,247183.0,245183.0
241661.0,243170.0,243261.0,244726.0,246246.0,245995.0,247789.0,249631.0,250560.0,249353.0,249100.0,247577.0,247607.0,246108.0,244448.0,243452.0
243558.0,245672.0,245880.0,246542.0,246426.0,246230.0,246161.0,243349.0,245976.0,244174.0,246217.0,245642.0,247379.0,246893.0,245097.0,245954.0
236166.0,240542.0,242254.0,247096.0,252515.0,251286.0,254217.0,254787.0,252002.0,255211.0,253102.0,251743.0,251752.0,245338.0,243600.0,239395.0
230131.0,230405.0,230358.0,230509.0,231402.0,232004.0,231755.0,232937.0,233015.0,233785.0,234124.0,232221.0,232320.0,231162.0,230531.0,231061.0
228219.0,230787.0,231876.0,232047.0,233324.0,232536.0,233448.0,234266.0,233838.0,233915.0,232965.0,234211.0,234999.0,233625.0,231915.0,230309.0
269124.0,272130.0,274244.0,276082.0,278106.0,279878.0,283177.0,285547.0,284240.0,286264.0,283674.0,279385.0,277036.0,277760.0,273907.0,270438.0
246534.0,250121.0,254424.0,255741.0,257711.0,258059.0,260817.0,260051.0,260637.0,260310.0,258506.0,256668.0,252717.0,251663.0,251302.0,248579.0
257035.0,260357.0,261374.0,264185.0,261873.0,260402.0,262019.0,264754.0,267758.0,265145.0,262997.0,261213.0,263034.0,265554.0,262684.0,260836.0
240816.0,240815.0,242427.0,244198.0,244649.0,245581.0,243439.0,243341.0,244380.0,244714.0,244979.0,246177.0,244396.0,243578.0,243571.0,242807.0
260234.0,260731.0,261175.0,263204.0,263895.0,264246.0,265753.0,266174.0,264576.0,263537.0,263917.0,263132.0,263058.0,261810.0,262026.0,260216.0
254819.0,255130.0,254975.0,253911.0,254490.0,253488.0,255520.0,254347.0,255294.0,254380.0,255463.0,255615.0,256562.0,254926.0,256336.0,254486.0
245300.0,245318.0,246073.0,245666.0,246814.0,249293.0,249991.0,250202.0,249930.0,251661.0,253012.0,251480.0,249018.0,249363.0,247980.0,245835.0
253757.0,256487.0,256556.0,257673.0,259076.0,259882.0,261519.0,261476.0,263063.0,260486.0,260564.0,258204.0,258803.0,257013.0,254548.0,252685.0
237861.0,238274.0,238326.0,239599.0,240893.0,238868.0,239991.0,239069.0,238858.0,238622.0,238753.0,239734.0,238566.0,240143.0,238340.0,238983.0
240023.0,242415.0,245757.0,248518.0,251987.0,254831.0,258100.0,258853.0,259151.0,258035.0,254596.0,251364.0,248546.0,246041.0,242314.0,239673.0
234150.0,237271.0,237851.0,239129.0,240996.0,242639.0,245529.0,247460.0,248142.0,249230.0,247605.0,244758.0,243182.0,241522.0,238291.0,237677.0
250450.0,252875.0,255461.0,259857.0,263904.0,267562.0,271648.0,274269.0,276917.0,276873.0,273723.0,272125.0,268866.0,264423.0,259735.0,253098.0
245355.0,246016.0,245903.0,246660.0,246251.0,246146.0,247206.0,247305.0,246212.0,246380.0,246438.0,246340.0,245918.0,245864.0,246735.0,246511.0
254164.0,256675.0,261888.0,267897.0,271000.0,273335.0,273763.0,270272.0,267811.0,268069.0,270802.0,271809.0,272302.0,268841.0,263616.0,257654.0
246020.0,251190.0,254163.0,259964.0,261269.0,261805.0,257795.0,256712.0,257361.0,260047.0,263128.0,265224.0,265165.0,260621.0,252647.0,249113.0
231756.0,234337.0,235073.0,237784.0,240560.0,242394.0,242258.0,243737.0,245719.0,246794.0,245537.0,242787.0,239601.0,237552.0,238356.0,235443.0
248269.0,252851.0,256432.0,263213.0,266658.0,269114.0,268711.0,266453.0,263739.0,265369.0,266495.0,267351.0,267065.0,263109.0,258667.0,253370.0
232000.0,233633.0,232843.0,234189.0,234111.0,234930.0,233637.0,234683.0,234852.0,236567.0,235103.0,235364.0,233392.0,233504.0,233189.0,233351.0
241139.0,243984.0,247695.0,246647.0,246873.0,248886.0,251302.0,252118.0,251781.0,252878.0,252674.0,249789.0,248345.0,247078.0,246487.0,244248.0
230914.0,233570.0,235060.0,235789.0,235825.0,235838.0,236921.0,237998.0,238813.0,238557.0,238971.0,238574.0,238213.0,235966.0,233811.0,232294.0
246022.0,246931.0,247829.0,250733.0,252515.0,255730.0,257115.0,258692.0,260793.0,261928.0,260070.0,257232.0,256076.0,253331.0,250700.0,248143.0
247323.0,248068.0,252063.0,258040.0,264569.0,271325.0,276475.0,281909.0,283146.0,284363.0,281118.0,276106.0,272206.0,264356.0,256093.0,249762.0
245409.0,250132.0,253615.0,259595.0,258144.0,255955.0,254424.0,250964.0,251072.0,250945.0,253197.0,255244.0,256061.0,259034.0,256254.0,252547.0
250198.0,252768.0,254704.0,256091.0,259740.0,263464.0,265756.0,266473.0,268929.0,268083.0,265616.0,264466.0,261121.0,257742.0,254506.0,252867.0
257549.0,259434.0,263835.0,265761.0,265954.0,267786.0,264638.0,262503.0,260938.0,261111.0,260960.0,263139.0,263075.0,261757.0,260035.0,260261.0
262077.0,261695.0,264553.0,263746.0,265864.0,266082.0,267431.0,268748.0,269063.0,268961.0,268051.0,266017.0,265348.0,264190.0,263439.0,262831.0
237051.0,238941.0,239178.0,241060.0,243527.0,245475.0,245670.0,247821.0,247313.0,248106.0,246239.0,246060.0,244532.0,242558.0,240561.0,239276.0
231950.0,232588.0,234071.0,234357.0,234344.0,234397.0,234729.0,234621.0,234605.0,236276.0,235235.0,232976.0,233101.0,234499.0,234831.0,233558.0
249823.0,251578.0,253660.0,256519.0,257019.0,257005.0,255210.0,253715.0,252456.0,253919.0,255645.0,259194.0,257728.0,257742.0,254145.0,251058.0
258208.0,260097.0,262505.0,260952.0,263469.0,266866.0,266167.0,264634.0,266116.0,265705.0,263350.0,264925.0,264947.0,259538.0,261778.0,262563.0
245897.0,247374.0,248183.0,248150.0,250108.0,249383.0,248941.0,248424.0,250615.0,250463.0,249483.0,249595.0,248892.0,248679.0,248855.0,248150.0
252029.0,254596.0,254247.0,256358.0,255678.0,256573.0,254283.0,254862.0,255976.0,252946.0,254120.0,253868.0,254573.0,255067.0,254960.0,255244.0
246444.0,248098.0,250452.0,249924.0,247731.0,248074.0,248315.0,249179.0,250156.0,248825.0,248249.0,248568.0,249012.0,250328.0,249303.0,247824.0
243684.0,243279.0,244840.0,247523.0,248335.0,250986.0,252704.0,253172.0,254052.0,254807.0,252729.0,252422.0,248665.0,247942.0,246563.0,243537.0
243577.0,246381.0,247993.0,252298.0,252334.0,256473.0,256884.0,259680.0,257110.0,256928.0,253166.0,252824.0,249330.0,250313.0,247072.0,245813.0
246838.0,248496.0,248287.0,248283.0,249229.0,249664.0,249480.0,249589.0,249235.0,248376.0,248563.0,247623.0,247857.0,247851.0,249623.0,249462.0
252217.0,254179.0,257294.0,263639.0,268845.0,274004.0,279175.0,280410.0,281484.0,279106.0,275682.0,271944.0,265700.0,259831.0,256307.0,253519.0
234837.0,236499.0,238195.0,236633.0,237610.0,238599.0,236729.0,235295.0,237532.0,237509.0,237385.0,238598.0,238392.0,237771.0,237242.0,237752.0
242448.0,244963.0,245658.0,248494.0,250623.0,250706.0,251967.0,251385.0,250706.0,250306.0,250957.0,251348.0,251798.0,248951.0,246435.0,244941.0
263402.0,267353.0,269984.0,270683.0,269137.0,267190.0,269099.0,273366.0,274553.0,270090.0,267735.0,267225.0,268889.0,269969.0,267831.0,264896.0
257503.0,262404.0,261732.0,262555.0,264655.0,266626.0,264337.0,262698.0,262022.0,264846.0,262993.0,264054.0,264653.0,262643.0,261832.0,260061.0
227458.0,228809.0,230038.0,230103.0,229875.0,232693.0,231030.0,232639.0,234156.0,233536.0,231071.0,233071.0,230653.0,230066.0,230437.0,230625.0
250768.0,251413.0,252801.0,255055.0,256915.0,257531.0,260848.0,261472.0,261138.0,260468.0,258454.0,258111.0,257149.0,254735.0,254275.0,251795.0
261024.0,263260.0,267226.0,271605.0,274299.0,276516.0,280473.0,282289.0,284487.0,283220.0,282109.0,278546.0,276497.0,274423.0,270039.0,266263.0
239447.0,241767.0,244346.0,249136.0,253069.0,255286.0,259025.0,259083.0,260263.0,261265.0,259071.0,257822.0,254061.0,252395.0,248818.0,244442.0
240225.0,242590.0,244786.0,245540.0,246263.0,248180.0,247366.0,248473.0,248779.0,246769.0,246201.0,245379.0,242658.0,243618.0,242945.0,240776.0
250693.0,251960.0,255008.0,258824.0,261501.0,267733.0,271127.0,274100.0,275425.0,276336.0,273171.0,268894.0,264797.0,259348.0,256758.0,253285.0
245700.0,248546.0,250020.0,250598.0,254335.0,254236.0,255708.0,256399.0,257921.0,260301.0,259598.0,258072.0,257106.0,253897.0,249588.0,248091.0
246841.0,250585.0,256364.0,261222.0,263076.0,263599.0,262439.0,261339.0,260707.0,259649.0,260989.0,261699.0,259078.0,255178.0,250773.0,248466.0
250856.0,252046.0,253556.0,253963.0,254693.0,256044.0,257924.0,260321.0,261221.0,260610.0,260145.0,258387.0,258550.0,256214.0,255311.0,254947.0
230580.0,231816.0,233187.0,236005.0,236050.0,237110.0,237746.0,239672.0,241115.0,241060.0,238380.0,236434.0,234827.0,235808.0,234590.0,231794.0
235768.0,238655.0,241869.0,242667.0,243807.0,243135.0,247257.0,250627.0,248780.0,247733.0,247106.0,245123.0,245597.0,243407.0,241239.0,240042.0
241244.0,243017.0,243313.0,244689.0,244838.0,244393.0,244701.0,243949.0,242194.0,242882.0,242017.0,241552.0,242660.0,241432.0,241693.0,240460.0
246902.0,248798.0,252665.0,255646.0,258315.0,258377.0,256306.0,253158.0,251072.0,252829.0,254063.0,255467.0,256781.0,254793.0,251794.0,248718.0
245226.0,246550.0,248129.0,248206.0,249245.0,249888.0,250275.0,250840.0,249389.0,248777.0,248853.0,249472.0,248405.0,247361.0,246434.0,246110.0
251936.0,252886.0,256889.0,257593.0,260810.0,263979.0,265287.0,266174.0,265657.0,264704.0,263697.0,259775.0,257120.0,255244.0,252900.0,252045.0
233126.0,235593.0,236143.0,237598.0,238964.0,239091.0,241452.0,239963.0,239024.0,239401.0,239283.0,238443.0,238369.0,235675.0,234189.0,234902.0
244722.0,245812.0,246566.0,248479.0,251791.0,253803.0,256228.0,257015.0,258724.0,257450.0,256037.0,253572.0,251812.0,249284.0,246262.0,244687.0
240925.0,241287.0,244814.0,249725.0,256845.0,262791.0,266970.0,269490.0,272708.0,273131.0,273309.0,269959.0,264350.0,256734.0,250157.0,244459.0
245630.0,245935.0,246006.0,245944.0,247029.0,247003.0,246453.0,247151.0,245821.0,246393.0,247062.0,245491.0,246921.0,246188.0,246116.0,247901.0
247951.0,248107.0,248945.0,248797.0,249339.0,248933.0,249285.0,249706.0,249769.0,249696.0,250967.0,251366.0,249889.0,250596.0,249487.0,247811.0
241918.0,243870.0,248177.0,251747.0,252851.0,258734.0,262554.0,260286.0,260385.0,259803.0,257617.0,252119.0,249382.0,245632.0,243988.0,241957.0
257978.0,260244.0,261676.0,262430.0,262831.0,262341.0,263468.0,264868.0,264108.0,264227.0,264615.0,263547.0,262630.0,261745.0,261482.0,261178.0
249616.0,250031.0,254410.0,253303.0,252139.0,252234.0,250881.0,253000.0,252367.0,253251.0,251400.0,252607.0,251570.0,252881.0,254103.0,251783.0
253066.0,254687.0,255724.0,256186.0,256890.0,256181.0,258767.0,257263.0,253134.0,252267.0,256757.0,256961.0,256186.0,256687.0,258820.0,256280.0
240608.0,244430.0,244697.0,246946.0,249302.0,252737.0,254419.0,256308.0,256194.0,256578.0,254461.0,251714.0,248500.0,246461.0,244753.0,242616.0
246968.0,247556.0,248636.0,249041.0,248320.0,250243.0,249643.0,250738.0,249695.0,251632.0,250894.0,250470.0,249225.0,249593.0,247667.0,248439.0
236605.0,239059.0,241997.0,242504.0,245022.0,249159.0,251242.0,251986.0,249722.0,250691.0,249045.0,244939.0,242310.0,240853.0,239469.0,237863.0
269316.0,272087.0,272836.0,272988.0,274750.0,272848.0,274224.0,272689.0,273127.0,273691.0,273780.0,275301.0,273170.0,273061.0,271927.0,271021.0
238223.0,239991.0,243324.0,245315.0,245206.0,246994.0,249796.0,249910.0,246071.0,245999.0,247168.0,245155.0,243172.0,242444.0,244424.0,242744.0
263130.0,265107.0,266917.0,265006.0,264983.0,264739.0,264850.0,264463.0,266397.0,268036.0,263466.0,265417.0,264302.0,265774.0,265213.0,266488.0
254667.0,256088.0,257291.0,254423.0,255569.0,255381.0,255072.0,256930.0,256001.0,255440.0,255446.0,255500.0,256725.0,257273.0,255781.0,257009.0
266795.0,270672.0,272760.0,275111.0,276454.0,277973.0,281278.0,282354.0,280621.0,279449.0,277162.0,273877.0,272514.0,270024.0,270316.0,268336.0
245980.0,246206.0,249731.0,251772.0,257602.0,263892.0,269164.0,272195.0,275690.0,274148.0,273424.0,269135.0,264489.0,257546.0,254184.0,248906.0
235051.0,237029.0,238348.0,238630.0,240375.0,239791.0,239573.0,241234.0,242472.0,240652.0,239565.0,238799.0,237718.0,236764.0,238130.0,236869.0
234174.0,236461.0,236092.0,237371.0,237003.0,237896.0,239169.0,237524.0,237622.0,236389.0,238968.0,237797.0,238205.0,237463.0,237191.0,235631.0
253588.0,255195.0,256077.0,258583.0,258919.0,262403.0,264153.0,266859.0,264513.0,266592.0,264122.0,263860.0,259498.0,258569.0,255914.0,256627.0
